======================
   8      32 sdc 333699 2509 94556866 2717792 2223900 61015448 1133486712 628318340 0 4374536 631188380
======================
   8      32 sdc 333699 2509 94556866 2717792 2223900 61015448 1133486712 628318340 0 4374536 631188380
======================
   8      32 sdc 333701 2509 94556882 2717800 2223900 61015448 1133486712 628318340 0 4374544 631188388
======================
   8      32 sdc 333701 2509 94556882 2717800 2223900 61015448 1133486712 628318340 0 4374544 631188388
======================
   8      32 sdc 333702 2509 94556890 2717808 2225804 61015448 1134461560 628337824 134 4374936 631227884
======================
   8      32 sdc 333702 2509 94556890 2717808 2226173 61015448 1134650488 628464072 149 4375940 631371972
======================
   8      32 sdc 333702 2509 94556890 2717808 2226448 61015448 1134791288 628606980 130 4376944 631514400
======================
   8      32 sdc 333702 2509 94556890 2717808 2227140 61015468 1135144744 628771936 144 4377944 631657364
======================
   8      32 sdc 333702 2509 94556890 2717808 2227167 61015468 1135158568 628778188 149 4378948 631806728
======================
   8      32 sdc 333702 2509 94556890 2717808 2227856 61015468 1135510832 629017032 133 4379952 631948092
======================
   8      32 sdc 333702 2509 94556890 2717808 2229040 61015474 1136113056 629207420 133 4380956 632090876
======================
   8      32 sdc 333702 2509 94556890 2717808 2229663 61015474 1136432032 629355996 150 4381960 632236912
======================
   8      32 sdc 333702 2509 94556890 2717808 2230035 61015489 1136622112 629500652 149 4382964 632377028
======================
   8      32 sdc 333702 2509 94556890 2717808 2230621 61015489 1136921640 629603888 140 4383968 632524940
======================
   8      32 sdc 333703 2509 94556898 2717892 2231637 61015495 1137440368 629780240 153 4384972 632663268
======================
   8      32 sdc 333703 2509 94556898 2717892 2231960 61015495 1137605744 629878684 150 4385972 632805156
======================
   8      32 sdc 333703 2509 94556898 2717892 2231960 61015495 1137605744 629878684 150 4386976 632955756
======================
   8      32 sdc 333703 2509 94556898 2717892 2233102 61015510 1138190064 630222976 134 4387980 633097752
======================
   8      32 sdc 333703 2509 94556898 2717892 2234216 61015510 1138759928 630357764 141 4388980 633240544
======================
   8      32 sdc 333703 2509 94556898 2717892 2234914 61015513 1139114808 630497936 147 4389984 633383860
======================
   8      32 sdc 333703 2509 94556898 2717892 2235555 61015513 1139443000 630641168 146 4390984 633527124
======================
   8      32 sdc 333703 2509 94556898 2717892 2236226 61015513 1139786552 630785016 147 4391988 633670752
======================
   8      32 sdc 333703 2509 94556898 2717892 2236877 61015528 1140119864 630924136 135 4392992 633814188
======================
   8      32 sdc 333703 2509 94556898 2717892 2237518 61015528 1140447168 631063132 134 4393992 633950556
======================
   8      32 sdc 333703 2509 94556898 2717892 2238094 61015528 1140742080 631197680 134 4394996 634093976
======================
   8      32 sdc 333703 2509 94556898 2717892 2238776 61015528 1141091264 631346316 156 4396000 634233452
======================
   8      32 sdc 333704 2509 94556906 2717952 2239472 61015528 1141447616 631490952 158 4397008 634376488
======================
   8      32 sdc 333704 2509 94556906 2717952 2240149 61015553 1141793784 631634508 114 4398012 634519480
======================
   8      32 sdc 333704 2509 94556906 2717952 2240773 61015553 1142112920 631776168 149 4399016 634662952
======================
   8      32 sdc 333704 2509 94556906 2717952 2241408 61015553 1142437536 631920956 155 4400020 634806440
======================
   8      32 sdc 333704 2509 94556906 2717952 2241987 61015553 1142733984 632046388 152 4401020 634950284
======================
   8      32 sdc 333704 2509 94556906 2717952 2242658 61015553 1143077536 632200348 153 4402024 635095376
======================
   8      32 sdc 333704 2509 94556906 2717952 2243356 61015567 1143434912 632353380 125 4403028 635238828
======================
   8      32 sdc 333704 2509 94556906 2717952 2244012 61015572 1143766904 632488128 145 4404028 635377164
======================
   8      32 sdc 333704 2509 94556906 2717952 2244670 61015572 1144103800 632633316 159 4405032 635520812
======================
   8      32 sdc 333704 2509 94556906 2717952 2245315 61015572 1144434040 632781948 154 4406036 635666192
======================
   8      32 sdc 333704 2509 94556906 2717952 2245959 61015572 1144763768 632923044 150 4407036 635809148
======================
   8      32 sdc 333704 2509 94556906 2717952 2246602 61015590 1145092984 633066768 120 4408040 635952448
======================
   8      32 sdc 333705 2509 94556914 2718032 2247250 61015604 1145421488 633208640 142 4409040 636093868
======================
   8      32 sdc 333705 2509 94556914 2718032 2247908 61015604 1145758384 633351320 156 4410044 636237456
======================
   8      32 sdc 333705 2509 94556914 2718032 2248444 61015604 1146032816 633471360 132 4411052 636379928
======================
   8      32 sdc 333705 2509 94556914 2718032 2249212 61015604 1146426032 633631124 137 4412056 636517132
======================
   8      32 sdc 333705 2509 94556914 2718032 2249847 61015622 1146751152 633775136 97 4413068 636660240
======================
   8      32 sdc 333705 2509 94556914 2718032 2250474 61015622 1147071312 633911676 128 4414072 636798080
======================
   8      32 sdc 333705 2509 94556914 2718032 2251137 61015622 1147410768 634057088 137 4415080 636942664
======================
   8      32 sdc 333705 2509 94556914 2718032 2251758 61015622 1147728720 634202832 156 4416088 637084748
======================
   8      32 sdc 333705 2509 94556914 2718032 2252483 61015622 1148099920 634343164 135 4417096 637228860
======================
   8      32 sdc 333705 2509 94556914 2718032 2253048 61015622 1148389200 634464160 146 4418100 637373076
======================
   8      32 sdc 333705 2509 94556914 2718032 2253773 61015656 1148756144 634630208 155 4419100 637516568
======================
   8      32 sdc 333706 2509 94556922 2718176 2254400 61015656 1149077168 634769552 150 4420104 637655236
======================
   8      32 sdc 333706 2509 94556922 2718176 2255077 61015656 1149423792 634913088 145 4421108 637798816
======================
   8      32 sdc 333706 2509 94556922 2718176 2255726 61015656 1149756080 635055708 136 4422112 637942420
======================
   8      32 sdc 333706 2509 94556922 2718176 2256305 61015656 1150052528 635185256 133 4423116 638084980
======================
   8      32 sdc 333706 2509 94556922 2718176 2257018 61015675 1150416728 635336796 142 4424116 638222832
======================
   8      32 sdc 333706 2509 94556922 2718176 2257661 61015675 1150745944 635480076 139 4425120 638366584
======================
   8      32 sdc 333706 2509 94556922 2718176 2258303 61015675 1151074648 635623896 137 4426124 638510360
======================
   8      32 sdc 333706 2509 94556922 2718176 2258945 61015675 1151403352 635767532 135 4427128 638654004
======================
   8      32 sdc 333706 2509 94556922 2718176 2259594 61015675 1151735640 635911388 158 4428128 638796752
======================
   8      32 sdc 333706 2509 94556922 2718176 2260235 61015698 1152060488 636048868 157 4429132 638938280
======================
   8      32 sdc 333706 2509 94556922 2718176 2260898 61015698 1152400456 636197384 134 4430136 639080980
======================
   8      32 sdc 333706 2509 94556922 2718176 2261557 61015698 1152737352 636337584 147 4431136 639223800
======================
   8      32 sdc 333707 2509 94556930 2718400 2262181 61015698 1153056840 636457984 136 4432140 639348068
======================
   8      32 sdc 333707 2509 94556930 2718400 2262871 61015698 1153410120 636604400 150 4433144 639490812
======================
   8      32 sdc 333707 2509 94556930 2718400 2263374 61015716 1153667296 636720112 145 4434176 639638748
======================
   8      32 sdc 333707 2509 94556930 2718400 2264148 61015728 1154063080 636892456 140 4435180 639783000
======================
   8      32 sdc 333707 2509 94556930 2718400 2264814 61015728 1154400640 637036032 146 4436184 639926812
======================
   8      32 sdc 333707 2509 94556930 2718400 2265448 61015728 1154725248 637170552 152 4437188 640070620
======================
   8      32 sdc 333707 2509 94556930 2718400 2266055 61015728 1155036032 637311820 153 4438188 640215088
======================
   8      32 sdc 333707 2509 94556930 2718400 2266684 61015744 1155357704 637458636 138 4439192 640354648
======================
   8      32 sdc 333707 2509 94556930 2718400 2267410 61015744 1155729416 637607588 148 4440196 640498324
======================
   8      32 sdc 333707 2509 94556930 2718400 2268069 61015744 1156066320 637750644 130 4441196 640641736
======================
   8      32 sdc 333707 2509 94556930 2718400 2268700 61015744 1156389392 637892708 139 4442200 640785652
======================
   8      32 sdc 333707 2509 94556930 2718400 2269365 61015744 1156729872 638035572 146 4443204 640928796
======================
   8      32 sdc 333708 2509 94556938 2718588 2270007 61015767 1157055736 638167236 147 4444208 641057476
======================
   8      32 sdc 333708 2509 94556938 2718588 2270650 61015767 1157384448 638309056 145 4445208 641200376
======================
   8      32 sdc 333708 2509 94556938 2718588 2271209 61015767 1157670656 638433808 130 4446212 641341940
======================
   8      32 sdc 333708 2509 94556938 2718588 2271870 61015767 1158009088 638576932 141 4447216 641482504
======================
   8      32 sdc 333708 2509 94556938 2718588 2272573 61015767 1158369024 638734264 142 4448216 641625012
======================
   8      32 sdc 333708 2509 94556938 2718588 2273224 61015783 1158701960 638875488 133 4449220 641766940
======================
   8      32 sdc 333708 2509 94556938 2718588 2273876 61015795 1159030840 639017428 157 4450224 641908820
======================
   8      32 sdc 333708 2509 94556938 2718588 2274544 61015795 1159372856 639161608 129 4451224 642051944
======================
   8      32 sdc 333708 2509 94556938 2718588 2275215 61015795 1159716408 639304284 130 4452228 642195552
======================
   8      32 sdc 333708 2509 94556938 2718588 2275839 61015795 1160035896 639449800 146 4453232 642341264
======================
   8      32 sdc 333708 2509 94556938 2718588 2276349 61015815 1160296672 639565848 142 4454236 642477400
======================
   8      32 sdc 333708 2509 94556938 2718588 2277152 61015815 1160707304 639729144 140 4455236 642619792
======================
   8      32 sdc 333709 2509 94556946 2718652 2277806 61015815 1161042152 639871724 140 4456240 642762484
======================
   8      32 sdc 333709 2509 94556946 2718652 2278481 61015815 1161387752 640015152 137 4457244 642906004
======================
   8      32 sdc 333709 2509 94556946 2718652 2279113 61015815 1161711336 640157672 145 4458248 643050028
======================
   8      32 sdc 333709 2509 94556946 2718652 2279741 61015840 1162030552 640300176 152 4459248 643191868
======================
   8      32 sdc 333709 2509 94556946 2718652 2280369 61015840 1162352088 640440776 132 4460252 643339340
======================
   8      32 sdc 333709 2509 94556946 2718652 2281041 61015840 1162695648 640591736 133 4461256 643483276
======================
   8      32 sdc 333709 2509 94556946 2718652 2281688 61015840 1163026912 640732860 158 4462260 643626792
======================
   8      32 sdc 333709 2509 94556946 2718652 2282352 61015840 1163366880 640878980 134 4463264 643770196
======================
   8      32 sdc 333709 2509 94556946 2718652 2283008 61015856 1163701872 641015728 157 4464264 643906792
======================
   8      32 sdc 333709 2509 94556946 2718652 2283636 61015871 1164021008 641154516 137 4465268 644049956
======================
   8      32 sdc 333709 2509 94556946 2718652 2284296 61015871 1164358928 641299292 143 4466272 644190564
======================
   8      32 sdc 333709 2509 94556946 2718652 2284917 61015871 1164676880 641442760 136 4467276 644336784
======================
   8      32 sdc 333710 2509 94556954 2718736 2285524 61015871 1164987664 641576124 145 4468280 644479000
======================
   8      32 sdc 333710 2509 94556954 2718736 2286230 61015892 1165348296 641728124 155 4469280 644619372
======================
   8      32 sdc 333710 2509 94556954 2718736 2286872 61015892 1165677000 641871432 157 4470284 644763000
======================
   8      32 sdc 333710 2509 94556954 2718736 2287523 61015892 1166010312 642015528 146 4471284 644906204
======================
   8      32 sdc 333710 2509 94556954 2718736 2288175 61015892 1166344136 642155788 134 4472288 645049692
======================
   8      32 sdc 333710 2509 94556954 2718736 2288799 61015892 1166663624 642300548 150 4473292 645193244
======================
   8      32 sdc 333710 2509 94556954 2718736 2289448 61015907 1166995528 642435924 134 4474296 645326372
======================
   8      32 sdc 333710 2509 94556954 2718736 2290134 61015921 1167341832 642571196 143 4475296 645461748
======================
   8      32 sdc 333710 2509 94556954 2718736 2290804 61015921 1167684872 642714412 145 4476300 645605288
======================
   8      32 sdc 333710 2509 94556954 2718736 2291472 61015921 1168026888 642856868 149 4477308 645749488
======================
   8      32 sdc 333710 2509 94556954 2718736 2292096 61015921 1168346376 643000100 133 4478320 645894176
======================
   8      32 sdc 333711 2509 94556962 2718784 2292684 61015936 1168647048 643123420 137 4479320 646021368
======================
   8      32 sdc 333711 2509 94556962 2718784 2293389 61015936 1169007504 643271920 137 4480324 646164580
======================
   8      32 sdc 333711 2509 94556962 2718784 2293984 61015936 1169312144 643400648 150 4481328 646308908
======================
   8      32 sdc 333711 2509 94556962 2718784 2294639 61015936 1169647504 643551532 135 4482332 646452708
======================
   8      32 sdc 333711 2509 94556962 2718784 2295326 61015936 1169999248 643701292 152 4483332 646595840
======================
   8      32 sdc 333711 2509 94556962 2718784 2295977 61015961 1170331248 643844180 157 4484336 646737672
======================
   8      32 sdc 333711 2509 94556962 2718784 2296618 61015961 1170659440 643987848 156 4485340 646881280
======================
   8      32 sdc 333711 2509 94556962 2718784 2297261 61015961 1170988152 644131460 154 4486340 647024348
======================
   8      32 sdc 333711 2509 94556962 2718784 2297905 61015961 1171317880 644275096 150 4487344 647167880
======================
   8      32 sdc 333711 2509 94556962 2718784 2298549 61015961 1171647608 644414960 146 4488348 647309616
======================
   8      32 sdc 333711 2509 94556962 2718784 2299200 61015979 1171980560 644554376 158 4489348 647444612
======================
   8      32 sdc 333711 2509 94556962 2718784 2299863 61015979 1172319512 644694912 136 4490352 647588208
======================
   8      32 sdc 333712 2509 94556970 2718860 2300508 61015995 1172645848 644837616 136 4491356 647730316
======================
   8      32 sdc 333712 2509 94556970 2718860 2301184 61015995 1172991960 644981104 132 4492360 647873772
======================
   8      32 sdc 333712 2509 94556970 2718860 2301818 61015995 1173316568 645123272 138 4493360 648017156
======================
   8      32 sdc 333712 2509 94556970 2718860 2302442 61016014 1173635704 645264884 139 4494364 648159008
======================
   8      32 sdc 333712 2509 94556970 2718860 2303102 61016014 1173973624 645411128 151 4495368 648304436
======================
   8      32 sdc 333712 2509 94556970 2718860 2303779 61016014 1174319744 645555104 147 4496372 648448276
======================
   8      32 sdc 333712 2509 94556970 2718860 2304432 61016014 1174654080 645697656 134 4497372 648591528
======================
   8      32 sdc 333712 2509 94556970 2718860 2305055 61016014 1174973056 645841164 151 4498376 648735368
======================
   8      32 sdc 333712 2509 94556970 2718860 2305704 61016030 1175304968 645978384 152 4499376 648870832
======================
   8      32 sdc 333712 2509 94556970 2718860 2306385 61016036 1175650664 646124384 144 4500380 649015988
======================
   8      32 sdc 333712 2509 94556970 2718860 2307035 61016036 1175983464 646266136 134 4501384 649159784
======================
   8      32 sdc 333712 2509 94556970 2718860 2307676 61016036 1176311656 646409588 133 4502388 649303368
======================
   8      32 sdc 333713 2509 94556978 2718964 2308313 61016036 1176637800 646550732 153 4503388 649443468
======================
   8      32 sdc 333713 2509 94556978 2718964 2308974 61016051 1176975848 646692448 152 4504392 649585940
======================
   8      32 sdc 333713 2509 94556978 2718964 2309617 61016062 1177304560 646835984 130 4505396 649729424
======================
   8      32 sdc 333713 2509 94556978 2718964 2310262 61016062 1177632872 646974984 148 4506400 649868824
======================
   8      32 sdc 333713 2509 94556978 2718964 2310895 61016062 1177956968 647119292 155 4507400 650012020
======================
   8      32 sdc 333713 2509 94556978 2718964 2311560 61016062 1178297448 647262732 130 4508404 650155540
======================
   8      32 sdc 333713 2509 94556978 2718964 2312212 61016082 1178630928 647396636 156 4509408 650290028
======================
   8      32 sdc 333713 2509 94556978 2718964 2312823 61016082 1178943760 647533068 153 4510412 650433764
======================
   8      32 sdc 333713 2509 94556978 2718964 2313523 61016082 1179301656 647685112 154 4511416 650578424
======================
   8      32 sdc 333713 2509 94556978 2718964 2314190 61016082 1179643160 647828068 131 4512416 650721376
======================
   8      32 sdc 333713 2509 94556978 2718964 2314814 61016082 1179962648 647971048 147 4513420 650865104
======================
   8      32 sdc 333713 2509 94556978 2718964 2315449 61016099 1180287400 648114164 157 4514424 651006704
======================
   8      32 sdc 333714 2509 94556986 2719092 2316109 61016115 1180621928 648241756 141 4515428 651135040
======================
   8      32 sdc 333714 2509 94556986 2719092 2316779 61016115 1180964456 648385732 143 4516432 651276620
======================
   8      32 sdc 333714 2509 94556986 2719092 2317444 61016115 1181304936 648526040 150 4517436 651422920
======================
   8      32 sdc 333714 2509 94556986 2719092 2318094 61016115 1181637736 648671972 140 4518440 651566716
======================
   8      32 sdc 333714 2509 94556986 2719092 2318728 61016137 1181961512 648814496 141 4519444 651709052
======================
   8      32 sdc 333714 2509 94556986 2719092 2319403 61016137 1182307112 648958580 138 4520444 651852152
======================
   8      32 sdc 333714 2509 94556986 2719092 2320045 61016137 1182635816 649099616 136 4521448 651995752
======================
   8      32 sdc 333714 2509 94556986 2719092 2320692 61016137 1182967080 649244412 129 4522452 652139336
======================
   8      32 sdc 333714 2509 94556986 2719092 2321357 61016137 1183307560 649377548 136 4523456 652275476
======================
   8      32 sdc 333714 2509 94556986 2719092 2322017 61016160 1183641640 649517284 147 4524460 652411696
======================
   8      32 sdc 333714 2509 94556986 2719092 2322659 61016160 1183970344 649660656 145 4525460 652554768
======================
   8      32 sdc 333714 2509 94556986 2719092 2323301 61016160 1184299048 649804080 143 4526464 652698292
======================
   8      32 sdc 333715 2509 94556994 2719176 2323805 61016160 1184557096 649921544 152 4527468 652842168
======================
   8      32 sdc 333715 2509 94556994 2719176 2324506 61016160 1184916008 650080060 133 4528472 652987848
======================
   8      32 sdc 333715 2509 94556994 2719176 2325240 61016176 1185291440 650234672 154 4529472 653128244
======================
   8      32 sdc 333715 2509 94556994 2719176 2325882 61016189 1185619640 650377660 148 4530476 653271824
======================
   8      32 sdc 333715 2509 94556994 2719176 2326536 61016189 1185952576 650520028 141 4531480 653413556
======================
   8      32 sdc 333715 2509 94556994 2719176 2327196 61016189 1186290496 650662216 153 4532484 653556848
======================
   8      32 sdc 333715 2509 94556994 2719176 2327820 61016189 1186609984 650805256 137 4533488 653700236
======================
   8      32 sdc 333715 2509 94556994 2719176 2328451 61016210 1186932720 650942988 151 4534488 653837732
======================
   8      32 sdc 333715 2509 94556994 2719176 2329144 61016210 1187287032 651087876 131 4535492 653981312
======================
   8      32 sdc 333715 2509 94556994 2719176 2329683 61016210 1187563000 651202300 136 4536496 654123592
======================
   8      32 sdc 333715 2509 94556994 2719176 2330489 61016210 1187975672 651371348 130 4537496 654265504
======================
   8      32 sdc 333715 2509 94556994 2719176 2331044 61016210 1188259832 651501376 151 4538500 654409308
======================
   8      32 sdc 333716 2509 94557002 2719392 2331728 61016228 1188609680 651638572 133 4539504 654532468
======================
   8      32 sdc 333716 2509 94557002 2719392 2332407 61016243 1188952912 651781576 143 4540504 654675092
======================
   8      32 sdc 333716 2509 94557002 2719392 2333065 61016243 1189289808 651924420 157 4541508 654818504
======================
   8      32 sdc 333716 2509 94557002 2719392 2333706 61016243 1189618000 652067492 156 4542512 654962160
======================
   8      32 sdc 333716 2509 94557002 2719392 2334359 61016243 1189952336 652218360 143 4543520 655112284
======================
   8      32 sdc 333716 2509 94557002 2719392 2335002 61016264 1190281216 652360636 141 4544532 655255308
======================
   8      32 sdc 333716 2509 94557002 2719392 2335649 61016264 1190611976 652505256 135 4545540 655399592
======================
   8      32 sdc 333716 2509 94557002 2719392 2336294 61016264 1190942216 652649668 130 4546548 655543724
======================
   8      32 sdc 333716 2509 94557002 2719392 2336933 61016264 1191269384 652793324 132 4547552 655687276
======================
   8      32 sdc 333716 2509 94557002 2719392 2337597 61016264 1191609352 652936736 139 4548556 655830904
======================
   8      32 sdc 333716 2509 94557002 2719392 2338254 61016282 1191945376 653072540 138 4549556 655966084
======================
   8      32 sdc 333717 2509 94557010 2719452 2338880 61016288 1192262912 653212212 147 4550560 656109300
======================
   8      32 sdc 333717 2509 94557010 2719452 2339539 61016288 1192600320 653360620 128 4551564 656254068
======================
   8      32 sdc 333717 2509 94557010 2719452 2340215 61016288 1192946432 653503992 156 4552568 656397672
======================
   8      32 sdc 333717 2509 94557010 2719452 2340825 61016288 1193258752 653638704 154 4553568 656539972
======================
   8      32 sdc 333717 2509 94557010 2719452 2341412 61016303 1193558912 653774040 129 4554572 656681416
======================
   8      32 sdc 333717 2509 94557010 2719452 2342135 61016303 1193928584 653930252 143 4555576 656824984
======================
   8      32 sdc 333717 2509 94557010 2719452 2342770 61016312 1194251760 654067740 154 4556580 656965160
======================
   8      32 sdc 333717 2509 94557010 2719452 2343461 61016312 1194605552 654213492 135 4557584 657108772
======================
   8      32 sdc 333717 2509 94557010 2719452 2344085 61016312 1194925040 654357124 151 4558584 657252008
======================
   8      32 sdc 333717 2509 94557010 2719452 2344736 61016336 1195258040 654494092 146 4559588 657387996
======================
   8      32 sdc 333717 2509 94557010 2719452 2345412 61016336 1195604152 654637584 142 4560592 657531500
======================
   8      32 sdc 333717 2509 94557010 2719452 2346061 61016336 1195935936 654780436 134 4561592 657674632
======================
   8      32 sdc 333718 2509 94557018 2719536 2346680 61016336 1196252864 654923448 153 4562596 657817892
======================
   8      32 sdc 333718 2509 94557018 2719536 2347265 61016336 1196552384 655049972 144 4563600 657961520
======================
   8      32 sdc 333718 2509 94557018 2719536 2347942 61016355 1196898656 655195256 142 4564600 658103516
======================
   8      32 sdc 333718 2509 94557018 2719536 2348657 61016371 1197259320 655350912 132 4565604 658243252
======================
   8      32 sdc 333718 2509 94557018 2719536 2349269 61016371 1197572664 655489232 128 4566608 658386236
======================
   8      32 sdc 333718 2509 94557018 2719536 2349926 61016371 1197909048 655627336 141 4567608 658520568
======================
   8      32 sdc 333718 2509 94557018 2719536 2350597 61016371 1198252600 655770252 142 4568612 658664032
======================
   8      32 sdc 333718 2509 94557018 2719536 2351170 61016391 1198545632 655894372 150 4569616 658799420
======================
   8      32 sdc 333718 2509 94557018 2719536 2351890 61016391 1198914272 656048504 134 4570620 658943056
======================
   8      32 sdc 333718 2509 94557018 2719536 2352526 61016391 1199239400 656184716 139 4571620 659085224
======================
   8      32 sdc 333718 2509 94557018 2719536 2353229 61016391 1199599336 656333716 140 4572624 659228572
======================
   8      32 sdc 333718 2509 94557018 2719536 2353847 61016391 1199915752 656475908 130 4573628 659372108
======================
   8      32 sdc 333718 2509 94557018 2719536 2354185 61016391 1200088808 656558992 97 4574628 659492184
======================
   8      32 sdc 333719 2509 94557026 2720988 2354478 61016411 1200237976 656709884 136 4575636 659592148
======================
   8      32 sdc 333719 2509 94557026 2720988 2355806 61016429 1200914528 656837532 152 4576640 659735452
======================
   8      32 sdc 333719 2509 94557026 2720988 2356485 61016429 1201262176 656981372 145 4577640 659878552
======================
   8      32 sdc 333719 2509 94557026 2720988 2357108 61016429 1201581152 657124712 130 4578648 660022348
======================
   8      32 sdc 333719 2509 94557026 2720988 2357776 61016429 1201923168 657271264 134 4579652 660165684
======================
   8      32 sdc 333719 2509 94557026 2720988 2358448 61016449 1202267232 657412956 131 4580656 660309168
======================
   8      32 sdc 333719 2509 94557026 2720988 2359087 61016449 1202593552 657554268 156 4581660 660451812
======================
   8      32 sdc 333719 2509 94557026 2720988 2359719 61016449 1202917136 657702156 132 4582664 660601072
======================
   8      32 sdc 333719 2509 94557026 2720988 2360340 61016449 1203235088 657835384 151 4583668 660745060
======================
   8      32 sdc 333719 2509 94557026 2720988 2361049 61016449 1203598096 657992172 146 4584672 660888604
======================
   8      32 sdc 333719 2509 94557026 2720988 2361691 61016472 1203926800 658135384 138 4585676 661031704
======================
   8      32 sdc 333720 2509 94557034 2721040 2362239 61016472 1204206552 658255792 135 4586680 661167984
======================
   8      32 sdc 333720 2509 94557034 2721040 2362911 61016472 1204550616 658407172 135 4587684 661310456
======================
   8      32 sdc 333720 2509 94557034 2721040 2363627 61016489 1204913312 658558052 147 4588688 661453792
======================
   8      32 sdc 333720 2509 94557034 2721040 2364288 61016489 1205251744 658701176 158 4589692 661597448
======================
   8      32 sdc 333720 2509 94557034 2721040 2364918 61016503 1205574304 658844900 121 4590696 661740472
======================
   8      32 sdc 333720 2509 94557034 2721040 2365595 61016503 1205920032 658986848 150 4591696 661882276
======================
   8      32 sdc 333720 2509 94557034 2721040 2366248 61016503 1206254368 659126792 137 4592704 662026492
======================
   8      32 sdc 333720 2509 94557034 2721040 2366874 61016503 1206574880 659271932 149 4593708 662168484
======================
   8      32 sdc 333720 2509 94557034 2721040 2367529 61016503 1206910240 659416332 134 4594712 662312440
======================
   8      32 sdc 333720 2509 94557034 2721040 2368204 61016524 1207255840 659559192 101 4595716 662454180
======================
   8      32 sdc 333720 2509 94557034 2721040 2368884 61016525 1207602160 659694492 153 4596716 662590060
======================
   8      32 sdc 333720 2509 94557034 2721040 2369543 61016525 1207939064 659836504 135 4597720 662734092
======================
   8      32 sdc 333721 2509 94557042 2721120 2370146 61016525 1208247800 659978108 139 4598724 662875976
======================
   8      32 sdc 333721 2509 94557042 2721120 2370786 61016525 1208575480 660121164 139 4599724 663017112
======================
   8      32 sdc 333721 2509 94557042 2721120 2371404 61016530 1208888912 660250880 129 4600728 663159260
======================
   8      32 sdc 333721 2509 94557042 2721120 2372125 61016548 1209257200 660400252 134 4601732 663297128
======================
   8      32 sdc 333721 2509 94557042 2721120 2372763 61016548 1209583856 660544164 136 4602732 663440344
======================
   8      32 sdc 333721 2509 94557042 2721120 2373427 61016548 1209923824 660685776 144 4603736 663583868
======================
   8      32 sdc 333721 2509 94557042 2721120 2374074 61016548 1210255088 660827992 137 4604740 663727120
======================
   8      32 sdc 333721 2509 94557042 2721120 2374718 61016548 1210584816 660974292 133 4605748 663871312
======================
   8      32 sdc 333721 2509 94557042 2721120 2375353 61016573 1210908120 661113160 148 4606756 664007552
======================
   8      32 sdc 333721 2509 94557042 2721120 2375942 61016573 1211209184 661241264 136 4607760 664151652
======================
   8      32 sdc 333721 2509 94557042 2721120 2376675 61016573 1211584480 661398516 139 4608764 664294828
======================
   8      32 sdc 333722 2509 94557050 2721220 2377302 61016573 1211905504 661536748 133 4609768 664434400
======================
   8      32 sdc 333722 2509 94557050 2721220 2377944 61016573 1212234208 661680980 131 4610772 664578084
======================
   8      32 sdc 333722 2509 94557050 2721220 2378609 61016592 1212573832 661823464 153 4611776 664719328
======================
   8      32 sdc 333722 2509 94557050 2721220 2379236 61016592 1212894856 661953896 134 4612776 664861656
======================
   8      32 sdc 333722 2509 94557050 2721220 2379904 61016606 1213233456 662101044 135 4613780 665001328
======================
   8      32 sdc 333722 2509 94557050 2721220 2380572 61016606 1213575472 662246476 139 4614780 665144296
======================
   8      32 sdc 333722 2509 94557050 2721220 2381250 61016606 1213922608 662392000 133 4615788 665288300
======================
   8      32 sdc 333722 2509 94557050 2721220 2381929 61016624 1214269392 662529112 131 4616792 665425084
======================
   8      32 sdc 333722 2509 94557050 2721220 2382499 61016624 1214561232 662652816 137 4617796 665567676
======================
   8      32 sdc 333722 2509 94557050 2721220 2383207 61016624 1214923728 662812076 133 4618808 665710024
======================
   8      32 sdc 333722 2509 94557050 2721220 2383860 61016624 1215258064 662957120 152 4619812 665853600
======================
   8      32 sdc 333722 2509 94557050 2721220 2384531 61016624 1215601616 663100812 153 4620816 665997136
======================
   8      32 sdc 333723 2509 94557058 2721348 2385155 61016646 1215920272 663237200 153 4621820 666134332
======================
   8      32 sdc 333723 2509 94557058 2721348 2385808 61016662 1216250200 663380496 140 4622820 666277240
======================
   8      32 sdc 333723 2509 94557058 2721348 2386472 61016662 1216590168 663526892 148 4623824 666422776
======================
   8      32 sdc 333723 2509 94557058 2721348 2387128 61016662 1216926040 663668840 132 4624828 666566192
======================
   8      32 sdc 333723 2509 94557058 2721348 2387753 61016662 1217246040 663812164 147 4625828 666709440
======================
   8      32 sdc 333723 2509 94557058 2721348 2388390 61016677 1217571800 663954300 135 4626832 666852276
======================
   8      32 sdc 333723 2509 94557058 2721348 2389043 61016677 1217905632 664098760 154 4627832 666995408
======================
   8      32 sdc 333723 2509 94557058 2721348 2389677 61016677 1218230240 664235780 128 4628836 667138000
======================
   8      32 sdc 333723 2509 94557058 2721348 2390356 61016677 1218577888 664380448 146 4629840 667277632
======================
   8      32 sdc 333723 2509 94557058 2721348 2390987 61016677 1218900960 664524136 155 4630844 667421196
======================
   8      32 sdc 333723 2509 94557058 2721348 2391630 61016705 1219226872 664651500 158 4631848 667556952
======================
   8      32 sdc 333723 2509 94557058 2721348 2392334 61016705 1219587320 664805104 158 4632856 667702536
======================
   8      32 sdc 333723 2509 94557058 2721348 2392640 61016705 1219743992 664875316 130 4633864 667839896
======================
   8      32 sdc 333724 2509 94557066 2722848 2392913 61016705 1219883768 665086132 144 4635636 668070712
======================
   8      32 sdc 333724 2509 94557066 2722848 2394253 61016705 1220569848 665216672 148 4636644 668214560
======================
   8      32 sdc 333724 2509 94557066 2722848 2394929 61016728 1220915640 665360176 129 4637648 668357892
======================
   8      32 sdc 333724 2509 94557066 2722848 2395566 61016728 1221241280 665504116 133 4638648 668502668
======================
   8      32 sdc 333724 2509 94557066 2722848 2396194 61016728 1221562816 665648400 145 4639652 668646496
======================
   8      32 sdc 333724 2509 94557066 2722848 2396869 61016728 1221908416 665792164 142 4640656 668790188
======================
   8      32 sdc 333724 2509 94557066 2722848 2397526 61016733 1222244800 665935052 157 4641660 668933724
======================
   8      32 sdc 333724 2509 94557066 2722848 2398174 61016751 1222572224 666076256 152 4642664 669075224
======================
   8      32 sdc 333724 2509 94557066 2722848 2398810 61016751 1222897856 666216752 156 4643668 669219216
======================
   8      32 sdc 333724 2509 94557066 2722848 2399482 61016751 1223241920 666369384 128 4644668 669368448
======================
   8      32 sdc 333724 2509 94557066 2722848 2400078 61016751 1223547072 666500764 140 4645672 669510780
======================
   8      32 sdc 333724 2509 94557066 2722848 2400354 61016751 1223688384 666566880 43 4646676 669583628
======================
   8      32 sdc 333725 2509 94557074 2724444 2401387 61016781 1224213488 666657504 143 4647680 669644160
======================
   8      32 sdc 333725 2509 94557074 2724444 2402039 61016781 1224547312 666787764 131 4648684 669787432
======================
   8      32 sdc 333725 2509 94557074 2724444 2402698 61016781 1224884720 666931112 144 4649684 669930640
======================
   8      32 sdc 333725 2509 94557074 2724444 2403335 61016781 1225210864 667073924 147 4650688 670074248
======================
   8      32 sdc 333725 2509 94557074 2724444 2404001 61016781 1225551856 667218268 153 4651692 670217596
======================
   8      32 sdc 333725 2509 94557074 2724444 2404611 61016802 1225863840 667355892 137 4652696 670361020
======================
   8      32 sdc 333725 2509 94557074 2724444 2405267 61016802 1226199208 667503168 154 4653700 670503872
======================
   8      32 sdc 333725 2509 94557074 2724444 2405894 61016802 1226520232 667647172 135 4654700 670647020
======================
   8      32 sdc 333725 2509 94557074 2724444 2406470 61016802 1226815144 667769836 135 4655704 670789256
======================
   8      32 sdc 333725 2509 94557074 2724444 2407240 61016802 1227209384 667932152 133 4656708 670931708
======================
   8      32 sdc 333725 2509 94557074 2724444 2407921 61016828 1227555240 668075664 142 4657708 671072984
======================
   8      32 sdc 333726 2509 94557082 2724564 2408539 61016828 1227871152 668213000 132 4658712 671213760
======================
   8      32 sdc 333726 2509 94557082 2724564 2409163 61016828 1228190640 668356580 148 4659716 671357548
======================
   8      32 sdc 333726 2509 94557082 2724564 2409829 61016828 1228531632 668501328 154 4660716 671500712
======================
   8      32 sdc 333726 2509 94557082 2724564 2410500 61016828 1228875696 668640692 155 4661720 671640492
======================
   8      32 sdc 333726 2509 94557082 2724564 2411129 61016845 1229196864 668784568 139 4662720 671778736
======================
   8      32 sdc 333726 2509 94557082 2724564 2411798 61016860 1229533968 668922532 143 4663724 671922284
======================
   8      32 sdc 333726 2509 94557082 2724564 2412449 61016860 1229867280 669065192 132 4664728 672065512
======================
   8      32 sdc 333726 2509 94557082 2724564 2413090 61016860 1230195472 669208404 131 4665728 672208404
======================
   8      32 sdc 333726 2509 94557082 2724564 2413698 61016860 1230506768 669344224 131 4666732 672351248
======================
   8      32 sdc 333726 2509 94557082 2724564 2414363 61016875 1230846864 669489276 156 4667736 672488452
======================
   8      32 sdc 333726 2509 94557082 2724564 2415032 61016875 1231188888 669632132 128 4668736 672631640
======================
   8      32 sdc 333726 2509 94557082 2724564 2415697 61016875 1231529368 669775672 135 4669740 672775312
======================
   8      32 sdc 333727 2509 94557090 2724728 2416312 61016875 1231844248 669907988 146 4670744 672908792
======================
   8      32 sdc 333727 2509 94557090 2724728 2416958 61016875 1232175000 670052068 140 4671744 673051576
======================
   8      32 sdc 333727 2509 94557090 2724728 2417636 61016898 1232520808 670195452 129 4672748 673194600
======================
   8      32 sdc 333727 2509 94557090 2724728 2418291 61016898 1232856168 670337880 146 4673752 673338016
======================
   8      32 sdc 333727 2509 94557090 2724728 2418918 61016898 1233176688 670481632 128 4674752 673480856
======================
   8      32 sdc 333727 2509 94557090 2724728 2419593 61016898 1233522288 670624760 157 4675756 673624428
======================
   8      32 sdc 333727 2509 94557090 2724728 2420225 61016898 1233845872 670760392 133 4676756 673768224
======================
   8      32 sdc 333727 2509 94557090 2724728 2420946 61016917 1234214672 670911532 130 4677760 673907548
======================
   8      32 sdc 333727 2509 94557090 2724728 2421581 61016931 1234534360 671043668 138 4678764 674043876
======================
   8      32 sdc 333727 2509 94557090 2724728 2422213 61016931 1234857944 671186948 146 4679768 674187252
======================
   8      32 sdc 333727 2509 94557090 2724728 2422900 61016931 1235209688 671333640 131 4680788 674333036
======================
   8      32 sdc 333728 2509 94557098 2724960 2423533 61016931 1235533784 671467340 138 4681792 674457324
======================
   8      32 sdc 333728 2509 94557098 2724960 2424175 61016948 1235862120 671600980 137 4682796 674600456
======================
   8      32 sdc 333728 2509 94557098 2724960 2424827 61016948 1236195440 671743792 158 4683800 674744004
======================
   8      32 sdc 333728 2509 94557098 2724960 2425479 61016948 1236529264 671885040 146 4684800 674887452
======================
   8      32 sdc 333728 2509 94557098 2724960 2426104 61016948 1236849264 672029392 129 4685804 675031108
======================
   8      32 sdc 333728 2509 94557098 2724960 2426745 61016948 1237177456 672174044 128 4686816 675175716
======================
   8      32 sdc 333728 2509 94557098 2724960 2427306 61016968 1237464688 672298080 116 4687820 675315056
======================
   8      32 sdc 333728 2509 94557098 2724960 2428021 61016974 1237828960 672445616 152 4688820 675456584
======================
   8      32 sdc 333728 2509 94557098 2724960 2428714 61016974 1238183272 672598704 132 4689824 675600536
======================
   8      32 sdc 333728 2509 94557098 2724960 2429355 61016974 1238511464 672742124 131 4690824 675743636
======================
   8      32 sdc 333728 2509 94557098 2724960 2430028 61016974 1238856040 672886432 130 4691828 675886936
======================
   8      32 sdc 333728 2509 94557098 2724960 2430694 61016989 1239196648 673028468 153 4692832 676029060
======================
   8      32 sdc 333729 2509 94557106 2725092 2431298 61016989 1239505392 673163928 129 4693836 676166160
======================
   8      32 sdc 333729 2509 94557106 2725092 2431924 61017003 1239821984 673309848 143 4694840 676313372
======================
   8      32 sdc 333729 2509 94557106 2725092 2432624 61017003 1240180384 673455696 147 4695844 676456924
======================
   8      32 sdc 333729 2509 94557106 2725092 2433301 61017003 1240527008 673599364 142 4696848 676600456
======================
   8      32 sdc 333729 2509 94557106 2725092 2433945 61017023 1240856392 673741848 147 4697856 676742676
======================
   8      32 sdc 333729 2509 94557106 2725092 2434549 61017023 1241165640 673878636 151 4698864 676886660
======================
   8      32 sdc 333729 2509 94557106 2725092 2435248 61017023 1241523024 674035236 157 4699872 677034784
======================
   8      32 sdc 333729 2509 94557106 2725092 2435917 61017023 1241865552 674177576 128 4700888 677179836
======================
   8      32 sdc 333729 2509 94557106 2725092 2436561 61017023 1242195280 674321252 156 4701892 677322992
======================
   8      32 sdc 333729 2509 94557106 2725092 2437214 61017037 1242529224 674464936 141 4702900 677460688
======================
   8      32 sdc 333729 2509 94557106 2725092 2437887 61017041 1242869296 674602024 141 4703904 677604192
======================
   8      32 sdc 333729 2509 94557106 2725092 2438536 61017041 1243201584 674746016 132 4704904 677746996
======================
   8      32 sdc 333730 2509 94557114 2725180 2439151 61017041 1243516464 674886816 153 4705908 677890124
======================
   8      32 sdc 333730 2509 94557114 2725180 2439794 61017041 1243845680 675031280 150 4706912 678033492
======================
   8      32 sdc 333730 2509 94557114 2725180 2440437 61017058 1244174528 675174748 132 4707916 678176532
======================
   8      32 sdc 333730 2509 94557114 2725180 2441102 61017058 1244514504 675318248 140 4708920 678320576
======================
   8      32 sdc 333730 2509 94557114 2725180 2441743 61017071 1244840784 675458704 142 4709924 678461672
======================
   8      32 sdc 333730 2509 94557114 2725180 2442391 61017071 1245172560 675602456 134 4710924 678605288
======================
   8      32 sdc 333730 2509 94557114 2725180 2443056 61017071 1245513040 675746512 141 4711928 678748504
======================
   8      32 sdc 333730 2509 94557114 2725180 2443707 61017091 1245846008 675888156 135 4712932 678884188
======================
   8      32 sdc 333730 2509 94557114 2725180 2444331 61017091 1246165496 676024416 151 4713932 679027368
======================
   8      32 sdc 333730 2509 94557114 2725180 2444967 61017091 1246490624 676166088 156 4714940 679171992
======================
   8      32 sdc 333730 2509 94557114 2725180 2445657 61017091 1246843904 676315448 138 4715944 679317032
======================
   8      32 sdc 333730 2509 94557114 2725180 2446336 61017091 1247191552 676459812 131 4716952 679461348
======================
   8      32 sdc 333731 2509 94557122 2725280 2446987 61017107 1247524488 676599204 156 4717964 679600740
======================
   8      32 sdc 333731 2509 94557122 2725280 2447551 61017122 1247809344 676722940 136 4718980 679742884
======================
   8      32 sdc 333731 2509 94557122 2725280 2448274 61017122 1248179520 676880436 149 4719984 679882128
======================
   8      32 sdc 333731 2509 94557122 2725280 2448905 61017122 1248502592 677013588 158 4720996 680027700
======================
   8      32 sdc 333731 2509 94557122 2725280 2449591 61017122 1248853824 677169532 144 4722000 680172004
======================
   8      32 sdc 333731 2509 94557122 2725280 2450244 61017144 1249187832 677311144 136 4723004 680308728
======================
   8      32 sdc 333731 2509 94557122 2725280 2450907 61017144 1249527288 677449852 146 4724004 680451848
======================
   8      32 sdc 333731 2509 94557122 2725280 2451551 61017144 1249856512 677592800 142 4725008 680595648
======================
   8      32 sdc 333731 2509 94557122 2725280 2452193 61017144 1250185216 677736508 140 4726012 680739316
======================
   8      32 sdc 333731 2509 94557122 2725280 2452829 61017144 1250510848 677886260 150 4727016 680888476
======================
   8      32 sdc 333731 2509 94557122 2725280 2453484 61017168 1250842872 678029696 152 4728016 681030984
======================
   8      32 sdc 333731 2509 94557122 2725280 2454149 61017168 1251182848 678172660 128 4729020 681174636
======================
   8      32 sdc 333732 2509 94557130 2725428 2454774 61017168 1251502848 678309200 152 4730024 681312300
======================
   8      32 sdc 333732 2509 94557130 2725428 2455416 61017168 1251831552 678452484 150 4731024 681455084
======================
   8      32 sdc 333732 2509 94557130 2725428 2456030 61017168 1252145920 678585696 144 4732028 681598736
======================
   8      32 sdc 333732 2509 94557130 2725428 2456730 61017184 1252503944 678738520 149 4733032 681741448
======================
   8      32 sdc 333732 2509 94557130 2725428 2457323 61017198 1252804648 678869220 150 4734032 681886652
======================
   8      32 sdc 333732 2509 94557130 2725428 2457989 61017198 1253145640 679016148 156 4735036 682035000
======================
   8      32 sdc 333732 2509 94557130 2725428 2458721 61017198 1253520424 679173184 128 4736040 682178400
======================
   8      32 sdc 333732 2509 94557130 2725428 2459392 61017198 1253863976 679316164 129 4737044 682321628
======================
   8      32 sdc 333732 2509 94557130 2725428 2460037 61017222 1254193904 679459324 148 4738044 682457540
======================
   8      32 sdc 333732 2509 94557130 2725428 2460660 61017222 1254512880 679595472 133 4739048 682601016
======================
   8      32 sdc 333732 2509 94557130 2725428 2461324 61017222 1254852344 679739996 142 4740052 682744472
======================
   8      32 sdc 333733 2509 94557138 2725508 2462013 61017222 1255205112 679887512 135 4741120 682892388
======================
   8      32 sdc 333733 2509 94557138 2725508 2462702 61017222 1255557880 680041084 150 4742204 683047504
======================
   8      32 sdc 333733 2509 94557138 2725508 2463364 61017243 1255891952 680186148 146 4743208 683190952
======================
   8      32 sdc 333733 2509 94557138 2725508 2464032 61017243 1256233464 680330908 151 4744212 683335048
======================
   8      32 sdc 333733 2509 94557138 2725508 2464620 61017243 1256534520 680476188 139 4745212 683479648
======================
   8      32 sdc 333733 2509 94557138 2725508 2465255 61017243 1256859640 680607328 144 4746216 683623380
======================
   8      32 sdc 333733 2509 94557138 2725508 2465939 61017243 1257209848 680758996 132 4747220 683767520
======================
   8      32 sdc 333733 2509 94557138 2725508 2466601 61017261 1257548432 680915032 208 4748224 683963240
======================
   8      32 sdc 333733 2509 94557138 2725508 2467249 61017261 1257880208 681138400 136 4749228 684148396
======================
   8      32 sdc 333733 2509 94557138 2725508 2467890 61017261 1258208400 681287104 135 4750232 684292568
======================
   8      32 sdc 333733 2509 94557138 2725508 2468533 61017261 1258537616 681432424 132 4751236 684436912
======================
   8      32 sdc 333733 2509 94557138 2725508 2469209 61017261 1258883728 681576232 128 4752240 684580700
======================
   8      32 sdc 333733 2509 94557138 2725508 2469689 61017261 1259128984 681684508 1 4753244 684674224
======================
   8      32 sdc 333733 2509 94557138 2725508 2469689 61017261 1259128984 681684508 1 4754244 684675224
======================
   8      32 sdc 333734 2509 94557146 2727232 2471121 61017273 1259861256 681774352 157 4755248 684780104
======================
   8      32 sdc 333734 2509 94557146 2727232 2471738 61017273 1260177160 681905152 148 4756252 684924288
======================
   8      32 sdc 333734 2509 94557146 2727232 2472441 61017273 1260537096 682061264 149 4757260 685068512
======================
   8      32 sdc 333734 2509 94557146 2727232 2473066 61017273 1260857096 682205176 132 4758268 685212740
======================
   8      32 sdc 333734 2509 94557146 2727232 2473722 61017273 1261192968 682351220 148 4759280 685357560
======================
   8      32 sdc 333734 2509 94557146 2727232 2474403 61017287 1261540744 682480060 156 4760288 685486132
======================
   8      32 sdc 333734 2509 94557146 2727232 2475050 61017287 1261872008 682623156 149 4761296 685630588
======================
   8      32 sdc 333734 2509 94557146 2727232 2475694 61017287 1262201736 682767112 145 4762296 685773608
======================
   8      32 sdc 333734 2509 94557146 2727232 2476359 61017287 1262542216 682910960 152 4763300 685917388
======================
   8      32 sdc 333734 2509 94557146 2727232 2477016 61017287 1262878600 683054120 135 4764304 686061012
======================
   8      32 sdc 333735 2509 94557154 2727384 2477633 61017300 1263193600 683162236 138 4765308 686169388
======================
   8      32 sdc 333735 2509 94557154 2727384 2478275 61017300 1263522304 683305724 136 4766312 686312940
======================
   8      32 sdc 333735 2509 94557154 2727384 2478905 61017300 1263844864 683453692 146 4767312 686458060
======================
   8      32 sdc 333735 2509 94557154 2727384 2479573 61017300 1264186880 683594972 150 4768316 686601612
======================
   8      32 sdc 333735 2509 94557154 2727384 2480207 61017300 1264511488 683737840 156 4769320 686744848
======================
   8      32 sdc 333735 2509 94557154 2727384 2480851 61017311 1264840296 683865208 144 4770324 686872620
======================
   8      32 sdc 333735 2509 94557154 2727384 2481523 61017311 1265184360 684009624 144 4771328 687016320
======================
   8      32 sdc 333735 2509 94557154 2727384 2482189 61017311 1265525352 684151900 150 4772328 687159380
======================
   8      32 sdc 333735 2509 94557154 2727384 2482813 61017311 1265844840 684295192 134 4773332 687302720
======================
   8      32 sdc 333735 2509 94557154 2727384 2483447 61017311 1266169448 684439608 140 4774332 687445912
======================
   8      32 sdc 333735 2509 94557154 2727384 2484126 61017325 1266516200 684568176 151 4775340 687574640
======================
   8      32 sdc 333735 2509 94557154 2727384 2484806 61017325 1266864360 684712484 143 4776348 687718868
======================
   8      32 sdc 333736 2509 94557162 2727664 2485421 61017325 1267179240 684825792 147 4777356 687841444
======================
   8      32 sdc 333736 2509 94557162 2727664 2486090 61017325 1267521768 684977460 150 4778360 687985132
======================
   8      32 sdc 333736 2509 94557162 2727664 2486503 61017385 1267723608 685071316 0 4779176 688062600
======================
   8      32 sdc 333736 2509 94557162 2727664 2486503 61017385 1267723608 685071316 0 4779176 688062600
======================
   8      32 sdc 333736 2509 94557162 2727664 2486503 61017385 1267723608 685071316 0 4779176 688062600
======================
   8      32 sdc 333736 2509 94557162 2727664 2486503 61017385 1267723608 685071316 0 4779176 688062600
======================
   8      32 sdc 333736 2509 94557162 2727664 2486503 61017385 1267723608 685071316 0 4779176 688062600
======================
   8      32 sdc 333736 2509 94557162 2727664 2486503 61017385 1267723608 685071316 0 4779176 688062600
======================
   8      32 sdc 333974 2509 94559060 2729920 2486528 61017385 1267723704 685071316 0 4779204 688064856
started
======================
   8      32 sdc 333974 2509 94559060 2729920 2486528 61017385 1267723704 685071316 0 4779204 688064856
======================
   8      32 sdc 334432 2597 94677380 2754336 2486528 61017385 1267723704 685071316 33 4780136 688095700
======================
   8      32 sdc 335228 2662 94897540 2784264 2486528 61017385 1267723704 685071316 32 4781140 688128676
======================
   8      32 sdc 335333 2675 94927748 2789216 2486528 61017385 1267723704 685071316 32 4782140 688160872
======================
   8      32 sdc 335333 2675 94927748 2789216 2486528 61017385 1267723704 685071316 32 4783144 688193000
======================
   8      32 sdc 335602 2694 95001732 2847568 2486528 61017385 1267723704 685071316 32 4784148 688225416
======================
   8      32 sdc 336442 2735 95227268 2911584 2486531 61017389 1267723760 685071340 33 4785152 688258104
======================
   8      32 sdc 337232 2778 95440516 2944204 2486531 61017389 1267723760 685071340 33 4786156 688291092
======================
   8      32 sdc 338083 2819 95668356 2975464 2486531 61017389 1267723760 685071340 32 4787160 688323796
======================
   8      32 sdc 338946 2856 95899012 3008556 2486531 61017389 1267723760 685071340 33 4788164 688356532
======================
   8      32 sdc 339843 2895 96138372 3041208 2486531 61017389 1267723760 685071340 32 4789164 688389124
======================
   8      32 sdc 340726 2932 96374148 3074044 2486531 61017389 1267723760 685071340 32 4790168 688421872
======================
   8      32 sdc 341612 2970 96610692 3106660 2486531 61017389 1267723760 685071340 33 4791172 688454732
======================
   8      32 sdc 342463 3007 96838020 3139376 2486531 61017389 1267723760 685071340 33 4792172 688487340
======================
   8      32 sdc 343338 3045 97071492 3171372 2486531 61017389 1267723760 685071340 32 4793176 688520052
======================
   8      32 sdc 344200 3081 97301636 3204004 2486531 61017389 1267723760 685071340 33 4794180 688552768
======================
   8      32 sdc 345064 3119 97532292 3236780 2486531 61017389 1267723760 685071340 32 4795184 688585496
======================
   8      32 sdc 345940 3156 97766020 3269420 2486531 61017389 1267723760 685071340 32 4796184 688618024
======================
   8      32 sdc 346806 3193 97997188 3302660 2486531 61017389 1267723760 685071340 33 4797188 688650720
======================
   8      32 sdc 347703 3231 98236548 3335488 2486531 61017389 1267723760 685071340 33 4798188 688683280
======================
   8      32 sdc 348603 3269 98476420 3367940 2486531 61017389 1267723760 685071340 33 4799192 688715996
======================
   8      32 sdc 349521 3309 98721156 3400812 2486531 61017389 1267723760 685071340 32 4800192 688748616
======================
   8      32 sdc 350435 3348 98965124 3433744 2486531 61017389 1267723760 685071340 33 4801200 688781504
======================
   8      32 sdc 351311 3386 99198852 3465752 2486531 61017389 1267723760 685071340 32 4802204 688814252
======================
   8      32 sdc 352176 3422 99429380 3498500 2486531 61017389 1267723760 685071340 33 4803204 688846868
======================
   8      32 sdc 353045 3460 99661444 3531508 2486531 61017389 1267723760 685071340 33 4804208 688879584
======================
   8      32 sdc 353919 3498 99893892 3563692 2486531 61017389 1267723760 685071340 32 4805208 688912188
======================
   8      32 sdc 354730 3535 100109444 3596084 2486531 61017389 1267723760 685071340 32 4806212 688944840
======================
   8      32 sdc 355586 3573 100336260 3629548 2486531 61017389 1267723760 685071340 33 4807212 688977464
======================
   8      32 sdc 356461 3612 100569220 3662200 2486531 61017389 1267723760 685071340 33 4808216 689010228
======================
   8      32 sdc 357318 3650 100798340 3694740 2486531 61017389 1267723760 685071340 34 4809220 689043440
======================
   8      32 sdc 358179 3688 101027460 3728460 2486531 61017389 1267723760 685071340 33 4810220 689076468
======================
   8      32 sdc 359051 3726 101260164 3761148 2486531 61017389 1267723760 685071340 33 4811224 689109188
======================
   8      32 sdc 359929 3764 101494404 3793448 2486531 61017389 1267723760 685071340 32 4812224 689141780
======================
   8      32 sdc 360800 3801 101727108 3826272 2486531 61017389 1267723760 685071340 33 4813228 689174456
======================
   8      32 sdc 361668 3839 101958788 3858432 2486531 61017389 1267723760 685071340 32 4814232 689207160
======================
   8      32 sdc 362525 3876 102187396 3890420 2486533 61017391 1267723792 685071340 32 4815236 689239880
======================
   8      32 sdc 363395 3912 102419588 3923760 2486533 61017391 1267723792 685071340 33 4816236 689272448
======================
   8      32 sdc 364266 3949 102652036 3956708 2486533 61017391 1267723792 685071340 33 4817240 689305136
======================
   8      32 sdc 365139 3987 102884996 3989372 2486533 61017391 1267723792 685071340 32 4818244 689337848
======================
   8      32 sdc 366009 4024 103117444 4022368 2486533 61017391 1267723792 685071340 33 4819244 689370420
======================
   8      32 sdc 366882 4062 103350404 4054540 2486533 61017391 1267723792 685071340 32 4820248 689403108
======================
   8      32 sdc 367747 4099 103581316 4086972 2486533 61017391 1267723792 685071340 32 4821252 689435832
======================
   8      32 sdc 368589 4135 103806084 4120172 2486533 61017391 1267723792 685071340 33 4822252 689468424
======================
   8      32 sdc 369486 4174 104045700 4153572 2486533 61017391 1267723792 685071340 33 4823256 689501184
======================
   8      32 sdc 370345 4211 104274820 4185340 2486533 61017391 1267723792 685071340 33 4824260 689533896
======================
   8      32 sdc 371219 4249 104508292 4218460 2486533 61017391 1267723792 685071340 33 4825264 689566596
======================
   8      32 sdc 372102 4287 104743812 4251188 2486533 61017391 1267723792 685071340 33 4826264 689599196
======================
   8      32 sdc 372967 4325 104974724 4283104 2486533 61017391 1267723792 685071340 32 4827268 689631884
======================
   8      32 sdc 373827 4363 105203076 4315820 2486533 61017391 1267723792 685071340 33 4828268 689664788
======================
   8      32 sdc 374698 4403 105434244 4350936 2486533 61017391 1267723792 685071340 33 4829272 689698008
======================
   8      32 sdc 375575 4443 105667716 4383356 2486533 61017391 1267723792 685071340 34 4830272 689730820
======================
   8      32 sdc 376429 4483 105895556 4416532 2486533 61017391 1267723792 685071340 32 4831276 689764232
======================
   8      32 sdc 377297 4521 106126980 4448752 2486533 61017391 1267723792 685071340 33 4832276 689796932
======================
   8      32 sdc 378157 4559 106356356 4482160 2486533 61017391 1267723792 685071340 33 4833280 689830328
======================
   8      32 sdc 379018 4596 106585988 4514484 2486533 61017391 1267723792 685071340 33 4834280 689862892
======================
   8      32 sdc 379898 4634 106820740 4547720 2486533 61017391 1267723792 685071340 33 4835284 689895600
======================
   8      32 sdc 380767 4671 107052676 4579976 2486533 61017391 1267723792 685071340 33 4836288 689928312
======================
   8      32 sdc 381629 4708 107282820 4612248 2486533 61017391 1267723792 685071340 33 4837288 689960896
======================
   8      32 sdc 382526 4748 107522436 4645368 2486533 61017391 1267723792 685071340 32 4838296 689993740
======================
   8      32 sdc 383401 4785 107756164 4678044 2486533 61017391 1267723792 685071340 33 4839300 690026460
======================
   8      32 sdc 384224 4820 107977604 4713976 2486533 61017391 1267723792 685071340 24 4840304 690058752
======================
   8      32 sdc 384248 4820 107989892 4725236 2486533 61017391 1267723792 685071340 0 4840396 690060432
