======================
   8      32 sdc 80626 145 20225210 195760 724745 29915917 368988120 228750080 0 1482312 228962628
======================
   8      32 sdc 80626 145 20225210 195760 724745 29915917 368988120 228750080 0 1482312 228962628
======================
   8      32 sdc 80628 145 20225226 195800 724745 29915917 368988120 228750080 0 1482352 228962668
======================
   8      32 sdc 80628 145 20225226 195800 724745 29915917 368988120 228750080 0 1482352 228962668
======================
   8      32 sdc 80629 145 20225234 195816 725779 29915917 369517528 228756468 138 1482872 229025512
======================
   8      32 sdc 80629 145 20225234 195816 725779 29915917 369517528 228756468 138 1483876 229164064
======================
   8      32 sdc 80629 145 20225234 195816 726380 29915917 369825240 229049432 145 1484880 229309664
======================
   8      32 sdc 80629 145 20225234 195816 726470 29915917 369871320 229106436 152 1485880 229460032
======================
   8      32 sdc 80629 145 20225234 195816 727060 29915931 370172504 229356312 139 1486884 229601276
======================
   8      32 sdc 80629 145 20225234 195816 727261 29915931 370275416 229486516 130 1487888 229739012
======================
   8      32 sdc 80629 145 20225234 195816 728022 29915931 370665048 229659908 137 1488892 229879904
======================
   8      32 sdc 80629 145 20225234 195816 728473 29915931 370895960 229746704 134 1489896 230020216
======================
   8      32 sdc 80629 145 20225234 195816 728488 29915931 370903640 229756348 151 1490896 230169220
======================
   8      32 sdc 80629 145 20225234 195816 729605 29915931 371475544 230094780 154 1491900 230314356
======================
   8      32 sdc 80629 145 20225234 195816 730369 29915931 371866712 230172748 158 1492904 230472476
======================
   8      32 sdc 80629 145 20225234 195816 731271 29915931 372328536 230379056 152 1493904 230617712
======================
   8      32 sdc 80629 145 20225234 195816 731946 29915931 372674136 230531800 149 1494908 230763652
======================
   8      32 sdc 80630 145 20225242 195956 732593 29915931 373005400 230662768 136 1495916 230902512
======================
   8      32 sdc 80630 145 20225242 195956 733308 29915931 373371480 230807472 157 1496916 231045224
======================
   8      32 sdc 80630 145 20225242 195956 733950 29915931 373700184 230950764 155 1497920 231188680
======================
   8      32 sdc 80630 145 20225242 195956 734590 29915931 374027864 231093892 155 1498924 231332392
======================
   8      32 sdc 80630 145 20225242 195956 735239 29915931 374360152 231237840 146 1499928 231475796
======================
   8      32 sdc 80630 145 20225242 195956 735880 29915931 374688344 231380020 145 1500932 231619224
======================
   8      32 sdc 80630 145 20225242 195956 736530 29915931 375021144 231525016 135 1501936 231762596
======================
   8      32 sdc 80630 145 20225242 195956 737200 29915931 375364184 231667676 137 1502936 231905656
======================
   8      32 sdc 80630 145 20225242 195956 737853 29915931 375698520 231810360 156 1503940 232048992
======================
   8      32 sdc 80630 145 20225242 195956 738430 29915931 375993944 231955968 155 1504944 232191032
======================
   8      32 sdc 80630 145 20225242 195956 739111 29915931 376342616 232097256 146 1505948 232334780
======================
   8      32 sdc 80630 145 20225242 195956 739787 29915931 376688728 232240780 97 1506952 232476540
======================
   8      32 sdc 80631 145 20225250 196164 740442 29915931 377024088 232370156 147 1507952 232607580
======================
   8      32 sdc 80631 145 20225250 196164 741103 29915931 377362520 232512516 158 1508956 232751120
======================
   8      32 sdc 80631 145 20225250 196164 741727 29915931 377682008 232655820 142 1509960 232895008
======================
   8      32 sdc 80631 145 20225250 196164 742323 29915931 377987160 232805924 154 1510964 233042816
======================
   8      32 sdc 80631 145 20225250 196164 743020 29915931 378344024 232947592 129 1511964 233185804
======================
   8      32 sdc 80631 145 20225250 196164 743662 29915931 378672728 233091320 128 1512968 233329556
======================
   8      32 sdc 80631 145 20225250 196164 744318 29915931 379008600 233235188 143 1513972 233473484
======================
   8      32 sdc 80631 145 20225250 196164 744982 29915931 379348568 233378564 151 1514972 233616364
======================
   8      32 sdc 80631 145 20225250 196164 745564 29915931 379646552 233516480 145 1515976 233760932
======================
   8      32 sdc 80631 145 20225250 196164 746266 29915931 380005976 233667516 147 1516980 233904520
======================
   8      32 sdc 80631 145 20225250 196164 746903 29915931 380332120 233809284 150 1517980 234047792
======================
   8      32 sdc 80632 145 20225258 196384 747522 29915931 380649048 233947176 73 1518984 234179300
======================
   8      32 sdc 80632 145 20225258 196384 748193 29915931 380992600 234084644 128 1519988 234322584
======================
   8      32 sdc 80632 145 20225258 196384 748846 29915931 381326936 234226880 147 1520988 234465584
======================
   8      32 sdc 80632 145 20225258 196384 749416 29915931 381618776 234372020 153 1521992 234606792
======================
   8      32 sdc 80632 145 20225258 196384 750136 29915931 381987416 234511212 137 1522992 234749628
======================
   8      32 sdc 80632 145 20225258 196384 750723 29915931 382287960 234653112 158 1523996 234892124
======================
   8      32 sdc 80632 145 20225258 196384 751397 29915931 382633048 234796712 156 1525000 235035688
======================
   8      32 sdc 80632 145 20225258 196384 752069 29915931 382977112 234941776 156 1526008 235179568
======================
   8      32 sdc 80632 145 20225258 196384 752746 29915931 383324248 235085084 151 1527012 235322948
======================
   8      32 sdc 80632 145 20225258 196384 753365 29915931 383640664 235234160 148 1528016 235464244
======================
   8      32 sdc 80632 145 20225258 196384 754069 29915931 384001112 235368248 148 1529020 235607720
======================
   8      32 sdc 80632 145 20225258 196384 754694 29915931 384321112 235511992 131 1530024 235751004
======================
   8      32 sdc 80633 145 20225266 196600 755328 29915931 384645720 235638528 157 1531028 235875708
======================
   8      32 sdc 80633 145 20225266 196600 755998 29915931 384988760 235781512 157 1532032 236019380
======================
   8      32 sdc 80633 145 20225266 196600 756572 29915931 385282648 235908564 129 1533036 236161380
======================
   8      32 sdc 80633 145 20225266 196600 757288 29915931 385649240 236066144 149 1534040 236304548
======================
   8      32 sdc 80633 145 20225266 196600 757934 29915931 385979992 236209792 143 1535044 236448900
======================
   8      32 sdc 80633 145 20225266 196600 758576 29915931 386308696 236353360 141 1536048 236592484
======================
   8      32 sdc 80633 145 20225266 196600 759217 29915931 386636888 236496628 140 1537048 236735468
======================
   8      32 sdc 80633 145 20225266 196600 759854 29915931 386963032 236640308 143 1538052 236879228
======================
   8      32 sdc 80633 145 20225266 196600 760502 29915931 387294808 236784748 135 1539056 237022960
======================
   8      32 sdc 80633 145 20225266 196600 761093 29915931 387597400 236922460 156 1540060 237164084
======================
   8      32 sdc 80633 145 20225266 196600 761813 29915931 387966040 237067812 140 1541060 237306628
======================
   8      32 sdc 80633 145 20225266 196600 762377 29915931 388254808 237204948 152 1542064 237449780
======================
   8      32 sdc 80633 145 20225266 196600 762870 29915931 388507224 237300600 22 1543064 237535884
======================
   8      32 sdc 80633 145 20225266 196600 762870 29915931 388507224 237300600 22 1544068 237557972
======================
   8      32 sdc 80634 145 20225274 198184 764378 29915931 389279320 237455600 155 1545072 237696680
======================
   8      32 sdc 80634 145 20225274 198184 765038 29915931 389617240 237599928 135 1546076 237840092
======================
   8      32 sdc 80634 145 20225274 198184 765632 29915931 389921368 237739872 149 1547076 237985052
======================
   8      32 sdc 80634 145 20225274 198184 766366 29915931 390297176 237887788 151 1548080 238128720
======================
   8      32 sdc 80634 145 20225274 198184 766990 29915931 390616664 238031304 135 1549084 238272376
======================
   8      32 sdc 80634 145 20225274 198184 767634 29915931 390946392 238176136 131 1550088 238415988
======================
   8      32 sdc 80634 145 20225274 198184 768311 29915931 391293016 238320008 158 1551092 238559636
======================
   8      32 sdc 80634 145 20225274 198184 768905 29915931 391597144 238464620 140 1552092 238701288
======================
   8      32 sdc 80634 145 20225274 198184 769537 29915931 391920728 238602264 148 1553096 238845252
======================
   8      32 sdc 80634 145 20225274 198184 770210 29915931 392265304 238746976 147 1554096 238988644
======================
   8      32 sdc 80635 145 20225282 198368 770836 29915931 392585816 238878816 148 1555100 239121988
======================
   8      32 sdc 80635 145 20225282 198368 771526 29915931 392939096 239025076 129 1556104 239265488
======================
   8      32 sdc 80635 145 20225282 198368 772168 29915931 393267800 239168596 159 1557108 239409056
======================
   8      32 sdc 80635 145 20225282 198368 772810 29915931 393596504 239312232 157 1558112 239552904
======================
   8      32 sdc 80635 145 20225282 198368 773453 29915931 393925720 239456352 154 1559112 239696324
======================
   8      32 sdc 80635 145 20225282 198368 774058 29915931 394235480 239591224 157 1560116 239840592
======================
   8      32 sdc 80635 145 20225282 198368 774732 29915931 394580568 239746948 155 1561120 239985896
======================
   8      32 sdc 80635 145 20225282 198368 775406 29915931 394925656 239889672 153 1562124 240129460
======================
   8      32 sdc 80635 145 20225282 198368 775993 29915931 395226200 240019648 142 1563124 240273748
======================
   8      32 sdc 80635 145 20225282 198368 776661 29915931 395568216 240168768 146 1564128 240417452
======================
   8      32 sdc 80635 145 20225282 198368 777325 29915931 395908184 240324096 154 1565132 240560788
======================
   8      32 sdc 80635 145 20225282 198368 778014 29915931 396260952 240464532 137 1566136 240704164
======================
   8      32 sdc 80636 145 20225290 198592 778662 29915931 396592728 240588912 130 1567140 240828524
======================
   8      32 sdc 80636 145 20225290 198592 779331 29915931 396935256 240731948 133 1568144 240972200
======================
   8      32 sdc 80636 145 20225290 198592 779873 29915931 397212760 240864452 135 1569144 241114092
======================
   8      32 sdc 80636 145 20225290 198592 780540 29915931 397554264 241016848 140 1570148 241258912
======================
   8      32 sdc 80636 145 20225290 198592 781244 29915931 397914712 241161660 140 1571152 241402616
======================
   8      32 sdc 80636 145 20225290 198592 781885 29915931 398242904 241304940 139 1572156 241546188
======================
   8      32 sdc 80636 145 20225290 198592 782535 29915931 398575704 241449076 129 1573160 241689520
======================
   8      32 sdc 80636 145 20225290 198592 783199 29915931 398915672 241592188 137 1574164 241833276
======================
   8      32 sdc 80636 145 20225290 198592 783850 29915931 399248984 241735228 158 1575164 241976032
======================
   8      32 sdc 80636 145 20225290 198592 784463 29915931 399562840 241884068 153 1576168 242122068
======================
   8      32 sdc 80636 145 20225290 198592 785127 29915931 399902808 242024264 129 1577172 242265540
======================
   8      32 sdc 80636 145 20225290 198592 785768 29915931 400231000 242167432 100 1578172 242407040
======================
   8      32 sdc 80636 145 20225290 198592 785853 29915931 400274520 242186068 15 1579176 242427700
======================
   8      32 sdc 80637 145 20225298 200188 787059 29915931 400891992 242257312 141 1580180 242500560
======================
   8      32 sdc 80637 145 20225298 200188 787700 29915931 401220184 242400564 140 1581180 242643528
======================
   8      32 sdc 80637 145 20225298 200188 788343 29915931 401549400 242542864 137 1582184 242786656
======================
   8      32 sdc 80637 145 20225298 200188 788995 29915931 401883224 242686504 157 1583184 242929492
======================
   8      32 sdc 80637 145 20225298 200188 789557 29915931 402170968 242832408 139 1584188 243073392
======================
   8      32 sdc 80637 145 20225298 200188 790271 29915931 402536536 242976348 129 1585192 243216120
======================
   8      32 sdc 80637 145 20225298 200188 790950 29915931 402884184 243117396 154 1586196 243359644
======================
   8      32 sdc 80637 145 20225298 200188 791407 29915931 403118168 243214316 145 1587200 243503796
======================
   8      32 sdc 80637 145 20225298 200188 792288 29915931 403569240 243403224 153 1588200 243646376
======================
   8      32 sdc 80637 145 20225298 200188 792872 29915931 403868248 243537440 145 1589204 243790112
======================
   8      32 sdc 80638 145 20225306 200384 793529 29915931 404204632 243688492 152 1590208 243921152
======================
   8      32 sdc 80638 145 20225306 200384 794136 29915931 404515416 243814352 153 1591212 244065772
======================
   8      32 sdc 80638 145 20225306 200384 794834 29915931 404872792 243968948 145 1592216 244208856
======================
   8      32 sdc 80638 145 20225306 200384 795502 29915931 405214808 244109340 131 1593220 244352420
======================
   8      32 sdc 80638 145 20225306 200384 796085 29915931 405513304 244246684 156 1594228 244496316
======================
   8      32 sdc 80638 145 20225306 200384 796743 29915931 405850200 244392732 138 1595232 244638652
======================
   8      32 sdc 80638 145 20225306 200384 797363 29915931 406167640 244534304 158 1596232 244787480
======================
   8      32 sdc 80638 145 20225306 200384 798048 29915931 406518360 244684304 145 1597236 244930248
======================
   8      32 sdc 80638 145 20225306 200384 798660 29915931 406831704 244821372 141 1598240 245074912
======================
   8      32 sdc 80638 145 20225306 200384 799383 29915931 407201880 244971288 154 1599244 245218308
======================
   8      32 sdc 80638 145 20225306 200384 800038 29915931 407537240 245114532 139 1600248 245362184
======================
   8      32 sdc 80638 145 20225306 200384 800497 29915931 407772248 245217516 128 1601256 245501872
======================
   8      32 sdc 80638 145 20225306 200384 801192 29915931 408128088 245365652 36 1602272 245612644
======================
   8      32 sdc 80639 145 20225314 201764 801423 29915931 408246360 245417940 132 1603276 245652356
======================
   8      32 sdc 80639 145 20225314 201764 802633 29915931 408865880 245547684 128 1604292 245797040
======================
   8      32 sdc 80639 145 20225314 201764 803267 29915931 409190488 245692864 134 1605304 245941724
======================
   8      32 sdc 80639 145 20225314 201764 803940 29915931 409535064 245837340 133 1606312 246085660
======================
   8      32 sdc 80639 145 20225314 201764 804553 29915931 409848920 245975396 128 1607316 246228712
======================
   8      32 sdc 80639 145 20225314 201764 805265 29915931 410213464 246122328 152 1608316 246371552
======================
   8      32 sdc 80639 145 20225314 201764 805889 29915931 410532952 246265620 136 1609320 246515084
======================
   8      32 sdc 80639 145 20225314 201764 806497 29915931 410844248 246409948 136 1610324 246659900
======================
   8      32 sdc 80639 145 20225314 201764 807222 29915931 411215448 246554804 147 1611324 246802920
======================
   8      32 sdc 80639 145 20225314 201764 807866 29915931 411545176 246697532 143 1612328 246946400
======================
   8      32 sdc 80639 145 20225314 201764 808512 29915931 411875928 246841428 137 1613332 247089740
======================
   8      32 sdc 80640 145 20225322 201964 809156 29915931 412205656 246968920 154 1614340 247217504
======================
   8      32 sdc 80640 145 20225322 201964 809812 29915931 412541528 247111564 138 1615344 247361148
======================
   8      32 sdc 80640 145 20225322 201964 810455 29915931 412870744 247257108 135 1616348 247506068
======================
   8      32 sdc 80640 145 20225322 201964 811096 29915931 413198936 247400064 134 1617348 247649064
======================
   8      32 sdc 80640 145 20225322 201964 811738 29915931 413527640 247543532 132 1618352 247792316
======================
   8      32 sdc 80640 145 20225322 201964 812402 29915931 413867608 247686784 140 1619352 247935364
======================
   8      32 sdc 80640 145 20225322 201964 813048 29915931 414198360 247829492 134 1620356 248078832
======================
   8      32 sdc 80640 145 20225322 201964 813460 29915931 414409304 247921584 138 1621360 248220588
======================
   8      32 sdc 80640 145 20225322 201964 814348 29915931 414863960 248114648 146 1622360 248362848
======================
   8      32 sdc 80640 145 20225322 201964 815011 29915931 415203416 248256728 155 1623364 248506224
======================
   8      32 sdc 80640 145 20225322 201964 815635 29915931 415522904 248399988 139 1624368 248649804
======================
   8      32 sdc 80640 145 20225322 201964 816278 29915931 415852120 248544660 136 1625372 248793416
======================
   8      32 sdc 80641 145 20225330 202176 816936 29915931 416189016 248672692 150 1626376 248921988
======================
   8      32 sdc 80641 145 20225330 202176 817614 29915931 416536152 248817812 144 1627376 249066332
======================
   8      32 sdc 80641 145 20225330 202176 818245 29915931 416859224 248962000 153 1628380 249208212
======================
   8      32 sdc 80641 145 20225330 202176 818912 29915931 417200728 249101844 158 1629384 249351652
======================
   8      32 sdc 80641 145 20225330 202176 819560 29915931 417532504 249246380 150 1630388 249495368
======================
   8      32 sdc 80641 145 20225330 202176 820228 29915931 417874520 249389212 154 1631388 249638444
======================
   8      32 sdc 80641 145 20225330 202176 820870 29915931 418203224 249532468 152 1632392 249781732
======================
   8      32 sdc 80641 145 20225330 202176 821447 29915931 418498648 249660368 151 1633396 249926180
======================
   8      32 sdc 80641 145 20225330 202176 822186 29915931 418877016 249821472 148 1634400 250070596
======================
   8      32 sdc 80641 145 20225330 202176 822834 29915931 419209304 249964060 140 1635400 250213476
======================
   8      32 sdc 80641 145 20225330 202176 823405 29915931 419501144 250097448 145 1636404 250355412
======================
   8      32 sdc 80641 145 20225330 202176 824075 29915931 419844184 250247956 147 1637408 250499968
======================
   8      32 sdc 80642 145 20225338 202364 824690 29915931 420159064 250376896 144 1638412 250628952
======================
   8      32 sdc 80642 145 20225338 202364 825399 29915931 420522072 250522928 139 1639416 250772732
======================
   8      32 sdc 80642 145 20225338 202364 825945 29915931 420801624 250640752 137 1640420 250914836
======================
   8      32 sdc 80642 145 20225338 202364 826630 29915931 421152344 250798188 156 1641428 251058568
======================
   8      32 sdc 80642 145 20225338 202364 827330 29915931 421510744 250952116 128 1642432 251201768
======================
   8      32 sdc 80642 145 20225338 202364 828006 29915931 421856856 251093796 156 1643432 251344528
======================
   8      32 sdc 80642 145 20225338 202364 828629 29915931 422175832 251236652 141 1644436 251487952
======================
   8      32 sdc 80642 145 20225338 202364 829288 29915931 422513240 251381372 154 1645440 251631184
======================
   8      32 sdc 80642 145 20225338 202364 829958 29915931 422856280 251524240 156 1646444 251774312
======================
   8      32 sdc 80642 145 20225338 202364 830768 29915931 423271000 251698892 146 1647652 251946840
======================
   8      32 sdc 80642 145 20225338 202364 831417 29915931 423603288 251839240 137 1648656 252090936
======================
   8      32 sdc 80643 145 20225346 202596 832021 29915931 423912536 251967216 141 1649660 252216232
======================
   8      32 sdc 80643 145 20225346 202596 832678 29915931 424248920 252108944 156 1650664 252359356
======================
   8      32 sdc 80643 145 20225346 202596 833327 29915931 424581208 252252200 147 1651668 252500356
======================
   8      32 sdc 80643 145 20225346 202596 833999 29915931 424925272 252392168 147 1652672 252643752
======================
   8      32 sdc 80643 145 20225346 202596 834597 29915931 425231448 252544088 157 1653680 252790236
======================
   8      32 sdc 80643 145 20225346 202596 835292 29915931 425587288 252681700 134 1654684 252933448
======================
   8      32 sdc 80643 145 20225346 202596 835935 29915931 425916504 252825000 131 1655688 253076332
======================
   8      32 sdc 80643 145 20225346 202596 836576 29915931 426244696 252967824 130 1656692 253219820
======================
   8      32 sdc 80643 145 20225346 202596 837218 29915931 426573912 253111316 128 1657696 253363276
======================
   8      32 sdc 80643 145 20225346 202596 837829 29915931 426886232 253245624 157 1658700 253507200
======================
   8      32 sdc 80643 145 20225346 202596 838537 29915931 427248728 253400060 153 1659704 253651452
======================
   8      32 sdc 80643 145 20225346 202596 839158 29915931 427566680 253544708 140 1660708 253794024
======================
   8      32 sdc 80644 145 20225354 202824 839806 29915931 427898456 253667316 132 1661712 253919528
======================
   8      32 sdc 80644 145 20225354 202824 840479 29915931 428243032 253811356 131 1662716 254062828
======================
   8      32 sdc 80644 145 20225354 202824 841139 29915931 428580952 253952792 143 1663720 254205680
======================
   8      32 sdc 80644 145 20225354 202824 841764 29915931 428900952 254096144 151 1664724 254348740
======================
   8      32 sdc 80644 145 20225354 202824 842314 29915931 429182552 254227400 152 1665728 254494140
======================
   8      32 sdc 80644 145 20225354 202824 842890 29915931 429477464 254347116 152 1666732 254639880
======================
   8      32 sdc 80644 145 20225354 202824 843744 29915931 429914712 254531836 130 1667736 254783008
======================
   8      32 sdc 80644 145 20225354 202824 844379 29915931 430239832 254673608 135 1668740 254926276
======================
   8      32 sdc 80644 145 20225354 202824 844978 29915931 430547032 254821064 144 1669744 255070972
======================
   8      32 sdc 80644 145 20225354 202824 845672 29915931 430901848 254962772 154 1670752 255214580
======================
   8      32 sdc 80644 145 20225354 202824 846341 29915931 431244376 255105388 157 1671756 255357760
======================
   8      32 sdc 80644 145 20225354 202824 846983 29915931 431573080 255248500 155 1672760 255501012
======================
   8      32 sdc 80645 145 20225362 203048 847298 29915931 431734360 255315236 130 1673764 255620496
======================
   8      32 sdc 80645 145 20225362 203048 848278 29915931 432236120 255509904 142 1674768 255762332
======================
   8      32 sdc 80645 145 20225362 203048 848928 29915931 432568920 255652848 132 1675772 255905664
======================
   8      32 sdc 80645 145 20225362 203048 849565 29915931 432895064 255796060 135 1676776 256049004
======================
   8      32 sdc 80645 145 20225362 203048 850196 29915931 433218136 255939816 144 1677776 256192388
======================
   8      32 sdc 80645 145 20225362 203048 850782 29915931 433518168 256072844 134 1678780 256335980
======================
   8      32 sdc 80645 145 20225362 203048 851522 29915931 433897048 256227900 130 1679784 256479496
======================
   8      32 sdc 80645 145 20225362 203048 852163 29915931 434225240 256370792 129 1680788 256623000
======================
   8      32 sdc 80645 145 20225362 203048 852477 29915931 434386008 256440916 135 1681792 256762600
======================
   8      32 sdc 80645 145 20225362 203048 853491 29915931 434905176 256653240 145 1682800 256905316
======================
   8      32 sdc 80645 145 20225362 203048 854133 29915931 435233880 256795332 143 1683800 257048448
======================
   8      32 sdc 80645 145 20225362 203048 854758 29915931 435553880 256939072 158 1684804 257191604
======================
   8      32 sdc 80646 145 20225370 203288 855383 29915931 435873880 257064212 141 1685808 257316272
======================
   8      32 sdc 80646 145 20225370 203288 855875 29915931 436125784 257168824 129 1686812 257455864
======================
   8      32 sdc 80646 145 20225370 203288 856732 29915931 436564568 257343996 146 1687816 257593544
======================
   8      32 sdc 80646 145 20225370 203288 857397 29915931 436905048 257483916 153 1688820 257737124
======================
   8      32 sdc 80646 145 20225370 203288 858019 29915931 437223512 257628960 139 1689824 257880952
======================
   8      32 sdc 80646 145 20225370 203288 858689 29915931 437566552 257772416 141 1690828 258024764
======================
   8      32 sdc 80646 145 20225370 203288 859348 29915931 437903960 257915648 154 1691832 258168580
======================
   8      32 sdc 80646 145 20225370 203288 859909 29915931 438191192 258043284 137 1692836 258313672
======================
   8      32 sdc 80646 145 20225370 203288 860596 29915931 438542936 258200992 154 1693840 258457104
======================
   8      32 sdc 80646 145 20225370 203288 861313 29915931 438910040 258347888 141 1694844 258600480
======================
   8      32 sdc 80646 145 20225370 203288 861956 29915931 439239256 258490708 138 1695844 258743320
======================
   8      32 sdc 80646 145 20225370 203288 862559 29915931 439547992 258635968 77 1696848 258883256
======================
   8      32 sdc 80646 145 20225370 203288 862594 29915931 439565912 258642440 42 1697852 258926256
======================
   8      32 sdc 80647 145 20225378 204856 863826 29915931 440196696 258771912 140 1698856 259022620
======================
   8      32 sdc 80647 145 20225378 204856 864516 29915931 440549976 258912444 154 1699860 259166176
======================
   8      32 sdc 80647 145 20225378 204856 865162 29915931 440880728 259054260 148 1700864 259309816
======================
   8      32 sdc 80647 145 20225378 204856 865822 29915931 441218648 259199464 128 1701864 259452680
======================
   8      32 sdc 80647 145 20225378 204856 866498 29915931 441564760 259342828 156 1702868 259596292
======================
   8      32 sdc 80647 145 20225378 204856 867061 29915931 441853016 259474024 137 1703872 259740504
======================
   8      32 sdc 80647 145 20225378 204856 867756 29915931 442208856 259629248 146 1704876 259883932
======================
   8      32 sdc 80647 145 20225378 204856 868425 29915931 442551384 259773172 149 1705880 260027492
======================
   8      32 sdc 80647 145 20225378 204856 869101 29915931 442897496 259916904 145 1706884 260170640
======================
   8      32 sdc 80647 145 20225378 204856 869777 29915931 443243608 260060404 141 1707888 260314356
======================
   8      32 sdc 80647 145 20225378 204856 870276 29915931 443499096 260169680 40 1708892 260425228
======================
   8      32 sdc 80647 145 20225378 204856 870276 29915931 443499096 260169680 40 1709896 260465388
======================
   8      32 sdc 80648 145 20225386 206544 871670 29915931 444212824 260323836 132 1710900 260578556
======================
   8      32 sdc 80648 145 20225386 206544 872346 29915931 444558936 260466440 128 1711900 260721120
======================
   8      32 sdc 80648 145 20225386 206544 872971 29915931 444878936 260608068 143 1712904 260864152
======================
   8      32 sdc 80648 145 20225386 206544 873594 29915931 445197912 260755488 128 1713908 261007568
======================
   8      32 sdc 80648 145 20225386 206544 874290 29915931 445554264 260894636 136 1714912 261150780
======================
   8      32 sdc 80648 145 20225386 206544 874932 29915931 445882968 261037928 134 1715916 261294008
======================
   8      32 sdc 80648 145 20225386 206544 875573 29915931 446211160 261180724 133 1716920 261437060
======================
   8      32 sdc 80648 145 20225386 206544 876216 29915931 446540376 261324228 130 1717924 261580284
======================
   8      32 sdc 80648 145 20225386 206544 876852 29915931 446866008 261472384 134 1718928 261725408
======================
   8      32 sdc 80648 145 20225386 206544 877537 29915931 447216728 261613192 153 1719932 261868780
======================
   8      32 sdc 80649 145 20225394 206752 878156 29915931 447533656 261742952 128 1720932 261998744
======================
   8      32 sdc 80649 145 20225394 206752 878761 29915931 447843416 261890380 131 1721936 262143956
======================
   8      32 sdc 80649 145 20225394 206752 879474 29915931 448208472 262032232 154 1722940 262287488
======================
   8      32 sdc 80649 145 20225394 206752 880135 29915931 448546904 262174652 133 1723944 262431224
======================
   8      32 sdc 80649 145 20225394 206752 880757 29915931 448865368 262319828 151 1724948 262575224
======================
   8      32 sdc 80649 145 20225394 206752 881433 29915931 449211480 262463260 147 1725952 262718780
======================
   8      32 sdc 80649 145 20225394 206752 882033 29915931 449518680 262601380 155 1726956 262862064
======================
   8      32 sdc 80649 145 20225394 206752 882770 29915931 449896024 262752576 154 1727960 263006016
======================
   8      32 sdc 80649 145 20225394 206752 883405 29915931 450221144 262893028 144 1728964 263149600
======================
   8      32 sdc 80649 145 20225394 206752 884031 29915931 450541656 263036916 141 1729968 263293476
======================
   8      32 sdc 80649 145 20225394 206752 884707 29915931 450887768 263181484 137 1730972 263437080
======================
   8      32 sdc 80649 145 20225394 206752 885372 29915931 451228248 263324232 144 1731976 263580856
======================
   8      32 sdc 80650 145 20225402 206976 885926 29915931 451511896 263440440 134 1732980 263711140
======================
   8      32 sdc 80650 145 20225402 206976 886646 29915931 451880536 263598080 150 1733984 263854328
======================
   8      32 sdc 80650 145 20225402 206976 887305 29915931 452217944 263742012 131 1734988 263998148
======================
   8      32 sdc 80650 145 20225402 206976 887953 29915931 452549720 263885072 155 1735992 264142020
======================
   8      32 sdc 80650 145 20225402 206976 888579 29915931 452870232 264029256 137 1736996 264286360
======================
   8      32 sdc 80650 145 20225402 206976 889220 29915931 453198424 264172724 136 1738000 264429984
======================
   8      32 sdc 80650 145 20225402 206976 889883 29915931 453537880 264316024 145 1739004 264572940
======================
   8      32 sdc 80650 145 20225402 206976 890545 29915931 453876824 264459392 155 1740008 264716404
======================
   8      32 sdc 80650 145 20225402 206976 891187 29915931 454205528 264602996 153 1741012 264860300
======================
   8      32 sdc 80650 145 20225402 206976 891831 29915931 454535256 264747588 149 1742016 265004224
======================
   8      32 sdc 80650 145 20225402 206976 892507 29915931 454881368 264891196 145 1743016 265147344
======================
   8      32 sdc 80650 145 20225402 206976 893105 29915931 455187544 265038380 155 1744020 265292868
======================
   8      32 sdc 80651 145 20225410 207160 893763 29915931 455524440 265168816 142 1745024 265426264
======================
   8      32 sdc 80651 145 20225410 207160 894428 29915931 455864920 265313496 149 1746028 265569796
======================
   8      32 sdc 80651 145 20225410 207160 895104 29915931 456211032 265456720 145 1747032 265713244
======================
   8      32 sdc 80651 145 20225410 207160 895780 29915931 456557144 265600112 141 1748036 265856680
======================
   8      32 sdc 80651 145 20225410 207160 896327 29915931 456837208 265741848 138 1749040 266002092
======================
   8      32 sdc 80651 145 20225410 207160 897033 29915931 457198680 265891656 136 1750044 266146132
======================
   8      32 sdc 80651 145 20225410 207160 897712 29915931 457546328 266032724 129 1751044 266288632
======================
   8      32 sdc 80651 145 20225410 207160 898358 29915931 457877080 266175296 155 1752048 266432232
======================
   8      32 sdc 80651 145 20225410 207160 899001 29915931 458206296 266319428 152 1753056 266576576
======================
   8      32 sdc 80651 145 20225410 207160 899666 29915931 458546776 266463024 153 1754060 266720004
======================
   8      32 sdc 80651 145 20225410 207160 900237 29915931 458839128 266591376 132 1755064 266865592
======================
   8      32 sdc 80651 145 20225410 207160 900933 29915931 459195480 266745684 39 1756068 266996676
======================
   8      32 sdc 80651 145 20225410 207160 900933 29915931 459195480 266745684 39 1757072 267035832
======================
   8      32 sdc 80652 145 20225418 208816 902209 29915931 459848792 266874468 128 1758076 267133736
======================
   8      32 sdc 80652 145 20225418 208816 902873 29915931 460188760 267018212 136 1759080 267277280
======================
   8      32 sdc 80652 145 20225418 208816 903522 29915931 460521048 267160276 145 1760084 267420556
======================
   8      32 sdc 80652 145 20225418 208816 904170 29915931 460852824 267304716 151 1761088 267562616
======================
   8      32 sdc 80652 145 20225418 208816 904846 29915931 461198936 267447056 147 1762092 267705968
======================
   8      32 sdc 80652 145 20225418 208816 905498 29915931 461532760 267589136 135 1763092 267848908
======================
   8      32 sdc 80652 145 20225418 208816 906122 29915931 461852248 267732400 151 1764096 267992884
======================
   8      32 sdc 80652 145 20225418 208816 906778 29915931 462188120 267876968 135 1765100 268135952
======================
   8      32 sdc 80652 145 20225418 208816 907109 29915931 462357592 267946936 156 1766104 268285824
======================
   8      32 sdc 80652 145 20225418 208816 908130 29915931 462880856 268170968 137 1767108 268430016
======================
   8      32 sdc 80652 145 20225418 208816 908616 29915931 463129176 268287912 36 1768112 268544528
======================
   8      32 sdc 80652 145 20225418 208816 908616 29915931 463129176 268287912 36 1769116 268580672
======================
   8      32 sdc 80653 145 20225426 210372 910023 29915931 463849560 268437604 128 1770120 268698204
======================
   8      32 sdc 80653 145 20225426 210372 910694 29915931 464193112 268581104 129 1771124 268841796
======================
   8      32 sdc 80653 145 20225426 210372 911338 29915931 464522840 268724184 157 1772128 268985644
======================
   8      32 sdc 80653 145 20225426 210372 911938 29915931 464830040 268883924 133 1773132 269132136
======================
   8      32 sdc 80653 145 20225426 210372 912658 29915931 465199192 269014284 149 1774136 269275560
======================
   8      32 sdc 80653 145 20225426 210372 913304 29915931 465529432 269157100 143 1775140 269419120
======================
   8      32 sdc 80653 145 20225426 210372 913915 29915931 465842264 269307428 141 1776144 269566600
======================
   8      32 sdc 80653 145 20225426 210372 914589 29915931 466187352 269448328 139 1777148 269710080
======================
   8      32 sdc 80653 145 20225426 210372 915231 29915931 466516056 269592336 137 1778152 269853820
======================
   8      32 sdc 80653 145 20225426 210372 915896 29915931 466856536 269736068 144 1779156 269997420
======================
   8      32 sdc 80654 145 20225434 210584 916523 29915931 467177560 269862068 144 1780160 270124272
======================
   8      32 sdc 80654 145 20225434 210584 917070 29915931 467457624 269984648 141 1781164 270267888
======================
   8      32 sdc 80654 145 20225434 210584 917825 29915931 467844184 270151460 154 1782168 270411264
======================
   8      32 sdc 80654 145 20225434 210584 918506 29915931 468193368 270293564 145 1783172 270555020
======================
   8      32 sdc 80654 145 20225434 210584 919120 29915931 468507224 270436276 139 1784176 270698816
======================
   8      32 sdc 80654 145 20225434 210584 919784 29915931 468847192 270580760 147 1785180 270842244
======================
   8      32 sdc 80654 145 20225434 210584 920461 29915931 469193816 270724384 142 1786184 270985576
======================
   8      32 sdc 80654 145 20225434 210584 920946 29915931 469442136 270827428 137 1787188 271127512
======================
   8      32 sdc 80654 145 20225434 210584 921786 29915931 469872216 271007336 148 1788192 271269684
======================
   8      32 sdc 80654 145 20225434 210584 922372 29915931 470172248 271153196 138 1789196 271412804
======================
   8      32 sdc 80654 145 20225434 210584 923070 29915931 470529624 271295208 144 1790200 271556564
======================
   8      32 sdc 80654 145 20225434 210584 923747 29915931 470876248 271439008 139 1791204 271700084
======================
   8      32 sdc 80654 145 20225434 210584 923970 29915931 470990424 271487852 42 1792208 271769404
======================
   8      32 sdc 80655 145 20225442 212232 924992 29915931 471513688 271578552 130 1793212 271829432
======================
   8      32 sdc 80655 145 20225442 212232 925621 29915931 471835736 271715484 141 1794216 271972244
======================
   8      32 sdc 80655 145 20225442 212232 926303 29915931 472184920 271851900 131 1795220 272115272
======================
   8      32 sdc 80655 145 20225442 212232 926933 29915931 472507480 271994808 141 1796224 272258628
======================
   8      32 sdc 80655 145 20225442 212232 927576 29915931 472836696 272138160 138 1797228 272401808
======================
   8      32 sdc 80655 145 20225442 212232 928241 29915931 473177176 272281788 145 1798232 272545056
======================
   8      32 sdc 80655 145 20225442 212232 928705 29915931 473414744 272381956 129 1799236 272684052
======================
   8      32 sdc 80655 145 20225442 212232 929542 29915931 473843288 272559184 130 1800240 272822768
======================
   8      32 sdc 80655 145 20225442 212232 930201 29915931 474180696 272703360 143 1801244 272966348
======================
   8      32 sdc 80655 145 20225442 212232 930877 29915931 474526808 272846776 139 1802248 273109780
======================
   8      32 sdc 80655 145 20225442 212232 931481 29915931 474836056 272993212 155 1803252 273254072
======================
   8      32 sdc 80655 145 20225442 212232 931645 29915931 474920024 273023408 47 1804256 273315556
======================
   8      32 sdc 80656 145 20225450 213952 932727 29915931 475474008 273128284 158 1805260 273382576
======================
   8      32 sdc 80656 145 20225450 213952 933418 29915931 475827800 273264264 139 1806264 273526128
======================
   8      32 sdc 80656 145 20225450 213952 934097 29915931 476175448 273408968 132 1807264 273670420
======================
   8      32 sdc 80656 145 20225450 213952 934738 29915931 476503640 273548752 131 1808272 273814544
======================
   8      32 sdc 80656 145 20225450 213952 935385 29915931 476834904 273693820 156 1809276 273958164
======================
   8      32 sdc 80656 145 20225450 213952 936061 29915931 477181016 273837320 152 1810280 274101984
======================
   8      32 sdc 80656 145 20225450 213952 936682 29915931 477498968 273984480 139 1811284 274246896
======================
   8      32 sdc 80656 145 20225450 213952 937355 29915931 477843544 274124952 138 1812288 274390528
======================
   8      32 sdc 80656 145 20225450 213952 938018 29915931 478183000 274269020 147 1813288 274533412
======================
   8      32 sdc 80656 145 20225450 213952 938679 29915931 478521432 274412296 158 1814292 274677208
======================
   8      32 sdc 80656 145 20225450 213952 939321 29915931 478850136 274555848 51 1815296 274814256
======================
   8      32 sdc 80656 145 20225450 213952 939322 29915931 478850648 274556052 50 1816300 274864456
======================
   8      32 sdc 80657 145 20225458 215576 940573 29915931 479491160 274696588 131 1817304 274963280
======================
   8      32 sdc 80657 145 20225458 215576 941226 29915931 479825496 274840232 150 1818308 275106792
======================
   8      32 sdc 80657 145 20225458 215576 941881 29915931 480160856 274982140 135 1819312 275250044
======================
   8      32 sdc 80657 145 20225458 215576 942257 29915931 480353368 275102560 138 1820316 275399352
======================
   8      32 sdc 80657 145 20225458 215576 943190 29915931 480831064 275275972 139 1821320 275542364
======================
   8      32 sdc 80657 145 20225458 215576 943866 29915931 481177176 275419840 134 1822324 275685876
======================
   8      32 sdc 80657 145 20225458 215576 944490 29915931 481496664 275561932 150 1823328 275829540
======================
   8      32 sdc 80657 145 20225458 215576 945086 29915931 481801816 275710552 130 1824332 275974492
======================
   8      32 sdc 80657 145 20225458 215576 945798 29915931 482166360 275851868 154 1825332 276117476
======================
   8      32 sdc 80657 145 20225458 215576 946474 29915931 482512472 275995240 150 1826336 276261200
======================
   8      32 sdc 80658 145 20225466 215772 947127 29915931 482846808 276126300 155 1827340 276391204
======================
   8      32 sdc 80658 145 20225466 215772 947763 29915931 483172440 276267044 144 1828344 276534244
======================
   8      32 sdc 80658 145 20225466 215772 948317 29915931 483456088 276401028 149 1829348 276677744
======================
   8      32 sdc 80658 145 20225466 215772 949054 29915931 483833432 276554616 148 1830352 276820972
======================
   8      32 sdc 80658 145 20225466 215772 949644 29915931 484135512 276682996 254 1831356 276990928
======================
   8      32 sdc 80658 145 20225466 215772 950353 29915931 484498520 276837940 235 1832360 277228216
======================
   8      32 sdc 80658 145 20225466 215772 951017 29915931 484838488 276988460 225 1833360 277460132
======================
   8      32 sdc 80658 145 20225466 215772 951650 29915931 485162584 277149356 232 1834364 277689520
======================
   8      32 sdc 80658 145 20225466 215772 952304 29915931 485497432 277310464 218 1835368 277913364
======================
   8      32 sdc 80658 145 20225466 215772 952666 29915931 485682776 277401084 208 1836372 278128568
======================
   8      32 sdc 80658 145 20225466 215772 953588 29915931 486154840 277623340 213 1837376 278342428
======================
   8      32 sdc 80658 145 20225466 215772 954251 29915931 486494296 277794660 222 1838380 278554612
======================
   8      32 sdc 80659 145 20225474 216028 954896 29915931 486824536 278121588 193 1839384 278731632
======================
   8      32 sdc 80659 145 20225474 216028 955538 29915931 487153240 278419808 159 1840388 278914440
======================
   8      32 sdc 80659 145 20225474 216028 956123 29915931 487452760 278788708 150 1841392 279059716
======================
   8      32 sdc 80659 145 20225474 216028 956868 29915931 487834200 278937012 141 1842396 279202688
======================
   8      32 sdc 80659 145 20225474 216028 957497 29915931 488156248 279081012 152 1843400 279347392
======================
   8      32 sdc 80659 145 20225474 216028 958146 29915931 488488536 279224368 143 1844404 279491108
======================
   8      32 sdc 80659 145 20225474 216028 958822 29915931 488834648 279367896 139 1845408 279634640
======================
   8      32 sdc 80659 145 20225474 216028 959498 29915931 489180760 279511312 135 1846412 279778052
======================
   8      32 sdc 80659 145 20225474 216028 960162 29915931 489520728 279653508 143 1847412 279921228
======================
   8      32 sdc 80659 145 20225474 216028 960786 29915931 489840728 279797288 159 1848416 280064688
======================
   8      32 sdc 80659 145 20225474 216028 961431 29915931 490170456 279942184 154 1849420 280208220
======================
   8      32 sdc 80659 145 20225474 216028 962101 29915931 490513496 280085408 156 1850424 280351852
======================
   8      32 sdc 80660 145 20225482 216304 962735 29916400 490837320 280205292 138 1851424 280472772
======================
   8      32 sdc 80660 145 20225482 216304 963377 29916400 491166024 280348820 136 1852428 280616260
======================
   8      32 sdc 80660 145 20225482 216304 963954 29916400 491461448 280483848 135 1853432 280759044
======================
   8      32 sdc 80660 145 20225482 216304 964701 29916400 491843912 280635104 156 1854436 280902272
======================
   8      32 sdc 80660 145 20225482 216304 965332 29916400 492166984 280778440 133 1855440 281045972
======================
   8      32 sdc 80660 145 20225482 216304 965974 29916400 492495688 280921864 131 1856444 281189400
======================
   8      32 sdc 80660 145 20225482 216304 966615 29916400 492823880 281064684 130 1857444 281332488
======================
   8      32 sdc 80660 145 20225482 216304 967279 29916400 493163848 281209172 138 1858448 281476212
======================
   8      32 sdc 80660 145 20225482 216304 967907 29916400 493485384 281352452 150 1859452 281619908
======================
   8      32 sdc 80660 145 20225482 216304 968554 29916400 493816648 281496620 143 1860456 281763496
======================
   8      32 sdc 80660 145 20225482 216304 969230 29916400 494162760 281640304 139 1861460 281907072
======================
   8      32 sdc 80660 145 20225482 216304 969884 29916400 494497608 281782828 157 1862464 282050656
======================
   8      32 sdc 80661 145 20225490 216600 970484 29916863 494803960 281896712 73 1863468 282162988
======================
   8      32 sdc 80661 145 20225490 216600 970567 29916882 494825440 281921228 0 1863692 282172948
======================
   8      32 sdc 80661 145 20225490 216600 970567 29916882 494825440 281921228 0 1863692 282172948
======================
   8      32 sdc 80661 145 20225490 216600 970567 29916882 494825440 281921228 0 1863692 282172948
======================
   8      32 sdc 80661 145 20225490 216600 970567 29916882 494825440 281921228 0 1863692 282172948
======================
   8      32 sdc 80661 145 20225490 216600 970567 29916882 494825440 281921228 0 1863692 282172948
======================
   8      32 sdc 80897 145 20227372 219048 970580 29916882 494825488 281921228 1 1863716 282175404
started
======================
   8      32 sdc 80899 145 20227388 219060 970582 29916882 494825496 281921228 0 1863720 282175408
======================
   8      32 sdc 81409 145 20356580 219664 970582 29916882 494825496 281921228 2 1864056 282176012
======================
   8      32 sdc 82708 145 20689124 221568 970582 29916882 494825496 281921228 2 1865060 282177916
======================
   8      32 sdc 83853 145 20981988 223396 970582 29916882 494825496 281921228 2 1866064 282179744
======================
   8      32 sdc 85148 145 21313252 225288 970582 29916882 494825496 281921228 2 1867068 282181636
======================
   8      32 sdc 86186 145 21578980 227184 970582 29916882 494825496 281921228 2 1868072 282183532
======================
   8      32 sdc 87480 145 21909988 229068 970582 29916882 494825496 281921228 3 1869080 282185444
======================
   8      32 sdc 88762 146 22238436 230956 970585 29916884 494825536 281921356 2 1870084 282187440
======================
   8      32 sdc 90084 146 22576612 232844 970585 29916884 494825536 281921356 2 1871088 282189328
======================
   8      32 sdc 91392 146 22911460 234712 970585 29916884 494825536 281921356 2 1872092 282191196
======================
   8      32 sdc 92623 146 23226596 236620 970585 29916884 494825536 281921356 2 1873096 282193104
======================
   8      32 sdc 93908 146 23555556 238540 970585 29916884 494825536 281921356 2 1874100 282195012
======================
   8      32 sdc 95192 146 23884260 240444 970585 29916884 494825536 281921356 2 1875104 282196916
======================
   8      32 sdc 96495 146 24217572 242340 970585 29916884 494825536 281921356 2 1876108 282198816
======================
   8      32 sdc 97798 146 24551140 244220 970585 29916884 494825536 281921356 2 1877112 282200696
======================
   8      32 sdc 99082 146 24879844 246124 970585 29916884 494825536 281921356 2 1878112 282202592
======================
   8      32 sdc 100409 146 25219556 248032 970585 29916884 494825536 281921356 2 1879116 282204500
======================
   8      32 sdc 101743 146 25561060 249932 970585 29916884 494825536 281921356 2 1880120 282206400
======================
   8      32 sdc 102991 146 25880548 251836 970585 29916884 494825536 281921356 2 1881124 282208304
======================
   8      32 sdc 104255 146 26203876 253744 970585 29916884 494825536 281921356 2 1882128 282210212
======================
   8      32 sdc 105607 146 26549988 255628 970585 29916884 494825536 281921356 2 1883132 282212092
======================
   8      32 sdc 106953 146 26894308 257532 970585 29916884 494825536 281921356 2 1884136 282213996
======================
   8      32 sdc 108306 146 27240676 259432 970585 29916884 494825536 281921356 2 1885140 282215896
======================
   8      32 sdc 109548 146 27558628 261328 970585 29916884 494825536 281921356 2 1886144 282217788
======================
   8      32 sdc 110796 146 27878116 263240 970585 29916884 494825536 281921356 2 1887148 282219700
======================
   8      32 sdc 112137 146 28221412 265116 970585 29916884 494825536 281921356 2 1888152 282221576
======================
   8      32 sdc 113421 146 28549860 267020 970585 29916884 494825536 281921356 2 1889156 282223484
======================
   8      32 sdc 114721 146 28882660 268920 970585 29916884 494825536 281921356 2 1890156 282225376
======================
   8      32 sdc 116050 146 29222884 270788 970585 29916884 494825536 281921356 2 1891160 282227244
======================
   8      32 sdc 117353 146 29556708 272680 970585 29916884 494825536 281921356 2 1892164 282229132
======================
   8      32 sdc 118627 146 29882596 274564 970585 29916884 494825536 281921356 2 1893168 282231012
======================
   8      32 sdc 119897 146 30207716 276460 970585 29916884 494825536 281921356 2 1894172 282232932
======================
   8      32 sdc 121183 146 30536932 278364 970585 29916884 494825536 281921356 2 1895176 282234812
======================
   8      32 sdc 122512 146 30877156 280248 970585 29916884 494825536 281921356 2 1896184 282236704
======================
   8      32 sdc 123833 146 31215332 282132 970585 29916884 494825536 281921356 2 1897188 282238588
======================
   8      32 sdc 125117 146 31544036 284044 970585 29916884 494825536 281921356 2 1898192 282240496
======================
   8      32 sdc 126429 146 31879908 285912 970585 29916884 494825536 281921356 2 1899196 282242360
======================
   8      32 sdc 127721 147 32210660 287788 970587 29916884 494825552 281921356 2 1900200 282244232
======================
   8      32 sdc 128958 147 32527332 289660 970587 29916884 494825552 281921356 2 1901204 282246108
======================
   8      32 sdc 130262 147 32861156 291552 970587 29916884 494825552 281921356 1 1902208 282247996
======================
   8      32 sdc 131558 147 33192932 293452 970587 29916884 494825552 281921356 2 1903212 282249900
======================
   8      32 sdc 132910 147 33539044 295344 970587 29916884 494825552 281921356 2 1904216 282251792
======================
   8      32 sdc 134237 147 33878756 297216 970587 29916884 494825552 281921356 2 1905220 282253664
======================
   8      32 sdc 135486 147 34198500 299104 970587 29916884 494825552 281921356 2 1906224 282255552
======================
   8      32 sdc 136776 147 34528740 301008 970587 29916884 494825552 281921356 1 1907224 282257448
======================
   8      32 sdc 138117 147 34872036 302892 970587 29916884 494825552 281921356 2 1908228 282259332
======================
   8      32 sdc 139414 147 35204068 304768 970587 29916884 494825552 281921356 2 1909236 282261212
======================
   8      32 sdc 140686 147 35529700 306640 970587 29916884 494825552 281921356 2 1910236 282263080
======================
   8      32 sdc 142003 147 35866596 308544 970587 29916884 494825552 281921356 2 1911240 282264984
======================
   8      32 sdc 143293 147 36196836 310456 970587 29916884 494825552 281921356 2 1912244 282266896
======================
   8      32 sdc 144577 147 36525540 312368 970587 29916884 494825552 281921356 2 1913248 282268800
======================
   8      32 sdc 145862 147 36854500 314244 970587 29916884 494825552 281921356 1 1914252 282270672
======================
   8      32 sdc 147136 147 37180644 316108 970587 29916884 494825552 281921356 2 1915256 282272536
======================
   8      32 sdc 148454 147 37518052 317996 970587 29916884 494825552 281921356 2 1916260 282274420
======================
   8      32 sdc 149752 147 37850340 319884 970587 29916884 494825552 281921356 2 1917264 282276308
======================
   8      32 sdc 151036 147 38179044 321796 970587 29916884 494825552 281921356 2 1918268 282278216
======================
   8      32 sdc 152366 147 38519524 323704 970587 29916884 494825552 281921356 2 1919272 282280124
======================
   8      32 sdc 153720 147 38866148 325584 970587 29916884 494825552 281921356 1 1920276 282282004
======================
   8      32 sdc 154961 147 39183844 327480 970587 29916884 494825552 281921356 2 1921280 282283900
======================
   8      32 sdc 156270 147 39518948 329376 970587 29916884 494825552 281921356 2 1922284 282285792
======================
   8      32 sdc 157603 147 39859940 331268 970587 29916884 494825552 281921356 2 1923288 282287684
======================
   8      32 sdc 158942 147 40202724 333156 970587 29916884 494825552 281921356 2 1924292 282289572
======================
   8      32 sdc 159231 147 40276708 333592 970587 29916884 494825552 281921356 0 1924524 282290008
