======================
   8      16 sdb 1305572 9 330476530 695184 3630288 4037392 1855239640 239718784 137 2189304 240408240
======================
   8      16 sdb 1305575 9 330476554 695452 3631789 4037392 1856007512 239841924 148 2190304 240531660
======================
   8      16 sdb 1305578 9 330476578 695460 3633249 4037392 1856754008 239952200 0 2191076 240636628
======================
   8      16 sdb 1305578 9 330476578 695460 3633249 4037392 1856754008 239952200 0 2191076 240636628
======================
   8      16 sdb 1305583 9 330476618 695460 3633249 4037392 1856754008 239952200 0 2191076 240636628
======================
   8      16 sdb 1305585 9 330476634 695472 3634473 4037424 1857379816 239976584 146 2191320 240667644
======================
   8      16 sdb 1305590 9 330476674 695600 3636870 4037424 1858606248 240113824 151 2192324 240805640
======================
   8      16 sdb 1305595 9 330476714 695776 3638795 4037424 1859590440 240248256 143 2193328 240940240
======================
   8      16 sdb 1305595 9 330476714 695776 3640990 4037424 1860712040 240388404 151 2194332 241082532
======================
   8      16 sdb 1305595 9 330476714 695776 3643461 4037424 1861975848 240533920 149 2195336 241223480
======================
   8      16 sdb 1305595 9 330476714 695776 3644193 4037522 1862323408 240573544 0 2195608 241258276
======================
   8      16 sdb 1305595 9 330476714 695776 3644193 4037522 1862323408 240573544 0 2195608 241258276
======================
   8      16 sdb 1305595 9 330476714 695776 3644193 4037522 1862323408 240573544 0 2195608 241258276
======================
   8      16 sdb 1305595 9 330476714 695776 3644193 4037522 1862323408 240573544 0 2195608 241258276
started
======================
   8      16 sdb 1305597 9 330476730 695788 3644193 4037522 1862323408 240573544 0 2195620 241258288
======================
   8      16 sdb 1305622 9 330476930 695792 3644193 4037522 1862323408 240573544 0 2195624 241258292
======================
   8      16 sdb 1305622 9 330476930 695792 3644193 4037522 1862323408 240573544 0 2195624 241258292
======================
   8      16 sdb 1305622 9 330476930 695792 3644193 4037522 1862323408 240573544 0 2195624 241258292
======================
   8      16 sdb 1305622 9 330476930 695792 3644193 4037522 1862323408 240573544 0 2195624 241258292
======================
   8      16 sdb 1305622 9 330476930 695792 3647196 4037522 1863859408 240614452 0 2195992 241299180
======================
   8      16 sdb 1305623 9 330476938 695868 3649328 4037525 1864949496 240749476 142 2196992 241439716
======================
   8      16 sdb 1305623 9 330476938 695868 3651253 4037525 1865934584 240892384 137 2197996 241582568
======================
   8      16 sdb 1305623 9 330476938 695868 3653177 4037525 1866919416 241035104 133 2199000 241725408
======================
   8      16 sdb 1305623 9 330476938 695868 3655096 4037525 1867901432 241178316 134 2200000 241867968
======================
   8      16 sdb 1305623 9 330476938 695868 3656993 4037525 1868872696 241321116 157 2201004 242010936
======================
   8      16 sdb 1305623 9 330476938 695868 3658895 4037528 1869845536 241464240 145 2202008 242154312
======================
   8      16 sdb 1305623 9 330476938 695868 3660820 4037528 1870831136 241607212 140 2203012 242297268
======================
   8      16 sdb 1305623 9 330476938 695868 3662739 4037528 1871813664 241749852 141 2204016 242440048
======================
   8      16 sdb 1305623 9 330476938 695868 3664663 4037528 1872798752 241892692 138 2205020 242582816
======================
   8      16 sdb 1305623 9 330476938 695868 3666587 4037528 1873783840 242035256 135 2206024 242725408
======================
   8      16 sdb 1305623 9 330476938 695868 3668508 4037531 1874766408 242177908 136 2207028 242868124
======================
   8      16 sdb 1305623 9 330476938 695868 3670425 4037532 1875747912 242320764 139 2208032 243010952
======================
   8      16 sdb 1305623 9 330476938 695868 3672327 4037532 1876721480 242463080 155 2209036 243153276
======================
   8      16 sdb 1305623 9 330476938 695868 3674244 4037532 1877702472 242605768 128 2210036 243295408
======================
   8      16 sdb 1305623 9 330476938 695868 3676164 4037532 1878685000 242747448 128 2211040 243437224
======================
   8      16 sdb 1305623 9 330476938 695868 3678091 4037535 1879669872 242890348 155 2212044 243580100
======================
   8      16 sdb 1305623 9 330476938 695868 3680018 4037535 1880655728 243033088 148 2213048 243722852
======================
   8      16 sdb 1305623 9 330476938 695868 3681943 4037535 1881640304 243176160 143 2214052 243865968
======================
   8      16 sdb 1305623 9 330476938 695868 3683842 4037535 1882612080 243318328 132 2215056 244008224
======================
   8      16 sdb 1305623 9 330476938 695868 3685744 4037535 1883585136 243461220 150 2216060 244151224
======================
   8      16 sdb 1305623 9 330476938 695868 3687667 4037538 1884568216 243604192 149 2217064 244294284
======================
   8      16 sdb 1305623 9 330476938 695868 3689595 4037538 1885554328 243746936 141 2218068 244436900
======================
   8      16 sdb 1305623 9 330476938 695868 3691519 4037538 1886539416 243889516 137 2219072 244579452
======================
   8      16 sdb 1305623 9 330476938 695868 3693444 4037538 1887525016 244032200 132 2220076 244722112
======================
   8      16 sdb 1305623 9 330476938 695868 3695367 4037538 1888509080 244174812 129 2221080 244864828
======================
   8      16 sdb 1305623 9 330476938 695868 3697266 4037541 1889480128 244317592 152 2222080 245007256
======================
   8      16 sdb 1305623 9 330476938 695868 3699169 4037541 1890452928 244460316 137 2223084 245149992
======================
   8      16 sdb 1305623 9 330476938 695868 3701092 4037541 1891436480 244602912 134 2224088 245292504
======================
   8      16 sdb 1305623 9 330476938 695868 3703017 4037541 1892421568 244745432 129 2225092 245435096
======================
   8      16 sdb 1305623 9 330476938 695868 3704943 4037541 1893406912 244888048 129 2226096 245577688
======================
   8      16 sdb 1305623 9 330476938 695868 3706870 4037544 1894391528 245030680 156 2227100 245720340
======================
   8      16 sdb 1305623 9 330476938 695868 3708787 4037544 1895372776 245173296 134 2228104 245863008
======================
   8      16 sdb 1305623 9 330476938 695868 3710687 4037544 1896345320 245316064 147 2229108 246006032
======================
   8      16 sdb 1305623 9 330476938 695868 3712605 4037544 1897327080 245458324 149 2230108 246147880
======================
   8      16 sdb 1305623 9 330476938 695868 3714523 4037544 1898309096 245600716 152 2231112 246289088
======================
   8      16 sdb 1305623 9 330476938 695868 3716449 4037547 1899294224 245741764 148 2232116 246431608
======================
   8      16 sdb 1305623 9 330476938 695868 3718373 4037547 1900279056 245884052 144 2233120 246573848
======================
   8      16 sdb 1305623 9 330476938 695868 3720293 4037547 1901261328 246026356 144 2234124 246716356
======================
   8      16 sdb 1305623 9 330476938 695868 3722218 4037547 1902246160 246168784 139 2235124 246858292
======================
   8      16 sdb 1305623 9 330476938 695868 3724014 4037547 1903165456 246303812 135 2236128 247000732
======================
   8      16 sdb 1305623 9 330476938 695868 3726021 4037550 1904191544 246452812 134 2237132 247142320
======================
   8      16 sdb 1305623 9 330476938 695868 3727919 4037550 1905162552 246595220 149 2238136 247284852
======================
   8      16 sdb 1305623 9 330476938 695868 3729843 4037550 1906147384 246737756 145 2239140 247427464
======================
   8      16 sdb 1305623 9 330476938 695868 3731767 4037551 1907132216 246880080 141 2240144 247569972
======================
   8      16 sdb 1305623 9 330476938 695868 3733687 4037551 1908114744 247022816 141 2241144 247712216
======================
   8      16 sdb 1305623 9 330476938 695868 3735615 4037555 1909099872 247165368 135 2242148 247854844
======================
   8      16 sdb 1305623 9 330476938 695868 3737538 4037555 1910084448 247308012 132 2243152 247997356
======================
   8      16 sdb 1305623 9 330476938 695868 3739438 4037555 1911057248 247450804 152 2244156 248140328
======================
   8      16 sdb 1305623 9 330476938 695868 3741335 4037555 1912028512 247593612 143 2245160 248283236
======================
   8      16 sdb 1305623 9 330476938 695868 3743258 4037555 1913012832 247736072 140 2246164 248425876
======================
   8      16 sdb 1305623 9 330476938 695868 3745186 4037558 1913998216 247878200 134 2247168 248567892
======================
   8      16 sdb 1305623 9 330476938 695868 3747109 4037558 1914981768 248021124 131 2248172 248710716
======================
   8      16 sdb 1305623 9 330476938 695868 3749029 4037558 1915964808 248163376 131 2249176 248853048
======================
   8      16 sdb 1305623 9 330476938 695868 3750953 4037558 1916948872 248305628 137 2250180 248995356
======================
   8      16 sdb 1305623 9 330476938 695868 3752851 4037558 1917919880 248447548 149 2251180 249137480
======================
   8      16 sdb 1305623 9 330476938 695868 3754777 4037561 1918904496 248591256 147 2252184 249280776
======================
   8      16 sdb 1305625 9 330476954 695964 3756683 4037561 1919879600 248724912 141 2253188 249414436
