======================
   8      16 sdb 660151 3 168653648 223548 805615 4015453 410157408 58302540 0 582104 58522808
======================
   8      16 sdb 660151 3 168653648 223548 805615 4015453 410157408 58302540 0 582104 58522808
======================
   8      16 sdb 660640 3 168657560 223568 805615 4015453 410157408 58302540 0 582124 58522828
======================
   8      16 sdb 660640 3 168657560 223568 805615 4015453 410157408 58302540 0 582124 58522828
======================
   8      16 sdb 660682 3 168657896 223680 809433 4015453 412112224 58352004 22 582704 58573812
======================
   8      16 sdb 660686 3 168657928 223980 811352 4015453 413094752 58471880 95 583704 58692860
======================
   8      16 sdb 660690 3 168657960 224224 813249 4015453 414066016 58589512 143 584704 58815332
======================
   8      16 sdb 660694 3 168657992 224476 815102 4015967 415013824 58710308 154 585708 58935116
======================
   8      16 sdb 660697 3 168658016 224700 816701 4016440 415815128 58804360 137 586712 59053612
======================
   8      16 sdb 660700 3 168658040 224708 818322 4016440 416645080 58925096 145 587716 59198016
======================
   8      16 sdb 660703 3 168658064 224744 819709 4016440 417355224 59115976 134 588720 59341564
======================
   8      16 sdb 660708 3 168658104 224832 821728 4016440 418388952 59257120 139 589724 59482660
======================
   8      16 sdb 660712 3 168658136 225024 823732 4016461 419414664 59395308 128 590728 59621044
======================
   8      16 sdb 660716 3 168658168 225040 825747 4016461 420446856 59536932 137 591728 59762304
======================
   8      16 sdb 660719 3 168658192 225064 827641 4016461 421416072 59677956 140 592732 59903532
======================
   8      16 sdb 660725 3 168658240 225160 830123 4016461 422687368 59815284 135 593736 60040884
======================
   8      16 sdb 660730 3 168658280 225252 832397 4016461 423851144 59953804 138 594740 60180300
======================
   8      16 sdb 660733 3 168658304 225324 834321 4016461 424836232 60093608 116 595744 60320776
======================
   8      16 sdb 660738 3 168658344 225492 836246 4016461 425821832 60226036 129 596748 60453388
======================
   8      16 sdb 660742 3 168658376 225652 838163 4016461 426803336 60361100 155 597752 60589232
======================
   8      16 sdb 660746 3 168658408 225820 840091 4016461 427790472 60496744 127 598752 60722716
======================
   8      16 sdb 660749 3 168658432 225960 841990 4016461 428762760 60630152 127 599756 60857728
======================
   8      16 sdb 660754 3 168658472 226196 843888 4016507 429733896 60754780 137 600756 60982828
======================
   8      16 sdb 660758 3 168658504 226444 845812 4016522 430718096 60880376 133 601760 61108548
======================
   8      16 sdb 660762 3 168658536 226696 847735 4016522 431702672 61008744 57 602764 61233256
======================
   8      16 sdb 660765 3 168658560 226900 849686 4016522 432701584 61134828 115 603780 61363192
======================
   8      16 sdb 660770 3 168658600 227192 851624 4016522 433693848 61254772 142 604788 61483640
======================
   8      16 sdb 660774 3 168658632 227508 853548 4016583 434676392 61369620 139 605784 61598624
======================
   8      16 sdb 660778 3 168658664 227824 855452 4016600 435649864 61492744 133 606784 61717432
======================
   8      16 sdb 660781 3 168658688 228068 857348 4016600 436620616 61611924 142 607780 61841804
======================
   8      16 sdb 660786 3 168658728 228380 859272 4016600 437605704 61727248 131 608780 61957556
======================
   8      16 sdb 660790 3 168658760 228676 861190 4016600 438587720 61844280 149 609780 62075084
======================
   8      16 sdb 660794 3 168658792 228976 863109 4016622 439569920 61968160 150 610784 62195020
======================
   8      16 sdb 660797 3 168658816 229204 865036 4016639 440555168 62088960 107 611784 62319504
======================
   8      16 sdb 660802 3 168658856 229516 866956 4016639 441538208 62205456 137 612784 62436528
======================
   8      16 sdb 660806 3 168658888 229828 868854 4016639 442509984 62320692 153 613784 62551816
======================
   8      16 sdb 660809 3 168658912 230044 870753 4016639 443482272 62444852 21 614788 62672772
======================
   8      16 sdb 660813 3 168658944 230336 872677 4016662 444467040 62559948 146 615788 62789332
======================
   8      16 sdb 660818 3 168658984 230648 874604 4016678 445451776 62672868 132 616788 62905336
======================
   8      16 sdb 660822 3 168659016 230964 876520 4016678 446432768 62788620 137 617792 63020760
======================
   8      16 sdb 660825 3 168659040 231176 878443 4016678 447417344 62912296 16 618792 63141016
======================
   8      16 sdb 660829 3 168659072 231480 880367 4016678 448402432 63031240 130 619796 63264412
======================
   8      16 sdb 660834 3 168659112 231788 882267 4016701 449374912 63147180 142 620796 63380952
======================
   8      16 sdb 660838 3 168659144 232108 884164 4016718 450344800 63264492 133 621796 63496404
======================
   8      16 sdb 660841 3 168659168 232332 886087 4016718 451329376 63387296 56 622800 63619304
======================
   8      16 sdb 660845 3 168659200 232632 888012 4016718 452314976 63506032 137 623804 63740184
======================
   8      16 sdb 660850 3 168659240 232944 889929 4016718 453296480 63622444 142 624804 63857096
======================
   8      16 sdb 660854 3 168659272 233240 891852 4016740 454280728 63740600 147 625808 63974092
======================
   8      16 sdb 660857 3 168659296 233460 893777 4016757 455264952 63863428 50 626812 64096340
======================
   8      16 sdb 660861 3 168659328 233752 895673 4016757 456236216 63981456 149 627812 64217260
======================
   8      16 sdb 660866 3 168659368 234060 897575 4016757 457209528 64096752 150 628808 64332524
======================
   8      16 sdb 660870 3 168659400 234368 899497 4016757 458193592 64216080 146 629808 64448140
======================
   8      16 sdb 660873 3 168659424 234592 901421 4016780 459178360 64331796 87 630808 64566556
======================
   8      16 sdb 660877 3 168659456 234892 903342 4016796 460160024 64449752 141 631808 64686468
======================
   8      16 sdb 660882 3 168659496 235200 905262 4016796 461143064 64566400 133 632812 64803296
======================
   8      16 sdb 660886 3 168659528 235504 907184 4016796 462127128 64685240 144 633808 64918892
======================
   8      16 sdb 660889 3 168659552 235724 909103 4016796 463109656 64806136 89 634808 65042568
======================
   8      16 sdb 660893 3 168659584 236040 911004 4016819 464082648 64919264 143 635808 65156520
======================
   8      16 sdb 660898 3 168659624 236360 912909 4016836 465056632 65034280 140 636812 65272096
======================
   8      16 sdb 660902 3 168659656 236672 914833 4016836 466041720 65152504 133 637812 65387524
======================
   8      16 sdb 660905 3 168659680 236896 916753 4016836 467024760 65273220 91 638816 65511060
======================
   8      16 sdb 660909 3 168659712 237188 918674 4016836 468008312 65388792 142 639812 65627476
======================
   8      16 sdb 660914 3 168659752 237488 920596 4016858 468991544 65502696 138 640812 65741332
======================
   8      16 sdb 660918 3 168659784 237788 922517 4016875 469974224 65619196 142 641816 65854800
======================
   8      16 sdb 660921 3 168659808 238004 924423 4016875 470950096 65736740 105 642820 65975796
======================
   8      16 sdb 660925 3 168659840 238300 926324 4016875 471923408 65853412 135 643820 66093080
======================
   8      16 sdb 660930 3 168659880 238620 928243 4016875 472905936 65969744 152 644824 66208868
======================
   8      16 sdb 660934 3 168659912 238928 930167 4016898 473890200 66084560 26 645828 66319756
======================
   8      16 sdb 660937 3 168659936 239144 932089 4016914 474872880 66201372 124 646828 66441364
======================
   8      16 sdb 660941 3 168659968 239424 934011 4016914 475857456 66316888 131 647828 66557640
======================
   8      16 sdb 660946 3 168660008 239748 935930 4016914 476839472 66433032 148 648832 66673028
======================
   8      16 sdb 660949 3 168660032 239976 937828 4016914 477811248 66552560 17 649836 66789892
======================
   8      16 sdb 660953 3 168660064 240268 939728 4016937 478783728 66668940 145 650836 66910792
======================
   8      16 sdb 660957 3 168660096 240568 941647 4016954 479765392 66787140 147 651836 67028968
======================
   8      16 sdb 660962 3 168660136 240884 943566 4016954 480747408 66905504 154 652836 67145348
======================
   8      16 sdb 660965 3 168660160 241120 945488 4016954 481731472 67024276 41 653836 67264196
======================
   8      16 sdb 660969 3 168660192 241412 947411 4016954 482716048 67142744 144 654836 67385360
======================
   8      16 sdb 660973 3 168660224 241708 949331 4016976 483698760 67260196 129 655840 67503004
======================
   8      16 sdb 660978 3 168660264 242020 951234 4016993 484671720 67380308 132 656844 67620268
======================
   8      16 sdb 660981 3 168660288 242280 953132 4016993 485643496 67499248 82 657848 67741892
======================
   8      16 sdb 660985 3 168660320 242572 955055 4016993 486628072 67617936 153 658852 67861944
======================
   8      16 sdb 660989 3 168660352 242876 956974 4016993 487610600 67737092 153 659852 67981004
======================
   8      16 sdb 660994 3 168660392 243188 958898 4017015 488594856 67851372 149 660856 68091540
======================
   8      16 sdb 660997 3 168660416 243424 960822 4017031 489579064 67968480 75 661860 68211920
======================
   8      16 sdb 661001 3 168660448 243716 962741 4017031 490561592 68086640 152 662864 68331588
======================
   8      16 sdb 661005 3 168660480 244016 964638 4017031 491532856 68205424 141 663864 68450940
======================
   8      16 sdb 661008 3 168660504 244240 966528 4017031 492500536 68328028 1 664864 68568368
======================
   8      16 sdb 661013 3 168660544 244556 968461 4017055 493489920 68439812 117 665864 68685220
======================
   8      16 sdb 661017 3 168660576 244864 970382 4017071 494472968 68558796 152 666868 68804624
======================
   8      16 sdb 661021 3 168660608 245180 972307 4017071 495456680 68678224 131 667872 68924680
======================
   8      16 sdb 661024 3 168660632 245400 974214 4017071 496433064 68801460 1 668876 69042928
======================
   8      16 sdb 661029 3 168660672 245712 976148 4017071 497423272 68916376 115 669880 69163276
======================
   8      16 sdb 661033 3 168660704 246016 978049 4017093 498396256 69035068 133 670880 69282080
======================
   8      16 sdb 661037 3 168660736 246304 979948 4017110 499368040 69152580 138 671884 69400456
======================
   8      16 sdb 661040 3 168660760 246528 981845 4017110 500338432 69275420 22 672888 69519716
======================
   8      16 sdb 661045 3 168660800 246844 983766 4017110 501321984 69389160 141 673880 69637140
======================
   8      16 sdb 661049 3 168660832 247128 985685 4017110 502304512 69507804 127 674880 69756120
======================
   8      16 sdb 661053 3 168660864 247448 987603 4017133 503285704 69620688 138 675880 69868296
======================
   8      16 sdb 661056 3 168660888 247668 989526 4017149 504269408 69744176 26 676884 69989508
======================
   8      16 sdb 661061 3 168660928 247980 991448 4017149 505252960 69857996 152 677880 70107348
======================
   8      16 sdb 661065 3 168660960 248276 993371 4017149 506237536 69976492 132 678880 70225628
======================
   8      16 sdb 661069 3 168660992 248572 995272 4017149 507210848 70095564 147 679880 70344116
======================
   8      16 sdb 661072 3 168661016 248784 997171 4017173 508182824 70215392 62 680884 70463704
======================
   8      16 sdb 661077 3 168661056 249112 999095 4017190 509166032 70327440 151 681880 70577380
======================
   8      16 sdb 661081 3 168661088 249396 1001015 4017190 510149072 70443464 146 682884 70693660
======================
   8      16 sdb 661085 3 168661120 249680 1002937 4017190 511133136 70562164 142 683884 70810900
======================
   8      16 sdb 661088 3 168661144 249892 1004861 4017190 512118224 70682964 56 684888 70932020
======================
   8      16 sdb 661093 3 168661184 250224 1006779 4017212 513099912 70795148 132 685892 71046576
======================
   8      16 sdb 661097 3 168661216 250512 1008680 4017212 514072720 70910320 153 686888 71161608
======================
   8      16 sdb 661101 3 168661248 250812 1010580 4017228 515044136 71032612 144 687892 71280512
======================
   8      16 sdb 661104 3 168661272 251040 1012503 4017228 516028712 71152332 99 688896 71403784
======================
   8      16 sdb 661109 3 168661312 251352 1014420 4017228 517010216 71266312 145 689900 71518664
======================
   8      16 sdb 661113 3 168661344 251656 1016338 4017250 517991912 71379584 137 690904 71632388
======================
   8      16 sdb 661117 3 168661376 251952 1018262 4017266 518975608 71501516 147 691904 71750264
======================
   8      16 sdb 661120 3 168661400 252176 1020180 4017266 519957624 71620776 106 692908 71873500
======================
   8      16 sdb 661125 3 168661440 252512 1022076 4017266 520928376 71730272 150 693908 71983588
======================
   8      16 sdb 661129 3 168661472 252816 1023976 4017266 521901176 71847260 128 694908 72100608
======================
   8      16 sdb 661132 3 168661496 253044 1025899 4017290 522885440 71969180 20 695904 72219216
======================
   8      16 sdb 661136 3 168661528 253348 1027822 4017307 523868136 72087372 128 696908 72341540
======================
   8      16 sdb 661141 3 168661568 253656 1029744 4017307 524852200 72200924 146 697912 72455464
======================
   8      16 sdb 661145 3 168661600 253944 1031668 4017307 525837288 72320692 152 698912 72575268
======================
   8      16 sdb 661148 3 168661624 254160 1033592 4017307 526822376 72444668 11 699916 72695296
======================
   8      16 sdb 661152 3 168661656 254460 1035491 4017329 527794344 72563932 138 700920 72819468
======================
   8      16 sdb 661157 3 168661696 254780 1037391 4017329 528766632 72677116 145 701920 72932916
======================
   8      16 sdb 661161 3 168661728 255088 1039310 4017329 529749160 72797728 128 702924 73052360
======================
   8      16 sdb 661164 3 168661752 255304 1041233 4017329 530733736 72920520 52 703920 73174496
======================
   8      16 sdb 661168 3 168661784 255600 1043157 4017329 531718824 73039444 152 704920 73295756
======================
   8      16 sdb 661173 3 168661824 255932 1045080 4017351 532702568 73146852 151 705924 73403620
======================
   8      16 sdb 661177 3 168661856 256228 1047000 4017351 533685608 73266680 151 706924 73522584
======================
   8      16 sdb 661180 3 168661880 256448 1048900 4017351 534658408 73389984 67 707928 73645868
======================
   8      16 sdb 661184 3 168661912 256752 1050800 4017351 535631208 73509440 136 708932 73767112
======================
   8      16 sdb 661186 3 168661928 256840 1051539 4017415 536003520 73554620 0 709312 73807080
======================
   8      16 sdb 661186 3 168661928 256840 1051539 4017415 536003520 73554620 0 709312 73807080
======================
   8      16 sdb 661186 3 168661928 256840 1051539 4017415 536003520 73554620 0 709312 73807080
======================
   8      16 sdb 661186 3 168661928 256840 1051539 4017415 536003520 73554620 0 709312 73807080
======================
   8      16 sdb 661186 3 168661928 256840 1051539 4017415 536003520 73554620 0 709312 73807080
======================
   8      16 sdb 661186 3 168661928 256840 1051539 4017415 536003520 73554620 0 709312 73807080
started
======================
   8      16 sdb 661311 3 168662922 257012 1051554 4017415 536003576 73554624 0 709320 73807256
======================
   8      16 sdb 662547 3 168978346 257480 1051554 4017415 536003576 73554624 2 709620 73807720
======================
   8      16 sdb 666585 3 170012074 258752 1051554 4017415 536003576 73554624 2 710624 73808992
======================
   8      16 sdb 670673 3 171058602 260072 1051554 4017415 536003576 73554624 1 711628 73810308
======================
   8      16 sdb 674765 3 172106154 261372 1051554 4017415 536003576 73554624 2 712632 73811604
======================
   8      16 sdb 678842 3 173149866 262672 1051554 4017415 536003576 73554624 2 713632 73812900
======================
   8      16 sdb 682848 3 174175402 264028 1051554 4017415 536003576 73554624 2 714632 73814252
======================
   8      16 sdb 686815 4 175191210 265396 1051557 4017416 536003608 73554712 1 715636 73815708
======================
   8      16 sdb 690825 4 176217770 266720 1051557 4017416 536003608 73554712 1 716632 73817032
======================
   8      16 sdb 694878 4 177255338 268112 1051557 4017416 536003608 73554712 2 717632 73818424
======================
   8      16 sdb 698959 4 178300074 269508 1051557 4017416 536003608 73554712 1 718636 73819820
======================
   8      16 sdb 703049 4 179347114 270860 1051557 4017416 536003608 73554712 1 719640 73821172
======================
   8      16 sdb 707138 4 180393898 272264 1051557 4017416 536003608 73554712 2 720644 73822576
======================
   8      16 sdb 711071 4 181400746 273592 1051557 4017416 536003608 73554712 1 721636 73823896
======================
   8      16 sdb 715063 4 182422698 274968 1051557 4017416 536003608 73554712 1 722632 73825272
======================
   8      16 sdb 719132 4 183464362 276324 1051557 4017416 536003608 73554712 1 723632 73826628
======================
   8      16 sdb 723130 4 184487850 277612 1051557 4017416 536003608 73554712 1 724628 73827912
======================
   8      16 sdb 727184 4 185525674 278888 1051557 4017416 536003608 73554712 1 725632 73829180
======================
   8      16 sdb 731264 4 186570154 280152 1051557 4017416 536003608 73554712 2 726632 73830436
======================
   8      16 sdb 735358 4 187618218 281440 1051557 4017416 536003608 73554712 2 727632 73831720
======================
   8      16 sdb 739376 4 188647082 282764 1051557 4017416 536003608 73554712 2 728636 73833044
======================
   8      16 sdb 743455 4 189691050 284116 1051557 4017416 536003608 73554712 1 729632 73834392
======================
   8      16 sdb 747426 4 190707626 285520 1051557 4017416 536003608 73554712 2 730636 73835792
======================
   8      16 sdb 751452 4 191738282 286844 1051557 4017416 536003608 73554712 1 731624 73837112
======================
   8      16 sdb 755448 4 192761258 288224 1051557 4017416 536003608 73554712 2 732612 73838488
======================
   8      16 sdb 759508 4 193800618 289680 1051557 4017416 536003608 73554712 2 733616 73839940
======================
   8      16 sdb 763573 4 194841258 291060 1051557 4017416 536003608 73554712 2 734620 73841320
======================
   8      16 sdb 767644 4 195883434 292372 1051557 4017416 536003608 73554712 1 735620 73842632
======================
   8      16 sdb 771609 4 196898474 293708 1051557 4017416 536003608 73554712 1 736612 73843964
======================
   8      16 sdb 775606 4 197921706 295084 1051557 4017416 536003608 73554712 2 737608 73845332
======================
   8      16 sdb 779656 4 198958506 296404 1051557 4017416 536003608 73554712 1 738608 73846652
======================
   8      16 sdb 783725 4 200000170 297788 1051557 4017416 536003608 73554712 1 739608 73848036
======================
   8      16 sdb 787778 4 201037738 299188 1051557 4017416 536003608 73554712 2 740600 73849432
======================
   8      16 sdb 791850 4 202080170 300596 1051557 4017416 536003608 73554712 2 741604 73850840
======================
   8      16 sdb 795879 4 203111594 301948 1051557 4017416 536003608 73554712 1 742596 73852196
======================
   8      16 sdb 799880 4 204135850 303384 1051557 4017416 536003608 73554712 1 743600 73853628
======================
   8      16 sdb 803881 4 205160106 304792 1051557 4017416 536003608 73554712 1 744604 73855036
======================
   8      16 sdb 807941 4 206199466 306164 1051557 4017416 536003608 73554712 1 745608 73856408
======================
   8      16 sdb 811960 4 207228330 307452 1051558 4017416 536003616 73554740 1 746608 73857712
======================
   8      16 sdb 815996 4 208261546 308688 1051558 4017416 536003616 73554740 1 747592 73858948
======================
   8      16 sdb 820034 4 209295274 309892 1051558 4017416 536003616 73554740 2 748588 73860152
======================
   8      16 sdb 824112 4 210339242 311264 1051558 4017416 536003616 73554740 2 749588 73861524
======================
   8      16 sdb 828121 4 211365546 312672 1051558 4017416 536003616 73554740 2 750592 73862928
======================
   8      16 sdb 832132 4 212392362 314088 1051558 4017416 536003616 73554740 2 751596 73864344
======================
   8      16 sdb 836111 4 213410986 315452 1051558 4017416 536003616 73554740 1 752592 73865708
======================
   8      16 sdb 840185 4 214453930 316888 1051558 4017416 536003616 73554740 1 753592 73867140
======================
   8      16 sdb 844262 4 215497642 318272 1051558 4017416 536003616 73554740 2 754596 73868524
======================
   8      16 sdb 848335 4 216540330 319676 1051558 4017416 536003616 73554740 1 755592 73869924
======================
   8      16 sdb 852403 4 217581738 321080 1051558 4017416 536003616 73554740 1 756596 73871328
======================
   8      16 sdb 856457 4 218619562 322460 1051558 4017416 536003616 73554740 1 757596 73872712
======================
   8      16 sdb 860453 4 219642538 323852 1051558 4017416 536003616 73554740 2 758596 73874100
======================
   8      16 sdb 864438 4 220662698 325224 1051558 4017416 536003616 73554740 2 759596 73875472
======================
   8      16 sdb 868530 4 221710250 326632 1051558 4017416 536003616 73554740 2 760596 73876880
======================
   8      16 sdb 872613 4 222755498 328024 1051558 4017416 536003616 73554740 2 761600 73878272
======================
   8      16 sdb 876643 4 223787178 329396 1051558 4017416 536003616 73554740 2 762596 73879632
======================
   8      16 sdb 880723 4 224831658 330800 1051558 4017416 536003616 73554740 1 763600 73881028
======================
   8      16 sdb 884799 4 225875114 332148 1051558 4017416 536003616 73554740 1 764600 73882372
======================
   8      16 sdb 888801 4 226899626 333580 1051558 4017416 536003616 73554740 1 765604 73883804
======================
   8      16 sdb 892761 4 227913386 334932 1051558 4017416 536003616 73554740 2 766596 73885164
======================
   8      16 sdb 896807 4 228949162 336276 1051558 4017416 536003616 73554740 1 767588 73886504
======================
   8      16 sdb 900880 4 229991850 337644 1051558 4017416 536003616 73554740 1 768588 73887872
======================
   8      16 sdb 904890 4 231018410 338924 1051558 4017416 536003616 73554740 1 769576 73889152
