======================
   8      16 sdb 194082 1 49566156 64852 313768 4012467 158472824 22983816 0 209868 23046776
======================
   8      16 sdb 194082 1 49566156 64852 313768 4012467 158472824 22983816 0 209868 23046776
======================
   8      16 sdb 194085 1 49566180 64852 313768 4012467 158472824 22983816 0 209868 23046776
======================
   8      16 sdb 194085 1 49566180 64852 313768 4012467 158472824 22983816 0 209868 23046776
======================
   8      16 sdb 194119 1 49566452 64856 315696 4012476 159456000 22991600 0 210040 23054560
======================
   8      16 sdb 194120 1 49566460 64856 318443 4012476 160862464 23106768 152 210928 23174952
======================
   8      16 sdb 194120 1 49566460 64856 319891 4012476 161603840 23245440 144 211932 23312520
======================
   8      16 sdb 194121 1 49566468 64920 321530 4012476 162443008 23381256 149 212936 23448472
======================
   8      16 sdb 194121 1 49566468 64920 323789 4012476 163599616 23510244 130 213936 23589996
======================
   8      16 sdb 194121 1 49566468 64920 324872 4012502 164154328 23657168 135 214940 23725260
======================
   8      16 sdb 194121 1 49566468 64920 327068 4012502 165278168 23798672 141 215944 23865096
======================
   8      16 sdb 194122 1 49566476 64932 331120 4012502 167352792 24023744 138 217576 24091380
======================
   8      16 sdb 194122 1 49566476 64932 332662 4012502 168142296 24143888 134 218576 24236332
======================
   8      16 sdb 194122 1 49566476 64932 334352 4012502 169007576 24313264 140 219580 24380232
======================
   8      16 sdb 194123 1 49566484 64964 336857 4012502 170290136 24452660 132 220584 24519852
======================
   8      16 sdb 194123 1 49566484 64964 338787 4012502 171278296 24593708 154 221588 24662160
======================
   8      16 sdb 194123 1 49566484 64964 340709 4012502 172262360 24736248 152 222588 24804356
======================
   8      16 sdb 194123 1 49566484 64964 342620 4012502 173240792 24878460 129 223592 24946564
======================
   8      16 sdb 194124 1 49566492 65032 344510 4012502 174208472 25017120 130 224596 25085412
======================
   8      16 sdb 194124 1 49566492 65032 346400 4012502 175176152 25158468 128 225600 25226824
======================
   8      16 sdb 194124 1 49566492 65032 348317 4012502 176157656 25299836 131 226600 25367828
======================
   8      16 sdb 194124 1 49566492 65032 350239 4012502 177141720 25440396 129 227604 25508540
======================
   8      16 sdb 194125 1 49566500 65112 352162 4012502 178126296 25573968 148 228608 25642596
======================
   8      16 sdb 194125 1 49566500 65112 354080 4012502 179108312 25715820 150 229608 25783984
======================
   8      16 sdb 194125 1 49566500 65112 356000 4012502 180091352 25858168 150 230612 25926280
======================
   8      16 sdb 194125 1 49566500 65112 357899 4012502 181063640 26000444 139 231616 26068880
======================
   8      16 sdb 194126 1 49566508 65196 359800 4012576 182036032 26134180 143 232620 26202856
======================
   8      16 sdb 194126 1 49566508 65196 361722 4012594 183018224 26276192 141 233620 26344280
======================
   8      16 sdb 194126 1 49566508 65196 363645 4012594 184002800 26417400 138 234624 26485720
======================
   8      16 sdb 194126 1 49566508 65196 365566 4012594 184986352 26559060 137 235628 26627488
======================
   8      16 sdb 194127 1 49566516 65276 367484 4012594 185967864 26693952 151 236632 26762804
======================
   8      16 sdb 194127 1 49566516 65276 369409 4012681 186950632 26830744 137 237636 26899748
======================
   8      16 sdb 194127 1 49566516 65276 371326 4012681 187932136 26972368 140 238640 27041752
======================
   8      16 sdb 194127 1 49566516 65276 373228 4012681 188905960 27114724 144 239644 27183740
======================
   8      16 sdb 194128 1 49566524 65360 375132 4012681 189880304 27248760 147 240644 27317524
======================
   8      16 sdb 194128 1 49566524 65360 377058 4012698 190865544 27390528 141 241648 27459368
======================
   8      16 sdb 194128 1 49566524 65360 378979 4012721 191849288 27527100 139 242652 27596328
======================
   8      16 sdb 194128 1 49566524 65360 380899 4012721 192831816 27670084 139 243656 27739304
======================
   8      16 sdb 194129 1 49566532 65444 382818 4012721 193813840 27804136 143 244656 27873116
======================
   8      16 sdb 194129 1 49566532 65444 384743 4012737 194798056 27946040 138 245660 28015100
======================
   8      16 sdb 194129 1 49566532 65444 386641 4012737 195769832 28088752 128 246664 28157716
======================
   8      16 sdb 194129 1 49566532 65444 388539 4012760 196741288 28224828 133 247668 28293664
======================
   8      16 sdb 194130 1 49566540 65524 390462 4012760 197725360 28359396 136 248672 28428548
======================
   8      16 sdb 194130 1 49566540 65524 392388 4012777 198710600 28501388 130 249676 28570528
======================
   8      16 sdb 194130 1 49566540 65524 394304 4012777 199691592 28643732 134 250680 28712988
======================
   8      16 sdb 194130 1 49566540 65524 396222 4012777 200673608 28785724 136 251684 28855192
======================
   8      16 sdb 194131 1 49566548 65596 398144 4012799 201657344 28921764 130 252684 28990912
======================
   8      16 sdb 194131 1 49566548 65596 400041 4012799 202628608 29062888 153 253688 29131936
======================
   8      16 sdb 194131 1 49566548 65596 401949 4012799 203605504 29204280 133 254692 29273428
======================
   8      16 sdb 194131 1 49566548 65596 403871 4012799 204589568 29345516 131 255696 29414664
======================
   8      16 sdb 194132 1 49566556 65672 405791 4012799 205572104 29479288 150 256704 29549476
======================
   8      16 sdb 194132 1 49566556 65672 407727 4012839 206562144 29615496 131 257712 29685384
======================
   8      16 sdb 194132 1 49566556 65672 409673 4012839 207558496 29759584 137 258728 29829400
======================
   8      16 sdb 194132 1 49566556 65672 411596 4012839 208543072 29901788 134 259732 29971692
======================
   8      16 sdb 194133 1 49566564 65760 413510 4012839 209522536 30038316 135 260744 30108424
======================
   8      16 sdb 194133 1 49566564 65760 415415 4012855 210496512 30181192 150 261744 30250808
======================
   8      16 sdb 194133 1 49566564 65760 417398 4012878 211511488 30323196 130 262780 30393000
======================
   8      16 sdb 194133 1 49566564 65760 419318 4012878 212494528 30465400 130 263784 30535192
======================
   8      16 sdb 194134 1 49566572 65848 421240 4012878 213478088 30600068 134 264788 30670080
======================
   8      16 sdb 194134 1 49566572 65848 423165 4012895 214462816 30742312 129 265792 30812316
======================
   8      16 sdb 194134 1 49566572 65848 425088 4012895 215447904 30885088 153 266792 30954624
======================
   8      16 sdb 194134 1 49566572 65848 426983 4012918 216417312 31022004 157 267796 31091724
======================
   8      16 sdb 194135 1 49566580 65932 428884 4012918 217390120 31156628 145 268800 31226500
======================
   8      16 sdb 194135 1 49566580 65932 430786 4012935 218363072 31299268 131 269804 31369208
======================
   8      16 sdb 194135 1 49566580 65932 432706 4012935 219346112 31442004 131 270808 31511936
======================
   8      16 sdb 194135 1 49566580 65932 434625 4012935 220328640 31584784 132 271812 31654812
======================
   8      16 sdb 194136 1 49566588 66012 436549 4012957 221312896 31714444 150 272812 31784140
======================
   8      16 sdb 194136 1 49566588 66012 438468 4012973 222294544 31855904 151 273816 31925852
======================
   8      16 sdb 194136 1 49566588 66012 440391 4012973 223279120 31997920 148 274820 32068060
======================
   8      16 sdb 194136 1 49566588 66012 442289 4012973 224250896 32140096 138 275820 32209804
======================
   8      16 sdb 194137 1 49566596 66088 444204 4012973 225231376 32274856 144 276824 32344784
======================
   8      16 sdb 194137 1 49566596 66088 446123 4012997 226213592 32410796 133 277828 32480812
======================
   8      16 sdb 194137 1 49566596 66088 448041 4012997 227196120 32548580 135 278828 32618240
======================
   8      16 sdb 194137 1 49566596 66088 449964 4012997 228180184 32687224 132 279832 32756924
======================
   8      16 sdb 194138 1 49566604 66164 451883 4012997 229162208 32817700 141 280836 32887544
======================
   8      16 sdb 194138 1 49566604 66164 453808 4013013 230145920 32958092 136 281836 33027900
======================
   8      16 sdb 194138 1 49566604 66164 455717 4013036 231123008 33093448 143 282840 33164516
======================
   8      16 sdb 194138 1 49566604 66164 457631 4013036 232103488 33236164 149 283844 33306312
======================
   8      16 sdb 194139 1 49566612 66244 459534 4013036 233076808 33370472 155 284844 33440100
======================
   8      16 sdb 194139 1 49566612 66244 461457 4013053 234060512 33512972 154 285848 33582716
======================
   8      16 sdb 194139 1 49566612 66244 463380 4013053 235045088 33655624 151 286852 33725448
======================
   8      16 sdb 194139 1 49566612 66244 465299 4013075 236027800 33792860 131 287856 33862796
======================
   8      16 sdb 194140 1 49566620 66328 467225 4013075 237012896 33928304 148 288860 33998028
======================
   8      16 sdb 194140 1 49566620 66328 469152 4013091 237998640 34070252 146 289864 34140136
======================
   8      16 sdb 194140 1 49566620 66328 471048 4013091 238969392 34212552 138 290868 34282824
======================
   8      16 sdb 194140 1 49566620 66328 472947 4013091 239941680 34355004 140 291872 34425140
======================
   8      16 sdb 194141 1 49566628 66412 474871 4013115 240925952 34484732 147 292872 34554540
======================
   8      16 sdb 194141 1 49566628 66412 476796 4013132 241910176 34626912 142 293876 34696800
======================
   8      16 sdb 194141 1 49566628 66412 478715 4013132 242893216 34768320 143 294880 34838124
======================
   8      16 sdb 194141 1 49566628 66412 480640 4013132 243878304 34909940 138 295884 34979740
======================
   8      16 sdb 194142 1 49566636 66492 482565 4013132 244863904 35044704 140 296888 35114588
======================
   8      16 sdb 194142 1 49566636 66492 484482 4013155 245845088 35181072 155 297892 35251020
======================
   8      16 sdb 194142 1 49566636 66492 486385 4013155 246819424 35323660 140 298896 35393704
======================
   8      16 sdb 194142 1 49566636 66492 488308 4013155 247804512 35466352 137 299900 35536436
======================
   8      16 sdb 194143 1 49566644 66576 490236 4013155 248790632 35602352 146 300904 35672324
======================
   8      16 sdb 194143 1 49566644 66576 492158 4013171 249773312 35744504 144 301908 35814576
======================
   8      16 sdb 194143 1 49566644 66576 494073 4013194 250753984 35880640 140 302912 35950916
======================
   8      16 sdb 194143 1 49566644 66576 495999 4013194 251739584 36022308 134 303916 36092536
======================
   8      16 sdb 194144 1 49566652 66656 497895 4013194 252709832 36156900 142 304920 36227332
======================
   8      16 sdb 194144 1 49566652 66656 499795 4013210 253681248 36298548 130 305920 36368284
======================
   8      16 sdb 194144 1 49566652 66656 501721 4013210 254667360 36439588 125 306928 36509848
======================
   8      16 sdb 194144 1 49566652 66656 503641 4013234 255650088 36574748 152 307928 36644768
======================
   8      16 sdb 194145 1 49566660 66740 505564 4013234 256634160 36709720 129 308932 36779640
======================
   8      16 sdb 194145 1 49566660 66740 507490 4013251 257619408 36851124 153 309936 36921212
======================
   8      16 sdb 194145 1 49566660 66740 509410 4013251 258602448 36993008 137 310940 37063424
======================
   8      16 sdb 194145 1 49566660 66740 511306 4013251 259573200 37134948 147 311940 37205124
======================
   8      16 sdb 194146 1 49566668 66828 513205 4013274 260544152 37264688 154 312944 37334756
======================
   8      16 sdb 194146 1 49566668 66828 515129 4013291 261528368 37407000 150 313948 37477384
======================
   8      16 sdb 194146 1 49566668 66828 517050 4013291 262511920 37549324 149 314952 37619596
======================
   8      16 sdb 194146 1 49566668 66828 518966 4013291 263492912 37691796 153 315956 37762320
======================
   8      16 sdb 194147 1 49566676 66912 520890 4013291 264478000 37826820 147 316960 37897240
======================
   8      16 sdb 194147 1 49566676 66912 522814 4013313 265462760 37963336 149 317960 38033384
======================
   8      16 sdb 194147 1 49566676 66912 524709 4013313 266433000 38105576 142 318964 38175812
======================
   8      16 sdb 194147 1 49566676 66912 526604 4013313 267403240 38248028 135 319968 38318236
======================
   8      16 sdb 194148 1 49566684 66996 528528 4013313 268387824 38382612 131 320972 38452520
======================
   8      16 sdb 194148 1 49566684 66996 530451 4013328 269371008 38524020 128 321976 38594484
======================
   8      16 sdb 194148 1 49566684 66996 532375 4013352 270355784 38660584 128 322976 38730472
======================
   8      16 sdb 194148 1 49566684 66996 534299 4013352 271340872 38803100 146 323980 38873084
======================
   8      16 sdb 194149 1 49566692 67080 536221 4013352 272324432 38938068 156 324980 39007856
======================
   8      16 sdb 194149 1 49566692 67080 538126 4013369 273298416 39079196 139 325984 39149760
======================
   8      16 sdb 194149 1 49566692 67080 540023 4013369 274269680 39222216 137 326988 39292668
======================
   8      16 sdb 194149 1 49566692 67080 541948 4013392 275254456 39358052 139 327992 39428652
======================
   8      16 sdb 194150 1 49566700 67160 543868 4013392 276237496 39494032 143 328992 39562804
======================
   8      16 sdb 194150 1 49566700 67160 545786 4013392 277220024 39634340 137 329996 39704524
======================
   8      16 sdb 194150 1 49566700 67160 547711 4013392 278205112 39776308 154 331000 39846384
======================
   8      16 sdb 194150 1 49566700 67160 549630 4013392 279187640 39917740 155 332004 39987868
======================
   8      16 sdb 194151 1 49566708 67240 551529 4013414 280159096 40048240 146 333004 40116596
======================
   8      16 sdb 194151 1 49566708 67240 553429 4013414 281131896 40188420 134 334008 40258724
======================
   8      16 sdb 194151 1 49566708 67240 555353 4013414 282116984 40330256 130 335012 40400540
======================
   8      16 sdb 194151 1 49566708 67240 557274 4013414 283100536 40472036 129 336016 40542280
======================
   8      16 sdb 194152 1 49566716 67328 559196 4013414 284084600 40608924 131 337020 40676504
======================
   8      16 sdb 194152 1 49566716 67328 559650 4013486 284311056 40638780 0 337256 40704008
======================
   8      16 sdb 194152 1 49566716 67328 559650 4013486 284311056 40638780 0 337256 40704008
======================
   8      16 sdb 194152 1 49566716 67328 559650 4013486 284311056 40638780 0 337256 40704008
======================
   8      16 sdb 194152 1 49566716 67328 559650 4013486 284311056 40638780 0 337256 40704008
======================
   8      16 sdb 194152 1 49566716 67328 559650 4013486 284311056 40638780 0 337256 40704008
started
======================
   8      16 sdb 194277 1 49567710 67776 559665 4013486 284311112 40638780 0 337264 40704456
======================
   8      16 sdb 194312 1 49575678 67792 559665 4013486 284311112 40638780 1 337276 40704472
======================
   8      16 sdb 198194 1 50569470 69120 559665 4013486 284311112 40638780 1 338232 40705800
======================
   8      16 sdb 202183 1 51590654 70460 559665 4013486 284311112 40638780 2 339224 40707140
======================
   8      16 sdb 206245 1 52630526 71832 559665 4013486 284311112 40638780 1 340228 40708508
======================
   8      16 sdb 210191 1 53640958 73156 559665 4013486 284311112 40638780 2 341204 40709832
======================
   8      16 sdb 214041 1 54626302 74560 559665 4013486 284311112 40638780 2 342192 40711236
======================
   8      16 sdb 217907 2 55616254 75880 559668 4013487 284311144 40638944 2 343176 40712716
======================
   8      16 sdb 221913 2 56641790 77256 559668 4013487 284311144 40638944 1 344172 40714092
======================
   8      16 sdb 225967 2 57679614 78656 559668 4013487 284311144 40638944 1 345176 40715488
======================
   8      16 sdb 229981 2 58707198 80008 559668 4013487 284311144 40638944 1 346160 40716840
======================
   8      16 sdb 234048 2 59748350 81428 559668 4013487 284311144 40638944 1 347160 40718256
======================
   8      16 sdb 237984 2 60755966 82800 559668 4013487 284311144 40638944 2 348148 40719624
======================
   8      16 sdb 241948 2 61770750 84124 559668 4013487 284311144 40638944 1 349144 40720948
======================
   8      16 sdb 245854 2 62770686 85488 559668 4013487 284311144 40638944 2 350120 40722308
======================
   8      16 sdb 249807 2 63782654 86868 559668 4013487 284311144 40638944 1 351104 40723684
======================
   8      16 sdb 253473 2 64721150 88136 559668 4013487 284311144 40638944 2 352036 40724952
======================
   8      16 sdb 257519 2 65756926 89512 559668 4013487 284311144 40638944 1 353028 40726328
======================
   8      16 sdb 261272 2 66717694 90704 559668 4013487 284311144 40638944 1 353972 40727520
======================
   8      16 sdb 265138 2 67707390 91976 559668 4013487 284311144 40638944 2 354956 40728792
======================
   8      16 sdb 268559 2 68583166 93084 559668 4013487 284311144 40638944 1 355828 40729896
======================
   8      16 sdb 272384 2 69562366 94320 559668 4013487 284311144 40638944 2 356792 40731132
======================
   8      16 sdb 276132 2 70521854 95556 559668 4013487 284311144 40638944 1 357756 40732360
======================
   8      16 sdb 279788 2 71457790 96780 559668 4013487 284311144 40638944 1 358704 40733580
======================
   8      16 sdb 283359 2 72371966 97944 559668 4013487 284311144 40638944 1 359624 40734732
======================
   8      16 sdb 286964 2 73294846 99008 559668 4013487 284311144 40638944 0 360512 40735796
======================
   8      16 sdb 290399 2 74174206 100044 559668 4013487 284311144 40638944 1 361380 40736832
======================
   8      16 sdb 294164 2 75138046 101220 559668 4013487 284311144 40638944 1 362332 40738008
======================
   8      16 sdb 297400 2 75966462 102248 559668 4013487 284311144 40638944 1 363180 40739032
======================
   8      16 sdb 300599 2 76785406 103412 559668 4013487 284311144 40638944 1 364104 40740196
======================
   8      16 sdb 304359 2 77747966 104636 559668 4013487 284311144 40638944 2 365080 40741432
======================
   8      16 sdb 308115 2 78709502 105880 559668 4013487 284311144 40638944 1 366024 40742664
======================
   8      16 sdb 311977 2 79698174 107140 559668 4013487 284311144 40638944 1 367000 40743916
======================
   8      16 sdb 315819 2 80681726 108396 559668 4013487 284311144 40638944 1 367976 40745168
======================
   8      16 sdb 319356 2 81587198 109612 559668 4013487 284311144 40638944 2 368916 40746384
======================
   8      16 sdb 323172 2 82564094 110876 559668 4013487 284311144 40638944 1 369892 40747644
======================
   8      16 sdb 327086 2 83566078 112176 559668 4013487 284311144 40638944 1 370868 40748944
======================
   8      16 sdb 330958 2 84557310 113484 559668 4013487 284311144 40638944 1 371848 40750244
======================
   8      16 sdb 334717 2 85519614 114776 559669 4013487 284311152 40639032 1 372828 40751620
======================
   8      16 sdb 338482 2 86483454 115956 559669 4013487 284311152 40639032 2 373776 40752804
======================
   8      16 sdb 342370 2 87478782 117208 559669 4013487 284311152 40639032 1 374744 40754048
======================
   8      16 sdb 346224 2 88465406 118540 559669 4013487 284311152 40639032 1 375720 40755380
======================
   8      16 sdb 349827 2 89387774 119804 559669 4013487 284311152 40639032 1 376684 40756644
======================
   8      16 sdb 353760 2 90394622 121112 559669 4013487 284311152 40639032 2 377668 40757940
======================
   8      16 sdb 357553 2 91365630 122384 559669 4013487 284311152 40639032 1 378620 40759212
======================
   8      16 sdb 361344 2 92336126 123576 559669 4013487 284311152 40639032 1 379552 40760400
======================
   8      16 sdb 365124 2 93303806 124884 559669 4013487 284311152 40639032 2 380516 40761708
======================
   8      16 sdb 369036 2 94305278 126204 559669 4013487 284311152 40639032 1 381500 40763028
======================
   8      16 sdb 372891 2 95292158 127512 559669 4013487 284311152 40639032 1 382480 40764336
======================
   8      16 sdb 376619 2 96246526 128696 559669 4013487 284311152 40639032 2 383416 40765536
======================
   8      16 sdb 380409 2 97216766 129972 559669 4013487 284311152 40639032 1 384368 40766792
======================
   8      16 sdb 384271 2 98205438 131280 559669 4013487 284311152 40639032 1 385332 40768092
======================
   8      16 sdb 388108 2 99187710 132528 559669 4013487 284311152 40639032 1 386288 40769336
======================
   8      16 sdb 391965 2 100175102 133788 559669 4013487 284311152 40639032 1 387260 40770596
======================
   8      16 sdb 395790 2 101154302 135032 559669 4013487 284311152 40639032 1 388216 40771832
======================
   8      16 sdb 399466 2 102095358 136188 559669 4013487 284311152 40639032 1 389124 40772988
======================
   8      16 sdb 403287 2 103073534 137492 559669 4013487 284311152 40639032 1 390108 40774288
======================
   8      16 sdb 406937 2 104007934 138792 559669 4013487 284311152 40639032 1 391076 40775584
======================
   8      16 sdb 410593 2 104943870 139964 559669 4013487 284311152 40639032 1 391980 40776748
======================
   8      16 sdb 414528 2 105951230 141272 559669 4013487 284311152 40639032 1 392976 40778052
======================
   8      16 sdb 418497 2 106967294 142608 559669 4013487 284311152 40639032 2 393968 40779384
======================
   8      16 sdb 422444 2 107977726 143844 559669 4013487 284311152 40639032 1 394924 40780624
======================
   8      16 sdb 425448 2 108746750 144840 559669 4013487 284311152 40639032 0 395680 40781620
