======================
   8      16 sdb 12321836 206433 1270203532 23879828 22486159 215761415 6559024248 948511668 0 8294536 972350076
======================
   8      16 sdb 12321867 206433 1270204660 23879832 22486159 215761415 6559024248 948511668 0 8294540 972350080
======================
   8      16 sdb 12321869 206433 1270204676 23879832 22486159 215761415 6559024248 948511668 0 8294540 972350080
======================
   8      16 sdb 12321870 206433 1270204684 23879832 22487119 215761415 6559515768 948521112 0 8294620 972359524
======================
   8      16 sdb 12321870 206433 1270204684 23879832 22489084 215761415 6560521848 948645280 129 8295540 972487568
======================
   8      16 sdb 12321870 206433 1270204684 23879832 22491065 215761415 6561536120 948789760 132 8296544 972632636
======================
   8      16 sdb 12321870 206433 1270204684 23879832 22492728 215761415 6562387576 948923292 133 8297548 972777016
======================
   8      16 sdb 12321871 206433 1270204692 23879884 22494745 215761444 6563419504 949062504 133 8298552 972913816
======================
   8      16 sdb 12321871 206433 1270204692 23879884 22496163 215761444 6564145016 949192076 156 8299552 973056092
======================
   8      16 sdb 12321871 206433 1270204692 23879884 22498377 215761444 6565278584 949377516 150 8300688 973221428
======================
   8      16 sdb 12321871 206433 1270204692 23879884 22500688 215761444 6566461816 949522540 143 8301696 973364580
======================
   8      16 sdb 12321872 206433 1270204700 23879940 22502537 215761458 6567408504 949662304 152 8302716 973504776
======================
   8      16 sdb 12321872 206433 1270204700 23879940 22504573 215761488 6568447760 949797728 132 8303720 973641800
======================
   8      16 sdb 12321872 206433 1270204700 23879940 22506426 215761488 6569395992 949942804 136 8304736 973786664
======================
   8      16 sdb 12321872 206433 1270204700 23879940 22508337 215761488 6570374424 950086172 145 8305744 973929844
======================
   8      16 sdb 12321873 206433 1270204708 23880028 22510234 215761488 6571345688 950221832 132 8306752 974065768
======================
   8      16 sdb 12321873 206433 1270204708 23880028 22512094 215761504 6572296624 950364740 128 8307756 974208476
======================
   8      16 sdb 12321873 206433 1270204708 23880028 22513987 215761533 6573265064 950500624 154 8308760 974344244
======================
   8      16 sdb 12321873 206433 1270204708 23880028 22515918 215761533 6574253736 950644224 143 8309772 974488052
======================
   8      16 sdb 12321874 206433 1270204716 23880104 22517754 215761533 6575193768 950778936 137 8310776 974623136
======================
   8      16 sdb 12321874 206433 1270204716 23880104 22519617 215761533 6576147624 950921032 130 8311780 974764776
======================
   8      16 sdb 12321874 206433 1270204716 23880104 22521458 215761533 6577090216 951064932 145 8312792 974908860
======================
   8      16 sdb 12321874 206433 1270204716 23880104 22523314 215761579 6578037832 951198596 133 8313796 975044852
======================
   8      16 sdb 12321875 206433 1270204724 23880192 22525224 215761579 6579015248 951334488 146 8314800 975179988
======================
   8      16 sdb 12321875 206433 1270204724 23880192 22527120 215761579 6579986000 951478776 138 8315804 975322732
======================
   8      16 sdb 12321875 206433 1270204724 23880192 22528948 215761579 6580921936 951621112 134 8316808 975465052
======================
   8      16 sdb 12321875 206433 1270204724 23880192 22530831 215761579 6581886032 951762872 139 8317812 975607748
======================
   8      16 sdb 12321876 206433 1270204732 23880276 22532703 215761609 6582843728 951892200 142 8318816 975736624
======================
   8      16 sdb 12321876 206433 1270204732 23880276 22534577 215761642 6583798952 952028868 130 8319816 975872824
======================
   8      16 sdb 12321876 206433 1270204732 23880276 22536403 215761642 6584733352 952171568 128 8320820 976015532
======================
   8      16 sdb 12321876 206433 1270204732 23880276 22538294 215761642 6585701544 952312948 148 8321824 976157952
======================
   8      16 sdb 12321877 206433 1270204740 23880356 22540202 215761642 6586678440 952449352 156 8322828 976293500
======================
   8      16 sdb 12321877 206433 1270204740 23880356 22542081 215761674 6587639736 952585620 154 8323832 976429928
======================
   8      16 sdb 12321877 206433 1270204740 23880356 22544008 215761674 6588626360 952727652 147 8324832 976571356
======================
   8      16 sdb 12321877 206433 1270204740 23880356 22545934 215761674 6589612472 952869092 141 8325836 976712876
======================
   8      16 sdb 12321878 206433 1270204748 23880440 22547839 215761674 6590587832 953002236 151 8326840 976847700
======================
   8      16 sdb 12321878 206433 1270204748 23880440 22549759 215761683 6591570872 953146132 151 8327844 976990372
======================
   8      16 sdb 12321878 206433 1270204748 23880440 22551697 215761718 6592557936 953282844 133 8328848 977127032
======================
   8      16 sdb 12321878 206433 1270204748 23880440 22553624 215761718 6593544560 953423808 135 8329848 977267484
======================
   8      16 sdb 12321879 206433 1270204756 23880524 22555549 215761718 6594530160 953558984 136 8330852 977402936
======================
   8      16 sdb 12321879 206433 1270204756 23880524 22557477 215761718 6595517296 953701656 128 8331856 977545564
======================
   8      16 sdb 12321879 206433 1270204756 23880524 22559403 215761718 6596503408 953843780 154 8332860 977687916
======================
   8      16 sdb 12321879 206433 1270204756 23880524 22561317 215761765 6597478712 953980564 146 8333860 977824348
======================
   8      16 sdb 12321880 206433 1270204764 23880600 22563237 215761765 6598461752 954117152 143 8334904 977965684
======================
   8      16 sdb 12321880 206433 1270204764 23880600 22565264 215761765 6599500088 954266752 131 8335928 978110592
======================
   8      16 sdb 12321880 206433 1270204764 23880600 22567206 215761775 6600488416 954409192 141 8336936 978253396
======================
   8      16 sdb 12321880 206433 1270204764 23880600 22569151 215761775 6601484256 954551680 148 8337948 978395836
======================
   8      16 sdb 12321881 206433 1270204772 23880680 22571082 215761808 6602472184 954681864 149 8338952 978525852
======================
   8      16 sdb 12321881 206433 1270204772 23880680 22573005 215761808 6603457272 954824360 146 8339956 978668264
======================
   8      16 sdb 12321881 206433 1270204772 23880680 22574923 215761808 6604438776 954967200 148 8340960 978810936
======================
   8      16 sdb 12321881 206433 1270204772 23880680 22576839 215761824 6605416368 955109820 152 8341968 978953940
======================
   8      16 sdb 12321882 206433 1270204780 23880768 22578765 215761824 6606402480 955245136 147 8342972 979089552
======================
   8      16 sdb 12321882 206433 1270204780 23880768 22580695 215761856 6607389888 955382268 142 8343976 979226672
======================
   8      16 sdb 12321882 206433 1270204780 23880768 22582622 215761856 6608376512 955524496 135 8344976 979368472
======================
   8      16 sdb 12321882 206433 1270204780 23880768 22584548 215761856 6609362624 955666524 130 8345980 979510600
======================
   8      16 sdb 12321883 206433 1270204788 23880852 22586474 215761856 6610348736 955800252 153 8346980 979644512
======================
   8      16 sdb 12321883 206433 1270204788 23880852 22588407 215761872 6611335536 955942852 140 8347984 979787088
======================
   8      16 sdb 12321883 206433 1270204788 23880852 22590311 215761903 6612310128 956078936 134 8348984 979922912
======================
   8      16 sdb 12321883 206433 1270204788 23880852 22592244 215761903 6613299320 956221752 153 8349992 980065964
======================
   8      16 sdb 12321884 206433 1270204796 23880936 22594174 215761903 6614287480 956356864 142 8350996 980200936
======================
   8      16 sdb 12321884 206433 1270204796 23880936 22596081 215761903 6615263864 956499392 155 8352000 980343104
======================
   8      16 sdb 12321884 206433 1270204796 23880936 22598030 215761903 6616261752 956641164 145 8353004 980485192
======================
   8      16 sdb 12321884 206433 1270204796 23880936 22599964 215761973 6617247984 956771924 135 8354004 980616240
======================
   8      16 sdb 12321885 206433 1270204804 23881028 22601869 215761973 6618223344 956907484 152 8355008 980752048
======================
   8      16 sdb 12321885 206433 1270204804 23881028 22603770 215761973 6619196656 957049036 139 8356008 980893164
======================
   8      16 sdb 12321885 206433 1270204804 23881028 22605695 215761973 6620182256 957191276 134 8357012 981035680
======================
   8      16 sdb 12321885 206433 1270204804 23881028 22607620 215761973 6621167856 957333232 129 8358012 981177204
======================
   8      16 sdb 12321886 206433 1270204812 23881112 22609538 215762005 6622149120 957463284 138 8359016 981307648
======================
   8      16 sdb 12321886 206433 1270204812 23881112 22611463 215762005 6623134720 957605904 133 8360020 981450448
======================
   8      16 sdb 12321886 206433 1270204812 23881112 22613391 215762005 6624121856 957748084 157 8361024 981592576
======================
   8      16 sdb 12321886 206433 1270204812 23881112 22615293 215762005 6625095680 957889448 143 8362024 981733664
======================
   8      16 sdb 12321887 206433 1270204820 23881192 22617218 215762022 6626079904 958024844 137 8363028 981869200
======================
   8      16 sdb 12321887 206433 1270204820 23881192 22619125 215762055 6627056048 958160852 135 8364032 982005100
======================
   8      16 sdb 12321887 206433 1270204820 23881192 22621056 215762055 6628044216 958303312 151 8365040 982147952
======================
   8      16 sdb 12321887 206433 1270204820 23881192 22622981 215762055 6629029816 958445704 152 8366040 982290016
======================
   8      16 sdb 12321888 206433 1270204828 23881276 22624886 215762055 6630005176 958579544 151 8367044 982425680
======================
   8      16 sdb 12321888 206433 1270204828 23881276 22626844 215762072 6631005288 958723856 145 8368048 982568200
======================
   8      16 sdb 12321888 206433 1270204828 23881276 22628774 215762102 6631992680 958860656 144 8369052 982704804
======================
   8      16 sdb 12321888 206433 1270204828 23881276 22630677 215762102 6632967016 959002896 143 8370056 982847232
======================
   8      16 sdb 12321889 206433 1270204836 23881360 22632586 215762102 6633944424 959137556 152 8371060 982982248
======================
   8      16 sdb 12321889 206433 1270204836 23881360 22634511 215762102 6634930024 959280080 147 8372060 983124360
======================
   8      16 sdb 12321889 206433 1270204836 23881360 22636436 215762102 6635915624 959422648 142 8373064 983267136
======================
   8      16 sdb 12321889 206433 1270204836 23881360 22638363 215762151 6636901128 959559168 140 8374068 983403868
======================
   8      16 sdb 12321890 206433 1270204844 23881444 22640293 215762151 6637888784 959694376 128 8375072 983538880
======================
   8      16 sdb 12321890 206433 1270204844 23881444 22642218 215762151 6638874384 959836368 155 8376072 983680484
======================
   8      16 sdb 12321890 206433 1270204844 23881444 22644121 215762151 6639848720 959977716 140 8377076 983823504
======================
   8      16 sdb 12321890 206433 1270204844 23881444 22645939 215762151 6640779536 960113608 146 8378080 983966444
======================
   8      16 sdb 12321891 206433 1270204852 23881528 22647949 215762182 6641807896 960252040 146 8379080 984096508
======================
   8      16 sdb 12321891 206433 1270204852 23881528 22649882 215762221 6642793872 960388580 128 8380080 984233016
======================
   8      16 sdb 12321891 206433 1270204852 23881528 22651807 215762221 6643779472 960530072 155 8381080 984374040
======================
   8      16 sdb 12321891 206433 1270204852 23881528 22653731 215762221 6644764560 960671416 151 8382084 984515940
======================
   8      16 sdb 12321892 206433 1270204860 23881608 22655657 215762221 6645750672 960806132 133 8383084 984650984
======================
   8      16 sdb 12321892 206433 1270204860 23881608 22657583 215762253 6646736032 960943704 136 8384084 984788244
======================
   8      16 sdb 12321892 206433 1270204860 23881608 22659485 215762253 6647709856 961085952 154 8385088 984930652
======================
   8      16 sdb 12321892 206433 1270204860 23881608 22661399 215762253 6648689824 961228628 128 8386092 985073260
======================
   8      16 sdb 12321893 206433 1270204868 23881692 22663325 215762253 6649675936 961363680 147 8387092 985208160
======================
   8      16 sdb 12321893 206433 1270204868 23881692 22665253 215762269 6650661184 961506148 139 8388096 985350884
======================
   8      16 sdb 12321893 206433 1270204868 23881692 22667153 215762300 6651633728 961642832 136 8389100 985488020
======================
   8      16 sdb 12321893 206433 1270204868 23881692 22669106 215762300 6652633160 961785300 136 8390100 985629724
======================
   8      16 sdb 12321894 206433 1270204876 23881776 22671032 215762300 6653619272 961920540 148 8391104 985764684
======================
   8      16 sdb 12321894 206433 1270204876 23881776 22672935 215762300 6654593608 962063088 143 8392108 985907828
======================
   8      16 sdb 12321894 206433 1270204876 23881776 22674842 215762300 6655569992 962205364 156 8393112 986050232
======================
   8      16 sdb 12321894 206433 1270204876 23881776 22676775 215762350 6656557568 962342832 156 8394116 986187684
======================
   8      16 sdb 12321895 206433 1270204884 23881856 22678702 215762350 6657544192 962478012 141 8395120 986323048
======================
   8      16 sdb 12321895 206433 1270204884 23881856 22680633 215762350 6658532864 962620792 130 8396124 986465504
======================
   8      16 sdb 12321895 206433 1270204884 23881856 22682568 215762367 6659521704 962763504 147 8397128 986608088
======================
   8      16 sdb 12321895 206433 1270204884 23881856 22684495 215762367 6660508328 962905368 140 8398132 986749988
======================
   8      16 sdb 12321896 206433 1270204892 23881940 22686402 215762398 6661483952 963034824 155 8399136 986879516
======================
   8      16 sdb 12321896 206433 1270204892 23881940 22688305 215762398 6662458288 963175708 140 8400140 987020600
======================
   8      16 sdb 12321896 206433 1270204892 23881940 22690234 215762398 6663445936 963318472 131 8401148 987162812
======================
   8      16 sdb 12321896 206433 1270204892 23881940 22692155 215762416 6664428120 963460836 130 8402156 987305472
======================
   8      16 sdb 12321897 206433 1270204900 23882020 22694078 215762416 6665412696 963596548 129 8403164 987441076
======================
   8      16 sdb 12321897 206433 1270204900 23882020 22695988 215762446 6666389848 963733196 149 8404168 987577976
======================
   8      16 sdb 12321897 206433 1270204900 23882020 22697871 215762446 6667353944 963873492 154 8405172 987720388
======================
   8      16 sdb 12321897 206433 1270204900 23882020 22699789 215762446 6668335960 964017588 156 8406172 987862008
======================
   8      16 sdb 12321898 206433 1270204908 23882108 22701689 215762446 6669308760 964152760 134 8407176 987997512
======================
   8      16 sdb 12321898 206433 1270204908 23882108 22703607 215762461 6670288880 964294864 136 8408180 988139664
======================
   8      16 sdb 12321898 206433 1270204908 23882108 22705525 215762494 6671270152 964431512 149 8409184 988276668
======================
   8      16 sdb 12321898 206433 1270204908 23882108 22707449 215762494 6672255752 964574064 153 8410188 988419152
======================
   8      16 sdb 12321899 206433 1270204916 23882196 22709370 215762494 6673238792 964710112 139 8411188 988554812
======================
   8      16 sdb 12321899 206433 1270204916 23882196 22711232 215762494 6674192136 964847712 133 8412192 988696460
======================
   8      16 sdb 12321899 206433 1270204916 23882196 22713183 215762494 6675191048 964992776 134 8413196 988837644
======================
   8      16 sdb 12321899 206433 1270204916 23882196 22715088 215762544 6676164288 965129696 128 8414200 988974708
======================
   8      16 sdb 12321900 206433 1270204924 23882284 22717011 215762544 6677148360 965264828 129 8415200 989109524
======================
   8      16 sdb 12321900 206433 1270204924 23882284 22718920 215762544 6678125768 965407048 140 8416204 989251960
======================
   8      16 sdb 12321900 206433 1270204924 23882284 22720841 215762544 6679109320 965549236 139 8417208 989394204
======================
   8      16 sdb 12321900 206433 1270204924 23882284 22722745 215762576 6680084168 965690620 152 8418212 989536288
======================
   8      16 sdb 12321901 206433 1270204932 23882376 22724656 215762614 6681058624 965820176 145 8419216 989666192
======================
   8      16 sdb 12321901 206433 1270204932 23882376 22726578 215762614 6682042688 965963152 156 8420220 989808224
======================
   8      16 sdb 12321901 206433 1270204932 23882376 22728493 215762614 6683023168 966110332 139 8421224 989955324
======================
   8      16 sdb 12321901 206433 1270204932 23882376 22730412 215762614 6684005696 966252360 140 8422228 990097336
======================
   8      16 sdb 12321902 206433 1270204940 23882448 22732335 215762645 6684990272 966386484 107 8423232 990231116
======================
   8      16 sdb 12321902 206433 1270204940 23882448 22734246 215762645 6685967944 966522496 133 8424232 990367712
======================
   8      16 sdb 12321902 206433 1270204940 23882448 22736166 215762645 6686950984 966665320 141 8425236 990510168
======================
   8      16 sdb 12321902 206433 1270204940 23882448 22738088 215762645 6687935048 966807524 147 8426240 990652364
======================
   8      16 sdb 12321903 206433 1270204948 23882536 22739944 215762645 6688885320 966943168 137 8427248 990788488
======================
   8      16 sdb 12321903 206433 1270204948 23882536 22741842 215762670 6689857096 967085280 74 8428248 990928888
======================
   8      16 sdb 12321903 206433 1270204948 23882536 22743730 215762670 6690822944 967221496 149 8429252 991066272
======================
   8      16 sdb 12321903 206433 1270204948 23882536 22745650 215762670 6691805984 967363576 149 8430256 991208272
======================
   8      16 sdb 12321904 206433 1270204956 23882620 22747564 215762670 6692785952 967499360 135 8431264 991344740
======================
   8      16 sdb 12321904 206433 1270204956 23882620 22748496 215762738 6693254088 967567464 0 8431748 991407248
======================
   8      16 sdb 12321904 206433 1270204956 23882620 22748496 215762738 6693254088 967567464 0 8431748 991407248
======================
   8      16 sdb 12321904 206433 1270204956 23882620 22748496 215762738 6693254088 967567464 0 8431748 991407248
======================
   8      16 sdb 12321904 206433 1270204956 23882620 22748496 215762738 6693254088 967567464 0 8431748 991407248
======================
   8      16 sdb 12321904 206433 1270204956 23882620 22748496 215762738 6693254088 967567464 0 8431748 991407248
======================
   8      16 sdb 12321904 206433 1270204956 23882620 22748496 215762738 6693254088 967567464 0 8431748 991407248
started
======================
   8      16 sdb 12322026 206433 1270205926 23883000 22748511 215762738 6693254144 967567464 0 8431752 991407628
======================
   8      16 sdb 12324307 206498 1270785046 23895800 22748511 215762738 6693254144 967567464 32 8432332 991427024
======================
   8      16 sdb 12328231 206560 1271805206 23928184 22748511 215762738 6693254144 967567464 32 8433364 991460764
======================
   8      16 sdb 12332077 206619 1272804886 23960820 22748511 215762738 6693254144 967567464 33 8434372 991493756
======================
   8      16 sdb 12335882 206679 1273794326 23993952 22748511 215762738 6693254144 967567464 33 8435376 991526608
======================
   8      16 sdb 12339674 206737 1274779926 24026484 22748511 215762738 6693254144 967567464 33 8436380 991559480
======================
   8      16 sdb 12343493 206796 1275772438 24059396 22748514 215762742 6693254200 967567488 33 8437384 991592340
======================
   8      16 sdb 12347342 206856 1276773142 24092604 22748514 215762742 6693254200 967567488 33 8438388 991625200
======================
   8      16 sdb 12351189 206915 1277773078 24125232 22748514 215762742 6693254200 967567488 33 8439388 991657908
======================
   8      16 sdb 12355032 206974 1278771990 24157836 22748514 215762742 6693254200 967567488 33 8440392 991690752
======================
   8      16 sdb 12358860 207034 1279767062 24190540 22748514 215762742 6693254200 967567488 32 8441396 991723608
======================
   8      16 sdb 12362614 207092 1280743190 24223420 22748514 215762742 6693254200 967567488 33 8442396 991756328
======================
   8      16 sdb 12366379 207151 1281721878 24256484 22748514 215762742 6693254200 967567488 33 8443400 991789188
======================
   8      16 sdb 12370158 207210 1282704406 24289224 22748514 215762742 6693254200 967567488 33 8444404 991822580
======================
   8      16 sdb 12374002 207269 1283703062 24322452 22748514 215762742 6693254200 967567488 33 8445404 991855356
======================
   8      16 sdb 12377841 207329 1284701206 24355664 22748514 215762742 6693254200 967567488 34 8446408 991888584
======================
   8      16 sdb 12381712 207388 1285705238 24388852 22748514 215762742 6693254200 967567488 35 8447412 991922200
======================
   8      16 sdb 12385613 207447 1286713622 24422508 22748514 215762742 6693254200 967567488 33 8448416 991955512
======================
   8      16 sdb 12389515 207507 1287726870 24455688 22748514 215762742 6693254200 967567488 33 8449420 991988384
======================
   8      16 sdb 12393311 207565 1288713494 24488100 22748514 215762742 6693254200 967567488 32 8450420 992021128
======================
   8      16 sdb 12397085 207624 1289694486 24521104 22748514 215762742 6693254200 967567488 32 8451424 992053996
======================
   8      16 sdb 12400910 207683 1290688790 24554008 22748514 215762742 6693254200 967567488 33 8452424 992086712
======================
   8      16 sdb 12404765 207742 1291690774 24586656 22748514 215762742 6693254200 967567488 33 8453428 992119556
======================
   8      16 sdb 12408618 207801 1292692246 24619304 22748514 215762742 6693254200 967567488 33 8454428 992152332
======================
   8      16 sdb 12412451 207861 1293688854 24652496 22748514 215762742 6693254200 967567488 33 8455432 992185144
======================
   8      16 sdb 12416310 207920 1294691862 24685160 22748514 215762742 6693254200 967567488 32 8456436 992218008
======================
   8      16 sdb 12420088 207979 1295673878 24717908 22748514 215762742 6693254200 967567488 33 8457436 992250724
======================
   8      16 sdb 12423889 208038 1296662038 24750772 22748514 215762742 6693254200 967567488 33 8458440 992283624
======================
   8      16 sdb 12427734 208097 1297661206 24783552 22748514 215762742 6693254200 967567488 33 8459440 992316348
======================
   8      16 sdb 12431591 208157 1298663446 24816192 22748514 215762742 6693254200 967567488 32 8460444 992349232
======================
   8      16 sdb 12435445 208216 1299665430 24849428 22748514 215762742 6693254200 967567488 33 8461448 992382076
======================
   8      16 sdb 12439285 208275 1300663574 24882064 22748514 215762742 6693254200 967567488 33 8462452 992414912
======================
   8      16 sdb 12443104 208335 1301653142 24915116 22748514 215762742 6693254200 967567488 32 8463456 992447724
======================
   8      16 sdb 12446949 208394 1302648598 24947828 22748514 215762742 6693254200 967567488 33 8464464 992480768
======================
   8      16 sdb 12450754 208453 1303637526 24980476 22748514 215762742 6693254200 967567488 33 8465468 992513944
======================
   8      16 sdb 12454608 208512 1304638486 25014040 22748514 215762742 6693254200 967567488 33 8466472 992546928
======================
   8      16 sdb 12458459 208572 1305639702 25047172 22748514 215762742 6693254200 967567488 33 8467476 992579744
======================
   8      16 sdb 12462308 208631 1306640150 25079592 22748516 215762744 6693254232 967567488 32 8468476 992612436
======================
   8      16 sdb 12466168 208691 1307643414 25112256 22748516 215762744 6693254232 967567488 32 8469480 992645324
======================
   8      16 sdb 12470000 208750 1308639766 25145356 22748516 215762744 6693254232 967567488 33 8470480 992677976
======================
   8      16 sdb 12473842 208809 1309638166 25177916 22748516 215762744 6693254232 967567488 32 8471484 992710828
======================
   8      16 sdb 12477615 208868 1310618902 25210692 22748516 215762744 6693254232 967567488 33 8472484 992743580
======================
   8      16 sdb 12481375 208927 1311596566 25243856 22748516 215762744 6693254232 967567488 33 8473488 992776392
======================
   8      16 sdb 12485204 208986 1312591638 25276444 22748516 215762744 6693254232 967567488 33 8474488 992809108
======================
   8      16 sdb 12489038 209045 1313588246 25308960 22748516 215762744 6693254232 967567488 33 8475492 992841904
======================
   8      16 sdb 12492884 209105 1314587926 25342136 22748516 215762744 6693254232 967567488 33 8476492 992874620
======================
   8      16 sdb 12496731 209164 1315587606 25374844 22748516 215762744 6693254232 967567488 33 8477496 992907480
======================
   8      16 sdb 12500556 209223 1316580374 25407404 22748516 215762744 6693254232 967567488 34 8478500 992940288
======================
   8      16 sdb 12504323 209282 1317557014 25440408 22748516 215762744 6693254232 967567488 32 8479500 992972960
======================
   8      16 sdb 12508138 209341 1318545686 25473172 22748516 215762744 6693254232 967567488 33 8480504 993005832
======================
   8      16 sdb 12511997 209400 1319548182 25505732 22748516 215762744 6693254232 967567488 33 8481504 993038544
======================
   8      16 sdb 12515799 209459 1320536086 25538920 22748516 215762744 6693254232 967567488 33 8482508 993071908
======================
   8      16 sdb 12519621 209519 1321529878 25572068 22748516 215762744 6693254232 967567488 33 8483512 993104736
======================
   8      16 sdb 12523467 209578 1322529046 25604580 22748516 215762744 6693254232 967567488 33 8484516 993137592
======================
   8      16 sdb 12527312 209638 1323528726 25637788 22748516 215762744 6693254232 967567488 32 8485520 993170456
======================
   8      16 sdb 12531114 209697 1324517142 25670604 22748516 215762744 6693254232 967567488 33 8486524 993203356
======================
   8      16 sdb 12534904 209756 1325502486 25703412 22748516 215762744 6693254232 967567488 33 8487528 993236244
======================
   8      16 sdb 12538759 209815 1326504470 25736036 22748516 215762744 6693254232 967567488 32 8488532 993269120
======================
   8      16 sdb 12542598 209875 1327502358 25769236 22748516 215762744 6693254232 967567488 32 8489536 993301964
======================
   8      16 sdb 12546430 209934 1328498454 25801952 22748516 215762744 6693254232 967567488 33 8490540 993334800
======================
   8      16 sdb 12550272 209993 1329497110 25834560 22748516 215762744 6693254232 967567488 33 8491540 993367532
======================
   8      16 sdb 12554090 210053 1330489622 25867652 22748516 215762744 6693254232 967567488 33 8492544 993400336
======================
   8      16 sdb 12554965 210066 1330724886 25883288 22748516 215762744 6693254232 967567488 0 8492784 993407880
