======================
   8      32 sdc 848693 12278 225254982 22203768 9766856 224280046 4864477944 2684695628 1 18698804 2707787344
======================
   8      32 sdc 848720 12278 225256006 22203832 9766856 224280046 4864477944 2684695628 0 18698860 2707787400
======================
   8      32 sdc 848722 12278 225256022 22203868 9766856 224280046 4864477944 2684695628 0 18698896 2707787436
======================
   8      32 sdc 848722 12278 225256022 22203868 9766856 224280046 4864477944 2684695628 0 18698896 2707787436
======================
   8      32 sdc 848723 12278 225256030 22204188 9768616 224280046 4865379064 2684710216 0 18699436 2707802344
======================
   8      32 sdc 848723 12278 225256030 22204188 9770030 224280046 4866103032 2684804908 157 18700292 2707912592
======================
   8      32 sdc 848723 12278 225256030 22204188 9770518 224280046 4866352888 2684951088 149 18701296 2708059780
======================
   8      32 sdc 848723 12278 225256030 22204188 9771153 224280067 4866677168 2685095280 154 18702300 2708202676
======================
   8      32 sdc 848723 12278 225256030 22204188 9771819 224280067 4867018160 2685239168 128 18703304 2708346480
======================
   8      32 sdc 848723 12278 225256030 22204188 9772447 224280067 4867339696 2685378932 140 18704308 2708489716
======================
   8      32 sdc 848723 12278 225256030 22204188 9773199 224280067 4867724720 2685546920 156 18705580 2708667996
======================
   8      32 sdc 848723 12278 225256030 22204188 9773739 224280067 4868001200 2685671884 128 18706584 2708812508
======================
   8      32 sdc 848723 12278 225256030 22204188 9774179 224280067 4868226480 2685763548 136 18707588 2708950772
======================
   8      32 sdc 848723 12278 225256030 22204188 9774179 224280067 4868226480 2685763548 136 18708592 2709087316
======================
   8      32 sdc 848724 12278 225256038 22204372 9774640 224280067 4868462512 2686112748 159 18709596 2709221000
======================
   8      32 sdc 848724 12278 225256038 22204372 9775633 224280067 4868970928 2686264608 158 18710600 2709364584
======================
   8      32 sdc 848724 12278 225256038 22204372 9776991 224280067 4869666224 2686406052 144 18711604 2709508032
======================
   8      32 sdc 848724 12278 225256038 22204372 9777808 224280067 4870084528 2686543776 149 18712608 2709651064
======================
   8      32 sdc 848724 12278 225256038 22204372 9778450 224280067 4870413232 2686686264 157 18713608 2709794216
======================
   8      32 sdc 848724 12278 225256038 22204372 9779121 224280067 4870757296 2686830484 158 18714612 2709937760
======================
   8      32 sdc 848724 12278 225256038 22204372 9779788 224280067 4871098288 2686972580 131 18715616 2710081380
======================
   8      32 sdc 848724 12278 225256038 22204372 9780384 224280067 4871403440 2687121208 143 18716620 2710226004
======================
   8      32 sdc 848724 12278 225256038 22204372 9780942 224280067 4871689136 2687240296 129 18717624 2710366248
======================
   8      32 sdc 848724 12278 225256038 22204372 9781558 224280067 4872004528 2687400396 153 18718628 2710508832
======================
   8      32 sdc 848725 12278 225256046 22204400 9782085 224280067 4872274352 2687547632 125 18719632 2710640792
======================
   8      32 sdc 848725 12278 225256046 22204400 9782886 224280067 4872684464 2687675900 153 18720636 2710784212
======================
   8      32 sdc 848725 12278 225256046 22204400 9783524 224280067 4873011120 2687818628 155 18721636 2710927224
======================
   8      32 sdc 848725 12278 225256046 22204400 9784148 224280067 4873330608 2687961880 139 18722640 2711071452
======================
   8      32 sdc 848725 12278 225256046 22204400 9784755 224280067 4873641392 2688111620 140 18723644 2711217544
======================
   8      32 sdc 848725 12278 225256046 22204400 9785452 224280067 4873998256 2688252196 147 18724648 2711361080
======================
   8      32 sdc 848725 12278 225256046 22204400 9786095 224280067 4874327472 2688395644 144 18725652 2711504696
======================
   8      32 sdc 848725 12278 225256046 22204400 9786762 224280067 4874668976 2688539416 149 18726656 2711647956
======================
   8      32 sdc 848725 12278 225256046 22204400 9787418 224280067 4875004848 2688682384 133 18727660 2711791384
======================
   8      32 sdc 848725 12278 225256046 22204400 9788060 224280067 4875333552 2688825776 131 18728664 2711934776
======================
   8      32 sdc 848725 12278 225256046 22204400 9788695 224280067 4875658672 2688971496 136 18729668 2712078464
======================
   8      32 sdc 848725 12278 225256046 22204400 9789342 224280067 4875989936 2689112532 129 18730668 2712221424
======================
   8      32 sdc 848726 12278 225256054 22204656 9789983 224280108 4876316944 2689229164 144 18731672 2712338056
======================
   8      32 sdc 848726 12278 225256054 22204656 9790628 224280152 4876642496 2689369232 139 18732676 2712475428
======================
   8      32 sdc 848726 12278 225256054 22204656 9791294 224280152 4876983488 2689513324 145 18733680 2712620048
======================
   8      32 sdc 848726 12278 225256054 22204656 9791945 224280152 4877316800 2689655024 134 18734684 2712763756
======================
   8      32 sdc 848726 12278 225256054 22204656 9792591 224280152 4877647552 2689797692 128 18735688 2712907496
======================
   8      32 sdc 848726 12278 225256054 22204656 9793217 224280162 4877967640 2689939028 153 18736692 2713049140
======================
   8      32 sdc 848726 12278 225256054 22204656 9793862 224280162 4878297880 2690083976 148 18737692 2713192360
======================
   8      32 sdc 848726 12278 225256054 22204656 9794490 224280162 4878619416 2690231628 128 18738696 2713337420
======================
   8      32 sdc 848726 12278 225256054 22204656 9795215 224280162 4878990616 2690372868 139 18739700 2713481160
======================
   8      32 sdc 848726 12278 225256054 22204656 9795881 224280162 4879331608 2690512576 145 18740704 2713620408
======================
   8      32 sdc 848726 12278 225256054 22204656 9796507 224280162 4879652120 2690654720 133 18741708 2713763980
======================
   8      32 sdc 848726 12278 225256054 22204656 9797098 224280162 4879954712 2690803424 144 18742712 2713908896
======================
   8      32 sdc 848727 12278 225256062 22204844 9797789 224280162 4880308504 2690935980 139 18743716 2714042492
======================
   8      32 sdc 848727 12278 225256062 22204844 9798450 224280162 4880646936 2691076580 138 18744720 2714186104
======================
   8      32 sdc 848727 12278 225256062 22204844 9799090 224280162 4880974616 2691219548 138 18745724 2714329608
======================
   8      32 sdc 848727 12278 225256062 22204844 9799749 224280162 4881312024 2691363892 151 18746728 2714473040
======================
   8      32 sdc 848727 12278 225256062 22204844 9800384 224280162 4881637144 2691506780 156 18747732 2714616328
======================
   8      32 sdc 848727 12278 225256062 22204844 9800973 224280162 4881938712 2691653404 143 18748736 2714760504
======================
   8      32 sdc 848727 12278 225256062 22204844 9801663 224280162 4882291992 2691794564 157 18749740 2714904048
======================
   8      32 sdc 848727 12278 225256062 22204844 9802304 224280162 4882620184 2691937732 156 18750744 2715047568
======================
   8      32 sdc 848727 12278 225256062 22204844 9802935 224280162 4882943256 2692086372 133 18751744 2715192448
======================
   8      32 sdc 848727 12278 225256062 22204844 9803629 224280162 4883298584 2692227900 143 18752748 2715335196
======================
   8      32 sdc 848727 12278 225256062 22204844 9804270 224280162 4883626776 2692369236 142 18753752 2715479016
======================
   8      32 sdc 848727 12278 225256062 22204844 9804928 224280162 4883963672 2692513932 89 18754756 2715620404
======================
   8      32 sdc 848728 12278 225256070 22205064 9805575 224280162 4884294936 2692645080 153 18755760 2715752984
======================
   8      32 sdc 848728 12278 225256070 22205064 9806210 224280162 4884620056 2692786792 158 18756764 2715897048
======================
   8      32 sdc 848728 12278 225256070 22205064 9806852 224280162 4884948760 2692931836 156 18757764 2716040140
======================
   8      32 sdc 848728 12278 225256070 22205064 9807455 224280162 4885257496 2693077508 129 18758768 2716185252
======================
   8      32 sdc 848728 12278 225256070 22205064 9808188 224280162 4885632792 2693220444 132 18759772 2716329084
======================
   8      32 sdc 848728 12278 225256070 22205064 9808820 224280162 4885956376 2693361992 140 18760776 2716472824
======================
   8      32 sdc 848728 12278 225256070 22205064 9809435 224280162 4886271256 2693508632 133 18761780 2716615472
======================
   8      32 sdc 848728 12278 225256070 22205064 9810118 224280162 4886620952 2693652260 154 18762784 2716758852
======================
   8      32 sdc 848728 12278 225256070 22205064 9810788 224280162 4886963992 2693792860 156 18763788 2716902668
======================
   8      32 sdc 848728 12278 225256070 22205064 9811429 224280162 4887292184 2693939248 155 18764788 2717047336
======================
   8      32 sdc 848728 12278 225256070 22205064 9812074 224280162 4887622424 2694081468 150 18765792 2717191300
======================
   8      32 sdc 848729 12278 225256078 22205284 9812720 224280162 4887953176 2694214848 144 18766796 2717321068
======================
   8      32 sdc 848729 12278 225256078 22205284 9813364 224280162 4888282904 2694354772 140 18767800 2717464588
======================
   8      32 sdc 848729 12278 225256078 22205284 9814006 224280162 4888611608 2694498516 138 18768804 2717608396
======================
   8      32 sdc 848729 12278 225256078 22205284 9814593 224280162 4888912152 2694646184 151 18769808 2717751896
======================
   8      32 sdc 848729 12278 225256078 22205284 9815283 224280162 4889265432 2694787552 141 18770824 2717897676
======================
   8      32 sdc 848729 12278 225256078 22205284 9815941 224280162 4889602328 2694930176 155 18771824 2718039692
======================
   8      32 sdc 848729 12278 225256078 22205284 9816583 224280162 4889931032 2695073940 153 18772828 2718183628
======================
   8      32 sdc 848729 12278 225256078 22205284 9817239 224280162 4890266904 2695238588 137 18773832 2718336196
======================
   8      32 sdc 848729 12278 225256078 22205284 9817919 224280162 4890615064 2695371004 129 18774836 2718479852
======================
   8      32 sdc 848729 12278 225256078 22205284 9818552 224280162 4890939160 2695512512 136 18775840 2718622728
======================
   8      32 sdc 848729 12278 225256078 22205284 9819178 224280162 4891259672 2695656096 150 18776844 2718766256
======================
   8      32 sdc 848729 12278 225256078 22205284 9819823 224280162 4891590424 2695807368 145 18777848 2718913916
======================
   8      32 sdc 848730 12278 225256086 22205700 9820364 224280162 4891866904 2695919816 148 18778852 2719022436
======================
   8      32 sdc 848730 12278 225256086 22205700 9821041 224280162 4892213528 2696056428 143 18779856 2719166136
======================
   8      32 sdc 848730 12278 225256086 22205700 9821695 224280162 4892548376 2696198548 129 18780860 2719309628
======================
   8      32 sdc 848730 12278 225256086 22205700 9822322 224280162 4892869400 2696342252 142 18781864 2719453272
======================
   8      32 sdc 848730 12278 225256086 22205700 9822954 224280162 4893192984 2696489840 150 18782868 2719596772
======================
   8      32 sdc 848730 12278 225256086 22205700 9823618 224280162 4893532952 2696629960 158 18783868 2719739776
======================
   8      32 sdc 848730 12278 225256086 22205700 9824260 224280162 4893861656 2696773184 156 18784872 2719883088
======================
   8      32 sdc 848730 12278 225256086 22205700 9824911 224280162 4894194968 2696916728 145 18785876 2720026864
======================
   8      32 sdc 848730 12278 225256086 22205700 9825570 224280162 4894532376 2697062940 158 18786880 2720169416
======================
   8      32 sdc 848730 12278 225256086 22205700 9826220 224280162 4894865176 2697204668 148 18787884 2720314540
======================
   8      32 sdc 848730 12278 225256086 22205700 9826862 224280162 4895193880 2697347804 146 18788888 2720458340
======================
   8      32 sdc 848730 12278 225256086 22205700 9827504 224280162 4895522584 2697491420 144 18789892 2720601972
======================
   8      32 sdc 848731 12278 225256094 22205888 9828124 224280162 4895840024 2697625672 144 18790896 2720733896
======================
   8      32 sdc 848731 12278 225256094 22205888 9828792 224280162 4896182040 2697767324 148 18791896 2720877100
======================
   8      32 sdc 848731 12278 225256094 22205888 9829428 224280162 4896507672 2697910656 152 18792900 2721020752
======================
   8      32 sdc 848731 12278 225256094 22205888 9830069 224280162 4896835864 2698054132 151 18793904 2721164608
======================
   8      32 sdc 848731 12278 225256094 22205888 9830713 224280162 4897165592 2698204512 147 18794908 2721310656
======================
   8      32 sdc 848731 12278 225256094 22205888 9831345 224280162 4897489176 2698344628 155 18795912 2721452376
======================
   8      32 sdc 848731 12278 225256094 22205888 9831973 224280162 4897810712 2698484848 135 18796916 2721595728
======================
   8      32 sdc 848731 12278 225256094 22205888 9832647 224280162 4898155800 2698629532 133 18797920 2721739356
======================
   8      32 sdc 848731 12278 225256094 22205888 9833323 224280162 4898501912 2698773196 129 18798924 2721883472
======================
   8      32 sdc 848731 12278 225256094 22205888 9833994 224280162 4898845464 2698916764 130 18799928 2722027020
======================
   8      32 sdc 848731 12278 225256094 22205888 9834636 224280162 4899174168 2699058728 128 18800928 2722170044
======================
   8      32 sdc 848731 12278 225256094 22205888 9835237 224280162 4899481880 2699207368 135 18801932 2722315576
======================
   8      32 sdc 848732 12278 225256102 22206096 9835910 224280162 4899826456 2699333732 134 18802936 2722443780
======================
   8      32 sdc 848732 12278 225256102 22206096 9836585 224280162 4900172056 2699477016 131 18803940 2722587200
======================
   8      32 sdc 848732 12278 225256102 22206096 9837227 224280162 4900500760 2699619920 129 18804944 2722730692
======================
   8      32 sdc 848732 12278 225256102 22206096 9837872 224280162 4900831000 2699763356 156 18805948 2722874328
======================
   8      32 sdc 848732 12278 225256102 22206096 9838513 224280162 4901159192 2699907068 155 18806952 2723018216
======================
   8      32 sdc 848732 12278 225256102 22206096 9839154 224280162 4901487384 2700051944 154 18807956 2723161276
======================
   8      32 sdc 848732 12278 225256102 22206096 9839796 224280162 4901816088 2700193344 152 18808960 2723304828
======================
   8      32 sdc 848732 12278 225256102 22206096 9840439 224280162 4902145304 2700336952 149 18809964 2723448348
======================
   8      32 sdc 848732 12278 225256102 22206096 9841089 224280162 4902478104 2700482288 139 18810964 2723590004
======================
   8      32 sdc 848732 12278 225256102 22206096 9841743 224280162 4902812952 2700622892 157 18811968 2723733084
======================
   8      32 sdc 848732 12278 225256102 22206096 9842383 224280162 4903140632 2700765628 157 18812972 2723876560
======================
   8      32 sdc 848732 12278 225256102 22206096 9843026 224280162 4903469848 2700909508 154 18813976 2724020444
======================
   8      32 sdc 848733 12278 225256110 22206312 9843680 224280162 4903804696 2701037296 140 18814980 2724147984
======================
   8      32 sdc 848733 12278 225256110 22206312 9844277 224280162 4904110360 2701185568 151 18815984 2724294068
======================
   8      32 sdc 848733 12278 225256110 22206312 9844965 224280162 4904462616 2701325580 135 18816988 2724437720
======================
   8      32 sdc 848733 12278 225256110 22206312 9845612 224280162 4904793880 2701470708 128 18817992 2724581044
======================
   8      32 sdc 848733 12278 225256110 22206312 9846276 224280162 4905133848 2701614052 136 18818996 2724724788
======================
   8      32 sdc 848733 12278 225256110 22206312 9846952 224280162 4905479960 2701757696 132 18820000 2724868336
======================
   8      32 sdc 848733 12278 225256110 22206312 9847584 224280162 4905803544 2701899532 140 18821004 2725011900
======================
   8      32 sdc 848733 12278 225256110 22206312 9848207 224280162 4906122520 2702043408 157 18822008 2725152300
======================
   8      32 sdc 848733 12278 225256110 22206312 9848884 224280162 4906469144 2702186604 152 18823012 2725296156
======================
   8      32 sdc 848733 12278 225256110 22206312 9849548 224280162 4906809112 2702330064 128 18824016 2725439124
======================
   8      32 sdc 848733 12278 225256110 22206312 9850194 224280162 4907139864 2702471232 154 18825020 2725583444
======================
   8      32 sdc 848733 12278 225256110 22206312 9850844 224280162 4907472664 2702614624 144 18826020 2725726604
======================
   8      32 sdc 848733 12278 225256110 22206312 9851009 224280162 4907557144 2702650352 24 18827024 2725769168
======================
   8      32 sdc 848734 12278 225256118 22207756 9851984 224280162 4908056344 2702737540 155 18828028 2725850828
======================
   8      32 sdc 848734 12278 225256118 22207756 9852608 224280162 4908375832 2702881120 139 18829032 2725991052
======================
   8      32 sdc 848734 12278 225256118 22207756 9853263 224280162 4908711192 2703022016 156 18830036 2726135252
======================
   8      32 sdc 848734 12278 225256118 22207756 9853903 224280162 4909038872 2703179696 158 18831040 2726286288
======================
   8      32 sdc 848734 12278 225256118 22207756 9854561 224280162 4909375768 2703317720 140 18832044 2726430948
======================
   8      32 sdc 848734 12278 225256118 22207756 9855207 224280162 4909706520 2703460696 134 18833044 2726573780
======================
   8      32 sdc 848734 12278 225256118 22207756 9855799 224280162 4910009624 2703604788 150 18834048 2726714680
======================
   8      32 sdc 848734 12278 225256118 22207756 9856527 224280162 4910382360 2703746072 145 18835052 2726857284
======================
   8      32 sdc 848734 12278 225256118 22207756 9857184 224280162 4910718744 2703886936 141 18836056 2727001076
======================
   8      32 sdc 848734 12278 225256118 22207756 9857810 224280162 4911039256 2704030608 155 18837060 2727144244
======================
   8      32 sdc 848734 12278 225256118 22207756 9858446 224280162 4911364888 2704185272 130 18838064 2727294832
======================
   8      32 sdc 848734 12278 225256118 22207756 9858681 224280162 4911485208 2704229688 32 18839068 2727354596
======================
   8      32 sdc 848735 12278 225256126 22209316 9859776 224280162 4912045848 2704305824 151 18840072 2727416076
======================
   8      32 sdc 848735 12278 225256126 22209316 9860448 224280162 4912389912 2704444028 151 18841076 2727559176
======================
   8      32 sdc 848735 12278 225256126 22209316 9861073 224280162 4912709912 2704587164 134 18842080 2727702712
======================
   8      32 sdc 848735 12278 225256126 22209316 9861680 224280162 4913020696 2704734928 135 18843084 2727846976
======================
   8      32 sdc 848735 12278 225256126 22209316 9862372 224280162 4913375000 2704877904 147 18844084 2727989416
======================
   8      32 sdc 848735 12278 225256126 22209316 9863027 224280162 4913710360 2705018084 132 18845088 2728132752
======================
   8      32 sdc 848735 12278 225256126 22209316 9863680 224280162 4914044696 2705161192 151 18846092 2728275584
======================
   8      32 sdc 848735 12278 225256126 22209316 9864345 224280162 4914385176 2705304792 158 18847096 2728418752
======================
   8      32 sdc 848735 12278 225256126 22209316 9864993 224280162 4914716952 2705447228 150 18848100 2728562144
======================
   8      32 sdc 848735 12278 225256126 22209316 9865635 224280162 4915045656 2705590224 148 18849104 2728705276
======================
   8      32 sdc 848735 12278 225256126 22209316 9866277 224280162 4915374360 2705733160 116 18850108 2728847668
======================
   8      32 sdc 848736 12278 225256134 22209520 9866843 224280162 4915664152 2705863076 144 18851112 2728968272
======================
   8      32 sdc 848736 12278 225256134 22209520 9867559 224280162 4916030744 2705996684 132 18852116 2729111528
======================
   8      32 sdc 848736 12278 225256134 22209520 9868217 224280162 4916367640 2706139764 146 18853120 2729255220
======================
   8      32 sdc 848736 12278 225256134 22209520 9868857 224280162 4916695320 2706282780 146 18854124 2729398672
======================
   8      32 sdc 848736 12278 225256134 22209520 9869354 224280162 4916949784 2706432240 129 18855128 2729544108
======================
   8      32 sdc 848736 12278 225256134 22209520 9870030 224280162 4917295896 2706571884 157 18856132 2729687544
======================
   8      32 sdc 848736 12278 225256134 22209520 9870655 224280162 4917615896 2706715576 140 18857136 2729831364
======================
   8      32 sdc 848736 12278 225256134 22209520 9871306 224280162 4917949208 2706860536 129 18858140 2729974752
======================
   8      32 sdc 848736 12278 225256134 22209520 9871971 224280162 4918289688 2707005520 136 18859144 2730117236
======================
   8      32 sdc 848736 12278 225256134 22209520 9872659 224280162 4918641944 2707146352 152 18860148 2730260692
======================
   8      32 sdc 848736 12278 225256134 22209520 9873355 224280162 4918998296 2707295372 128 18861200 2730410992
======================
   8      32 sdc 848736 12278 225256134 22209520 9873971 224280162 4919313688 2707443088 102 18862216 2730554928
======================
   8      32 sdc 848737 12278 225256142 22209732 9874609 224280162 4919640344 2707568372 131 18863220 2730682988
======================
   8      32 sdc 848737 12278 225256142 22209732 9875285 224280162 4919986456 2707711728 139 18864224 2730826300
======================
   8      32 sdc 848737 12278 225256142 22209732 9875934 224280162 4920318744 2707854180 150 18865228 2730970048
======================
   8      32 sdc 848737 12278 225256142 22209732 9876551 224280162 4920634648 2707999308 141 18866444 2731149428
======================
   8      32 sdc 848737 12278 225256142 22209732 9877244 224280162 4920989464 2708185024 152 18867488 2731297212
======================
   8      32 sdc 848737 12278 225256142 22209732 9877907 224280162 4921328920 2708323936 129 18868488 2731438916
======================
   8      32 sdc 848737 12278 225256142 22209732 9878550 224280162 4921658136 2708467820 158 18869496 2731583244
======================
   8      32 sdc 848737 12278 225256142 22209732 9879192 224280162 4921986840 2708611092 156 18870500 2731726696
======================
   8      32 sdc 848737 12278 225256142 22209732 9879834 224280162 4922315544 2708754280 154 18871500 2731869220
======================
   8      32 sdc 848737 12278 225256142 22209732 9880493 224280162 4922652952 2708896944 135 18872504 2732012676
======================
   8      32 sdc 848737 12278 225256142 22209732 9881146 224280162 4922987288 2709040636 154 18873508 2732156156
======================
   8      32 sdc 848738 12278 225256150 22209936 9881766 224280162 4923304728 2709174016 128 18874508 2732279844
======================
   8      32 sdc 848738 12278 225256150 22209936 9882430 224280162 4923644696 2709308496 136 18875512 2732423328
======================
   8      32 sdc 848738 12278 225256150 22209936 9883105 224280162 4923990296 2709450964 133 18876512 2732565424
======================
   8      32 sdc 848738 12278 225256150 22209936 9883728 224280162 4924309272 2709593076 150 18877516 2732707008
======================
   8      32 sdc 848738 12278 225256150 22209936 9884352 224280162 4924628760 2709735108 134 18878520 2732850204
======================
   8      32 sdc 848738 12278 225256150 22209936 9885029 224280162 4924975384 2709878328 129 18879524 2732993060
======================
   8      32 sdc 848738 12278 225256150 22209936 9885549 224280162 4925241624 2710020928 153 18880524 2733135504
======================
   8      32 sdc 848738 12278 225256150 22209936 9886207 224280162 4925579032 2710162908 135 18881528 2733278920
======================
   8      32 sdc 848738 12278 225256150 22209936 9886832 224280162 4925898520 2710305556 150 18882532 2733420200
======================
   8      32 sdc 848738 12278 225256150 22209936 9887480 224280162 4926230296 2710449412 142 18883532 2733563788
======================
   8      32 sdc 848738 12278 225256150 22209936 9888157 224280162 4926576920 2710593248 137 18884540 2733707960
======================
   8      32 sdc 848738 12278 225256150 22209936 9888806 224280162 4926909208 2710735720 128 18885540 2733850852
======================
   8      32 sdc 848739 12278 225256158 22210164 9889427 224280162 4927227160 2710869068 147 18886544 2733976532
======================
   8      32 sdc 848739 12278 225256158 22210164 9890084 224280162 4927563544 2711003976 130 18887548 2734118792
======================
   8      32 sdc 848739 12278 225256158 22210164 9890745 224280162 4927901976 2711146552 141 18888552 2734262516
======================
   8      32 sdc 848739 12278 225256158 22210164 9891387 224280162 4928230680 2711290092 139 18889556 2734406092
======================
   8      32 sdc 848739 12278 225256158 22210164 9892012 224280162 4928550680 2711432684 154 18890556 2734548132
======================
   8      32 sdc 848739 12278 225256158 22210164 9892661 224280162 4928882968 2711576688 145 18891560 2734691656
======================
   8      32 sdc 848739 12278 225256158 22210164 9893324 224280162 4929222424 2711719300 154 18892564 2734834980
======================
   8      32 sdc 848739 12278 225256158 22210164 9893976 224280162 4929556248 2711862236 142 18893564 2734977864
======================
   8      32 sdc 848739 12278 225256158 22210164 9894618 224280162 4929884952 2712005464 140 18894568 2735121264
======================
   8      32 sdc 848739 12278 225256158 22210164 9895279 224280162 4930223384 2712149416 151 18895568 2735261840
======================
   8      32 sdc 848739 12278 225256158 22210164 9895957 224280162 4930570520 2712289992 145 18896572 2735405572
======================
   8      32 sdc 848739 12278 225256158 22210164 9896581 224280162 4930890008 2712432768 129 18897576 2735548816
======================
   8      32 sdc 848740 12278 225256166 22210400 9897193 224280162 4931203352 2712560728 129 18898580 2735675828
======================
   8      32 sdc 848740 12278 225256166 22210400 9897870 224280162 4931549976 2712704212 156 18899584 2735819392
======================
   8      32 sdc 848740 12278 225256166 22210400 9898542 224280162 4931894040 2712848324 156 18900588 2735963864
======================
   8      32 sdc 848740 12278 225256166 22210400 9899225 224280162 4932243736 2712993188 145 18901596 2736108380
======================
   8      32 sdc 848740 12278 225256166 22210400 9899843 224280162 4932560152 2713135208 135 18902600 2736252000
======================
   8      32 sdc 848740 12278 225256166 22210400 9900514 224280162 4932903704 2713281508 136 18903616 2736397496
======================
   8      32 sdc 848740 12278 225256166 22210400 9901188 224280162 4933248792 2713424728 134 18904620 2736541036
======================
   8      32 sdc 848740 12278 225256166 22210400 9901809 224280162 4933566744 2713563176 153 18905624 2736684928
======================
   8      32 sdc 848740 12278 225256166 22210400 9902474 224280162 4933907224 2713716008 128 18906624 2736829652
======================
   8      32 sdc 848740 12278 225256166 22210400 9903143 224280162 4934249752 2713857648 131 18907632 2736973792
======================
   8      32 sdc 848740 12278 225256166 22210400 9903795 224280162 4934583576 2714000264 151 18908632 2737116912
======================
   8      32 sdc 848740 12278 225256166 22210400 9904436 224280162 4934911768 2714143348 150 18909636 2737260280
======================
   8      32 sdc 848741 12278 225256174 22210628 9905056 224280162 4935229208 2714269580 140 18910636 2737386316
======================
   8      32 sdc 848741 12278 225256174 22210628 9905658 224280162 4935537432 2714414520 146 18911640 2737528808
======================
   8      32 sdc 848741 12278 225256174 22210628 9906352 224280162 4935892760 2714560116 156 18912648 2737673332
======================
   8      32 sdc 848741 12278 225256174 22210628 9907020 224280162 4936234776 2714699160 128 18913652 2737816744
======================
   8      32 sdc 848741 12278 225256174 22210628 9907516 224280162 4936488728 2714832936 144 18914656 2737950200
======================
   8      32 sdc 848741 12278 225256174 22210628 9908176 224280162 4936826648 2714976684 156 18915656 2738093612
======================
   8      32 sdc 848741 12278 225256174 22210628 9908845 224280162 4937169176 2715120588 159 18916664 2738237920
======================
   8      32 sdc 848741 12278 225256174 22210628 9909470 224280162 4937489176 2715263964 142 18917672 2738382172
======================
   8      32 sdc 848741 12278 225256174 22210628 9910106 224280162 4937814808 2715410596 146 18918676 2738525604
======================
   8      32 sdc 848741 12278 225256174 22210628 9910796 224280162 4938168088 2715554220 128 18919692 2738670596
======================
   8      32 sdc 848741 12278 225256174 22210628 9911471 224280162 4938513688 2715697360 157 18920692 2738813576
======================
   8      32 sdc 848741 12278 225256174 22210628 9912147 224280162 4938859800 2715840848 153 18921696 2738957328
======================
   8      32 sdc 848741 12278 225256174 22210628 9912418 224280162 4938998552 2715901964 23 18922700 2739021256
======================
   8      32 sdc 848742 12278 225256182 22212328 9912765 224280162 4939176216 2715946148 136 18923704 2739051076
======================
   8      32 sdc 848742 12278 225256182 22212328 9914047 224280162 4939832600 2716076960 134 18924708 2739194088
======================
   8      32 sdc 848742 12278 225256182 22212328 9914710 224280162 4940172056 2716218592 143 18925712 2739337644
======================
   8      32 sdc 848742 12278 225256182 22212328 9915200 224280162 4940422936 2716361972 133 18926716 2739480356
======================
   8      32 sdc 848742 12278 225256182 22212328 9915866 224280162 4940763928 2716505680 139 18927724 2739624536
======================
   8      32 sdc 848742 12278 225256182 22212328 9916523 224280162 4941100312 2716648764 154 18928728 2739765756
======================
   8      32 sdc 848742 12278 225256182 22212328 9917111 224280162 4941401368 2716781044 142 18929732 2739911052
======================
   8      32 sdc 848742 12278 225256182 22212328 9917801 224280162 4941754648 2716935184 156 18930732 2740054012
======================
   8      32 sdc 848742 12278 225256182 22212328 9918442 224280162 4942082840 2717078352 155 18931736 2740197500
======================
   8      32 sdc 848742 12278 225256182 22212328 9919101 224280162 4942420248 2717222120 136 18932736 2740340356
======================
   8      32 sdc 848742 12278 225256182 22212328 9919765 224280162 4942760216 2717365396 144 18933740 2740484112
======================
   8      32 sdc 848743 12278 225256190 22212540 9920379 224280162 4943074584 2717495100 158 18934744 2740614584
======================
   8      32 sdc 848743 12278 225256190 22212540 9921026 224280162 4943405848 2717635444 151 18935744 2740753352
======================
   8      32 sdc 848743 12278 225256190 22212540 9921701 224280162 4943751448 2717778356 148 18936748 2740897124
======================
   8      32 sdc 848743 12278 225256190 22212540 9922354 224280162 4944085784 2717920976 135 18937752 2741041056
======================
   8      32 sdc 848743 12278 225256190 22212540 9922839 224280162 4944334104 2718062716 130 18938756 2741181212
======================
   8      32 sdc 848743 12278 225256190 22212540 9923516 224280162 4944680728 2718206500 157 18939760 2741324804
======================
   8      32 sdc 848743 12278 225256190 22212540 9924164 224280162 4945012504 2718353036 149 18940764 2741468844
======================
   8      32 sdc 848743 12278 225256190 22212540 9924833 224280162 4945355032 2718488180 152 18941768 2741613040
======================
   8      32 sdc 848743 12278 225256190 22212540 9925501 224280162 4945697048 2718636972 156 18942772 2741756632
======================
   8      32 sdc 848743 12278 225256190 22212540 9926118 224280162 4946012952 2718779424 147 18943776 2741899488
======================
   8      32 sdc 848743 12278 225256190 22212540 9926800 224280162 4946362136 2718924360 137 18944776 2742042532
======================
   8      32 sdc 848743 12278 225256190 22212540 9927460 224280162 4946700056 2719065848 149 18945784 2742186820
======================
   8      32 sdc 848744 12278 225256198 22212736 9928080 224280162 4947017496 2719198860 151 18946784 2742318492
======================
   8      32 sdc 848744 12278 225256198 22212736 9928732 224280162 4947351320 2719342576 139 18947788 2742461792
======================
   8      32 sdc 848744 12278 225256198 22212736 9929395 224280162 4947690776 2719485476 148 18948792 2742605132
======================
   8      32 sdc 848744 12278 225256198 22212736 9930044 224280162 4948023064 2719628132 139 18949792 2742747944
======================
   8      32 sdc 848744 12278 225256198 22212736 9930535 224280162 4948274968 2719770960 128 18950796 2742890796
======================
   8      32 sdc 848744 12278 225256198 22212736 9931129 224280162 4948578584 2719916228 142 18951800 2743034820
======================
   8      32 sdc 848744 12278 225256198 22212736 9931819 224280162 4948931864 2720057240 156 18952800 2743177612
======================
   8      32 sdc 848744 12278 225256198 22212736 9932492 224280162 4949276440 2720201316 155 18953804 2743320384
======================
   8      32 sdc 848744 12278 225256198 22212736 9933137 224280162 4949606680 2720344688 150 18954808 2743464608
======================
   8      32 sdc 848744 12278 225256198 22212736 9933772 224280162 4949931800 2720488572 155 18955812 2743607756
======================
   8      32 sdc 848744 12278 225256198 22212736 9934456 224280162 4950282008 2720633768 143 18956828 2743753164
======================
   8      32 sdc 848744 12278 225256198 22212736 9935113 224280162 4950618392 2720776424 158 18957832 2743896328
======================
   8      32 sdc 848745 12278 225256206 22212956 9935727 224280162 4950933272 2720904792 158 18958844 2744026196
======================
   8      32 sdc 848745 12278 225256206 22212956 9936374 224280162 4951264024 2721052564 151 18959848 2744171144
======================
   8      32 sdc 848745 12278 225256206 22212956 9937055 224280162 4951612696 2721194300 142 18960848 2744314284
======================
   8      32 sdc 848745 12278 225256206 22212956 9937731 224280162 4951958808 2721337764 138 18961852 2744457688
======================
   8      32 sdc 848745 12278 225256206 22212956 9938337 224280162 4952269080 2721475768 140 18962852 2744600524
======================
   8      32 sdc 848745 12278 225256206 22212956 9938988 224280162 4952602392 2721622384 130 18963856 2744741860
======================
   8      32 sdc 848745 12278 225256206 22212956 9939663 224280162 4952947992 2721765172 159 18964860 2744885036
======================
   8      32 sdc 848745 12278 225256206 22212956 9940252 224280162 4953249560 2721893468 146 18965864 2745029036
======================
   8      32 sdc 848745 12278 225256206 22212956 9940893 224280162 4953577752 2722037912 145 18966864 2745172492
======================
   8      32 sdc 848745 12278 225256206 22212956 9941556 224280162 4953917208 2722184740 154 18967868 2745317352
======================
   8      32 sdc 848745 12278 225256206 22212956 9942240 224280162 4954267416 2722333208 142 18968872 2745460268
======================
   8      32 sdc 848745 12278 225256206 22212956 9942909 224280162 4954609944 2722482376 145 18969876 2745603616
======================
   8      32 sdc 848746 12278 225256214 22213196 9943522 224280162 4954923800 2722607164 140 18970876 2745727972
======================
   8      32 sdc 848746 12278 225256214 22213196 9944163 224280162 4955251992 2722750384 139 18971880 2745871340
======================
   8      32 sdc 848746 12278 225256214 22213196 9944820 224280162 4955588376 2722893396 154 18972884 2746012120
======================
   8      32 sdc 848746 12278 225256214 22213196 9945480 224280162 4955926296 2723034876 134 18973888 2746155360
======================
   8      32 sdc 848746 12278 225256214 22213196 9946114 224280162 4956250904 2723177640 140 18974892 2746298668
======================
   8      32 sdc 848746 12278 225256214 22213196 9946780 224280162 4956591896 2723320308 146 18975896 2746441968
======================
   8      32 sdc 848746 12278 225256214 22213196 9947455 224280162 4956937496 2723465828 143 18976904 2746587436
======================
   8      32 sdc 848746 12278 225256214 22213196 9948079 224280162 4957256984 2723609056 145 18977908 2746729228
======================
   8      32 sdc 848746 12278 225256214 22213196 9948722 224280162 4957586200 2723753340 156 18978912 2746873448
======================
   8      32 sdc 848746 12278 225256214 22213196 9949400 224280162 4957933336 2723896968 150 18979920 2747017432
======================
   8      32 sdc 848746 12278 225256214 22213196 9950036 224280162 4958258968 2724031944 154 18980928 2747162216
======================
   8      32 sdc 848746 12278 225256214 22213196 9950754 224280162 4958626584 2724185480 23 18981932 2747294888
======================
   8      32 sdc 848747 12278 225256222 22213416 9951361 224280162 4958937368 2724311300 140 18982936 2747432848
======================
   8      32 sdc 848747 12278 225256222 22213416 9951992 224280162 4959260440 2724455876 149 18983944 2747576832
======================
   8      32 sdc 848747 12278 225256222 22213416 9952668 224280162 4959606552 2724599284 145 18984944 2747719560
======================
   8      32 sdc 848747 12278 225256222 22213416 9953313 224280162 4959936792 2724739860 140 18985948 2747863048
======================
   8      32 sdc 848747 12278 225256222 22213416 9953922 224280162 4960248600 2724885376 140 18986952 2748009612
======================
   8      32 sdc 848747 12278 225256222 22213416 9954588 224280162 4960589592 2725032736 146 18987952 2748152740
======================
   8      32 sdc 848747 12278 225256222 22213416 9955209 224280162 4960907544 2725168048 133 18988960 2748296152
======================
   8      32 sdc 848747 12278 225256222 22213416 9955852 224280162 4961236760 2725304944 130 18989972 2748433744
======================
   8      32 sdc 848747 12278 225256222 22213416 9956466 224280162 4961551128 2725440900 156 18990980 2748578752
======================
   8      32 sdc 848747 12278 225256222 22213416 9957179 224280162 4961916184 2725601264 147 18991988 2748722720
======================
   8      32 sdc 848747 12278 225256222 22213416 9957845 224280162 4962257176 2725744916 153 18992992 2748864320
======================
   8      32 sdc 848748 12278 225256230 22213644 9958480 224280162 4962582296 2725877060 159 18993996 2748990180
======================
   8      32 sdc 848748 12278 225256230 22213644 9959113 224280162 4962906392 2726012900 134 18995000 2749137312
======================
   8      32 sdc 848748 12278 225256230 22213644 9959780 224280162 4963247896 2726158704 139 18996004 2749279976
======================
   8      32 sdc 848748 12278 225256230 22213644 9960450 224280162 4963590936 2726301796 141 18997004 2749422832
======================
   8      32 sdc 848748 12278 225256230 22213644 9960941 224280162 4963842328 2726414576 130 18998008 2749567904
======================
   8      32 sdc 848748 12278 225256230 22213644 9961551 224280162 4964154648 2726582932 128 18999012 2749710472
======================
   8      32 sdc 848748 12278 225256230 22213644 9962261 224280162 4964518168 2726726832 139 19000012 2749846312
======================
   8      32 sdc 848748 12278 225256230 22213644 9962936 224280162 4964863768 2726868636 136 19001016 2749989988
======================
   8      32 sdc 848748 12278 225256230 22213644 9963608 224280162 4965207832 2727011308 136 19002016 2750132884
======================
   8      32 sdc 848748 12278 225256230 22213644 9964231 224280162 4965526808 2727153764 153 19003020 2750276844
======================
   8      32 sdc 848748 12278 225256230 22213644 9964866 224280162 4965851928 2727298780 158 19004024 2750420512
======================
   8      32 sdc 848748 12278 225256230 22213644 9965542 224280162 4966198040 2727441396 154 19005028 2750561532
======================
   8      32 sdc 848748 12278 225256230 22213644 9966102 224280162 4966484760 2727559208 35 19006028 2750677532
======================
   8      32 sdc 848748 12278 225256230 22213644 9966102 224280162 4966484760 2727559208 35 19007032 2750712672
======================
   8      32 sdc 848749 12278 225256238 22215284 9967454 224280162 4967176984 2727696840 153 19008032 2750820264
======================
   8      32 sdc 848749 12278 225256238 22215284 9968087 224280162 4967501080 2727834232 128 19009036 2750961340
======================
   8      32 sdc 848749 12278 225256238 22215284 9968602 224280162 4967764760 2727947244 157 19010040 2751108108
======================
   8      32 sdc 848749 12278 225256238 22215284 9969244 224280162 4968093464 2728127040 155 19011040 2751250724
======================
   8      32 sdc 848749 12278 225256238 22215284 9969893 224280162 4968425752 2728270528 146 19012044 2751394104
======================
   8      32 sdc 848749 12278 225256238 22215284 9970557 224280162 4968765720 2728413492 154 19013048 2751537112
======================
   8      32 sdc 848749 12278 225256238 22215284 9971209 224280162 4969099544 2728556480 142 19014052 2751680744
======================
   8      32 sdc 848749 12278 225256238 22215284 9971793 224280162 4969398552 2728686632 134 19015056 2751823032
======================
   8      32 sdc 848749 12278 225256238 22215284 9972518 224280162 4969769752 2728840012 145 19016056 2751963276
======================
   8      32 sdc 848749 12278 225256238 22215284 9973187 224280162 4970112280 2728982420 148 19017060 2752106052
======================
   8      32 sdc 848749 12278 225256238 22215284 9973793 224280162 4970422552 2729120528 24 19018064 2752234548
======================
   8      32 sdc 848750 12278 225256246 22215500 9974418 224280162 4970742552 2729252040 154 19019072 2752375956
======================
   8      32 sdc 848750 12278 225256246 22215500 9975094 224280162 4971088664 2729395576 150 19020076 2752519588
======================
   8      32 sdc 848750 12278 225256246 22215500 9975767 224280162 4971433240 2729540460 149 19021080 2752661088
======================
   8      32 sdc 848750 12278 225256246 22215500 9976421 224280162 4971768088 2729679172 135 19022080 2752804032
======================
   8      32 sdc 848750 12278 225256246 22215500 9977045 224280162 4972087576 2729822540 151 19023084 2752947472
======================
   8      32 sdc 848750 12278 225256246 22215500 9977706 224280162 4972426008 2729967368 130 19024088 2753090920
======================
   8      32 sdc 848750 12278 225256246 22215500 9978381 224280162 4972771608 2730110680 131 19025088 2753233916
======================
   8      32 sdc 848750 12278 225256246 22215500 9979022 224280162 4973099800 2730254092 158 19026092 2753378340
======================
   8      32 sdc 848750 12278 225256246 22215500 9979668 224280162 4973430552 2730397692 152 19027092 2753521196
======================
   8      32 sdc 848750 12278 225256246 22215500 9980332 224280162 4973770520 2730540972 128 19028096 2753664612
======================
   8      32 sdc 848750 12278 225256246 22215500 9980985 224280162 4974104856 2730683084 147 19029100 2753805696
======================
   8      32 sdc 848751 12278 225256254 22215712 9981605 224280162 4974422296 2730809004 138 19030100 2753932532
======================
   8      32 sdc 848751 12278 225256254 22215712 9982248 224280162 4974751512 2730951340 135 19031104 2754075804
======================
   8      32 sdc 848751 12278 225256254 22215712 9982892 224280162 4975081240 2731095208 131 19032128 2754219556
======================
   8      32 sdc 848751 12278 225256254 22215712 9983562 224280162 4975424280 2731238532 133 19033132 2754362284
======================
   8      32 sdc 848751 12278 225256254 22215712 9984067 224280162 4975682840 2731372236 140 19034136 2754507204
======================
   8      32 sdc 848751 12278 225256254 22215712 9984712 224280162 4976013080 2731526332 135 19035144 2754650792
======================
   8      32 sdc 848751 12278 225256254 22215712 9985387 224280162 4976358680 2731671264 132 19036156 2754795016
======================
   8      32 sdc 848751 12278 225256254 22215712 9986058 224280162 4976702232 2731813508 133 19037160 2754938016
======================
   8      32 sdc 848751 12278 225256254 22215712 9986681 224280162 4977021208 2731958580 149 19038164 2755083660
======================
   8      32 sdc 848751 12278 225256254 22215712 9987318 224280162 4977347352 2732102964 152 19039164 2755226596
======================
   8      32 sdc 848751 12278 225256254 22215712 9987988 224280162 4977690392 2732246104 154 19040168 2755369944
======================
   8      32 sdc 848751 12278 225256254 22215712 9988661 224280162 4978034968 2732389984 153 19041176 2755513840
======================
   8      32 sdc 848752 12278 225256262 22215932 9989314 224280162 4978369304 2732515252 146 19042176 2755639040
======================
   8      32 sdc 848752 12278 225256262 22215932 9989919 224280162 4978679064 2732662216 149 19043180 2755784536
======================
   8      32 sdc 848752 12278 225256262 22215932 9990569 224280162 4979011864 2732802792 139 19044184 2755927992
======================
   8      32 sdc 848752 12278 225256262 22215932 9991244 224280162 4979357464 2732946880 136 19045188 2756071224
======================
   8      32 sdc 848752 12278 225256262 22215932 9991698 224280162 4979589912 2733083672 149 19046188 2756231000
======================
   8      32 sdc 848752 12278 225256262 22215932 9992403 224280162 4979950872 2733246396 148 19047192 2756388740
======================
   8      32 sdc 848752 12278 225256262 22215932 9993068 224280162 4980291352 2733406516 155 19048196 2756539028
======================
   8      32 sdc 848752 12278 225256262 22215932 9993725 224280162 4980627736 2733557952 138 19049196 2756682512
======================
   8      32 sdc 848752 12278 225256262 22215932 9994342 224280162 4980943640 2733695812 129 19050200 2756825224
======================
   8      32 sdc 848752 12278 225256262 22215932 9995007 224280162 4981284120 2733834012 136 19051204 2756957856
======================
   8      32 sdc 848752 12278 225256262 22215932 9995639 224280162 4981607704 2733976696 144 19052212 2757103928
======================
   8      32 sdc 848752 12278 225256262 22215932 9996296 224280162 4981944088 2734119684 159 19053232 2757250004
======================
   8      32 sdc 848752 12278 225256262 22215932 9996857 224280162 4982230816 2734252432 1 19054236 2757361588
======================
   8      32 sdc 848752 12278 225256262 22215932 9996857 224280162 4982230816 2734252432 1 19055240 2757362592
======================
   8      32 sdc 848753 12278 225256270 22217588 9998247 224280568 4982942216 2734337716 142 19056244 2757463464
======================
   8      32 sdc 848753 12278 225256270 22217588 9998922 224280568 4983287816 2734481004 139 19057248 2757606780
======================
   8      32 sdc 848753 12278 225256270 22217588 9999353 224280568 4983508488 2734580076 156 19058248 2757754084
======================
   8      32 sdc 848753 12278 225256270 22217588 10000024 224280568 4983852040 2734769548 157 19059252 2757902560
======================
   8      32 sdc 848753 12278 225256270 22217588 10000733 224280568 4984215048 2734921044 152 19060256 2758046828
======================
   8      32 sdc 848753 12278 225256270 22217588 10001403 224280568 4984558088 2735064328 154 19061256 2758189560
======================
   8      32 sdc 848753 12278 225256270 22217588 10002073 224280568 4984901128 2735207780 156 19062260 2758333860
======================
   8      32 sdc 848753 12278 225256270 22217588 10002708 224280568 4985226248 2735349976 129 19063264 2758477336
======================
   8      32 sdc 848753 12278 225256270 22217588 10003331 224280568 4985545224 2735493104 146 19064264 2758620552
======================
   8      32 sdc 848753 12278 225256270 22217588 10004003 224280568 4985889288 2735637684 146 19065268 2758763876
======================
   8      32 sdc 848754 12278 225256278 22217840 10004651 224280587 4986220208 2735757128 153 19066272 2758880592
======================
   8      32 sdc 848754 12278 225256278 22217840 10005293 224280587 4986548912 2735896812 151 19067276 2759024376
======================
   8      32 sdc 848754 12278 225256278 22217840 10005946 224280587 4986883248 2736041336 138 19068280 2759168116
======================
   8      32 sdc 848754 12278 225256278 22217840 10006609 224280587 4987222704 2736185944 147 19069292 2759313000
======================
   8      32 sdc 848754 12278 225256278 22217840 10007243 224280587 4987547312 2736331412 153 19070296 2759456848
======================
   8      32 sdc 848754 12278 225256278 22217840 10007890 224280587 4987878576 2736473692 146 19071304 2759600924
======================
   8      32 sdc 848754 12278 225256278 22217840 10008532 224280587 4988207280 2736617264 144 19072308 2759744596
======================
   8      32 sdc 848754 12278 225256278 22217840 10009195 224280587 4988546736 2736762172 153 19073316 2759888684
======================
   8      32 sdc 848754 12278 225256278 22217840 10009844 224280587 4988879024 2736906440 144 19074332 2760034048
======================
   8      32 sdc 848754 12278 225256278 22217840 10010486 224280587 4989207728 2737050376 142 19075336 2760177964
======================
   8      32 sdc 848754 12278 225256278 22217840 10011151 224280587 4989548208 2737195264 149 19076344 2760322296
======================
   8      32 sdc 848754 12278 225256278 22217840 10011828 224280587 4989894832 2737339472 144 19077352 2760466448
======================
   8      32 sdc 848755 12278 225256286 22218140 10012435 224280607 4990204768 2737454216 146 19078356 2760582364
======================
   8      32 sdc 848755 12278 225256286 22218140 10012684 224281024 4990315416 2737513556 0 19078884 2760625060
======================
   8      32 sdc 848755 12278 225256286 22218140 10012684 224281024 4990315416 2737513556 0 19078884 2760625060
======================
   8      32 sdc 848755 12278 225256286 22218140 10012684 224281024 4990315416 2737513556 0 19078884 2760625060
======================
   8      32 sdc 848755 12278 225256286 22218140 10012684 224281024 4990315416 2737513556 0 19078884 2760625060
======================
   8      32 sdc 848755 12278 225256286 22218140 10012684 224281024 4990315416 2737513556 0 19078884 2760625060
======================
   8      32 sdc 848767 12278 225256376 22218140 10012701 224281024 4990315480 2737513560 158 19079040 2760649080
======================
   8      32 sdc 848993 12278 225258184 22248652 10012703 224281024 4990315488 2737513612 0 19079832 2760655628
started
======================
   8      32 sdc 848993 12278 225258184 22248652 10012703 224281024 4990315488 2737513612 0 19079832 2760655628
======================
   8      32 sdc 848999 12278 225258232 22248660 10012703 224281024 4990315488 2737513612 0 19079840 2760655636
======================
   8      32 sdc 848999 12278 225258232 22248660 10012703 224281024 4990315488 2737513612 0 19079840 2760655636
======================
   8      32 sdc 848999 12278 225258232 22248660 10015895 224281025 4991175648 2737518408 0 19079996 2760660428
======================
   8      32 sdc 848999 12278 225258232 22248660 10017615 224281025 4991645240 2737594564 143 19080916 2760780948
======================
   8      32 sdc 848999 12278 225258232 22248660 10017838 224281026 4991707448 2737734968 144 19081920 2760923620
======================
   8      32 sdc 848999 12278 225258232 22248660 10018040 224281028 4991761760 2737851604 137 19082920 2761066844
======================
   8      32 sdc 848999 12278 225258232 22248660 10018369 224281029 4991853664 2738014072 128 19083924 2761207572
======================
   8      32 sdc 848999 12278 225258232 22248660 10018648 224281029 4991931488 2738133960 137 19084928 2761350540
======================
   8      32 sdc 848999 12278 225258232 22248660 10018912 224281030 4992004448 2738315008 129 19085928 2761490048
======================
   8      32 sdc 848999 12278 225258232 22248660 10019141 224281030 4992069992 2738454988 156 19086932 2761633820
======================
   8      32 sdc 848999 12278 225258232 22248660 10019284 224281031 4992108928 2738541620 143 19087936 2761781752
======================
   8      32 sdc 848999 12278 225258232 22248660 10019563 224281032 4992187264 2738757328 153 19088936 2761922044
======================
   8      32 sdc 848999 12278 225258232 22248660 10019840 224281033 4992265088 2738879700 132 19089940 2762064012
======================
   8      32 sdc 848999 12278 225258232 22248660 10020081 224281034 4992335232 2739030008 147 19090944 2762208656
======================
   8      32 sdc 848999 12278 225258232 22248660 10020382 224281035 4992420224 2739175860 134 19091948 2762351428
======================
   8      32 sdc 848999 12278 225258232 22248660 10020594 224281037 4992480152 2739299732 148 19092952 2762495820
======================
   8      32 sdc 848999 12278 225258232 22248660 10020877 224281039 4992561048 2739461644 153 19093956 2762638880
======================
   8      32 sdc 848999 12278 225258232 22248660 10021121 224281040 4992629912 2739625716 133 19094960 2762786272
======================
   8      32 sdc 848999 12278 225258232 22248660 10021435 224281042 4992719768 2739759680 139 19095960 2762929936
======================
   8      32 sdc 848999 12278 225258232 22248660 10021648 224281043 4992780184 2739872916 150 19096964 2763074448
======================
   8      32 sdc 848999 12278 225258232 22248660 10021878 224281045 4992846512 2740025500 146 19097968 2763218584
======================
   8      32 sdc 848999 12278 225258232 22248660 10022061 224281046 4992897712 2740149316 155 19098972 2763365520
======================
   8      32 sdc 848999 12278 225258232 22248660 10022327 224281048 4992971184 2740319080 132 19099976 2763512372
======================
   8      32 sdc 848999 12278 225258232 22248660 10022482 224281049 4993014960 2740470088 137 19100984 2763654084
======================
   8      32 sdc 848999 12278 225258232 22248660 10022738 224281051 4993088176 2740616132 137 19101984 2763797744
======================
   8      32 sdc 848999 12278 225258232 22248660 10022934 224281053 4993144520 2740727788 135 19102988 2763941100
======================
   8      32 sdc 848999 12278 225258232 22248660 10023148 224281055 4993205448 2740898348 145 19103996 2764085316
======================
   8      32 sdc 848999 12278 225258232 22248660 10023387 224281056 4993274056 2741034912 130 19105000 2764226468
======================
   8      32 sdc 848999 12278 225258232 22248660 10023671 224281058 4993355720 2741174644 134 19106004 2764372484
======================
   8      32 sdc 848999 12278 225258232 22248660 10023924 224281060 4993429704 2741300684 137 19107008 2764514364
======================
   8      32 sdc 848999 12278 225258232 22248660 10024229 224281063 4993516512 2741478676 154 19108012 2764656720
======================
   8      32 sdc 848999 12278 225258232 22248660 10024485 224281065 4993588704 2741621528 154 19109016 2764803200
======================
   8      32 sdc 848999 12278 225258232 22248660 10024784 224281067 4993672160 2741773832 143 19110020 2764947200
======================
   8      32 sdc 848999 12278 225258232 22248660 10024950 224281068 4993720544 2741864792 137 19111024 2765091512
======================
   8      32 sdc 848999 12278 225258232 22248660 10025164 224281070 4993782752 2742052236 147 19112028 2765234804
======================
   8      32 sdc 848999 12278 225258232 22248660 10025383 224281072 4993845752 2742175752 154 19113032 2765379440
======================
   8      32 sdc 848999 12278 225258232 22248660 10025606 224281073 4993909496 2742345512 155 19114032 2765519164
======================
   8      32 sdc 848999 12278 225258232 22248660 10025874 224281075 4993988088 2742500256 143 19115036 2765667044
======================
   8      32 sdc 848999 12278 225258232 22248660 10025996 224281076 4994022904 2742568260 149 19116040 2765811348
======================
   8      32 sdc 848999 12278 225258232 22248660 10026345 224281078 4994121976 2742787816 152 19117044 2765955020
======================
   8      32 sdc 848999 12278 225258232 22248660 10026540 224281080 4994176272 2742878292 151 19118048 2766100668
======================
   8      32 sdc 848999 12278 225258232 22248660 10026726 224281082 4994229264 2743067540 158 19119052 2766249012
======================
   8      32 sdc 848999 12278 225258232 22248660 10026946 224281083 4994291472 2743214008 130 19120056 2766393112
======================
   8      32 sdc 848999 12278 225258232 22248660 10027155 224281085 4994352912 2743326336 145 19121056 2766536460
======================
   8      32 sdc 848999 12278 225258232 22248660 10027239 224281086 4994378512 2743416112 157 19122060 2766682708
======================
   8      32 sdc 848999 12278 225258232 22248660 10027487 224281089 4994446888 2743640088 135 19123064 2766832972
======================
   8      32 sdc 848999 12278 225258232 22248660 10027728 224281091 4994516008 2743761140 150 19124068 2766978112
======================
   8      32 sdc 848999 12278 225258232 22248660 10027896 224281092 4994565672 2743931616 142 19125072 2767124484
======================
   8      32 sdc 848999 12278 225258232 22248660 10028172 224281094 4994643752 2744088160 154 19126076 2767267508
======================
   8      32 sdc 848999 12278 225258232 22248660 10028383 224281095 4994704680 2744207044 135 19127080 2767409492
======================
   8      32 sdc 848999 12278 225258232 22248660 10028590 224281098 4994763840 2744370156 154 19128080 2767551672
======================
   8      32 sdc 848999 12278 225258232 22248660 10028837 224281100 4994835264 2744506868 131 19129084 2767697124
======================
   8      32 sdc 848999 12278 225258232 22248660 10029088 224281102 4994907968 2744640384 136 19130088 2767839188
======================
   8      32 sdc 848999 12278 225258232 22248660 10029353 224281105 4994984256 2744783452 159 19131092 2767983528
======================
   8      32 sdc 848999 12278 225258232 22248660 10029570 224281105 4995045952 2744931808 134 19132096 2768127816
======================
   8      32 sdc 848999 12278 225258232 22248660 10029806 224281109 4995114840 2745086788 156 19133096 2768271636
======================
   8      32 sdc 848999 12278 225258232 22248660 10030003 224281110 4995171160 2745191532 151 19134100 2768417616
======================
   8      32 sdc 848999 12278 225258232 22248660 10030292 224281112 4995254616 2745370356 150 19135104 2768562368
======================
   8      32 sdc 848999 12278 225258232 22248660 10030582 224281114 4995337048 2745541860 148 19136108 2768708956
======================
   8      32 sdc 848999 12278 225258232 22248660 10030775 224281116 4995392344 2745635976 147 19137112 2768853136
======================
   8      32 sdc 848999 12278 225258232 22248660 10031000 224281118 4995455600 2745790528 148 19138116 2768999372
======================
   8      32 sdc 848999 12278 225258232 22248660 10031271 224281120 4995533680 2745961544 133 19139120 2769142388
