======================
   8      16 sdb 1305640 9 330477074 696908 3763226 4037561 1923223984 249139672 0 2256600 249824924
======================
   8      16 sdb 1305640 9 330477074 696908 3763228 4037590 1923224232 249139672 0 2256600 249824924
======================
   8      16 sdb 1305640 9 330477074 696908 3763228 4037590 1923224232 249139672 0 2256600 249824924
======================
   8      16 sdb 1305640 9 330477074 696908 3763228 4037590 1923224232 249139672 0 2256600 249824924
======================
   8      16 sdb 1305640 9 330477074 696908 3763228 4037590 1923224232 249139672 0 2256600 249824924
======================
   8      16 sdb 1305652 9 330477170 697380 3768798 4037590 1926071720 249375292 0 2258620 250060972
======================
   8      16 sdb 1305655 9 330477194 697804 3771410 4037590 1927407016 249464824 157 2259616 250151464
======================
   8      16 sdb 1305658 9 330477218 697832 3773967 4037590 1928714408 249600292 134 2260624 250293092
======================
   8      16 sdb 1305660 9 330477234 697868 3775969 4037632 1929737480 249743360 141 2261628 250435036
======================
   8      16 sdb 1305662 9 330477250 697908 3777922 4037663 1930721568 249885676 54 2262632 250575320
======================
   8      16 sdb 1305662 9 330477250 697908 3777991 4037681 1930748896 249889808 0 2262660 250576008
======================
   8      16 sdb 1305662 9 330477250 697908 3777991 4037681 1930748896 249889808 0 2262660 250576008
======================
   8      16 sdb 1305662 9 330477250 697908 3777991 4037681 1930748896 249889808 0 2262660 250576008
started
======================
   8      16 sdb 1305664 9 330477266 697908 3777991 4037681 1930748896 249889808 0 2262660 250576008
======================
   8      16 sdb 1305664 9 330477266 697908 3777991 4037681 1930748896 249889808 0 2262660 250576008
======================
   8      16 sdb 1305692 9 330477490 697912 3777991 4037681 1930748896 249889808 0 2262664 250576012
======================
   8      16 sdb 1305692 9 330477490 697912 3777991 4037681 1930748896 249889808 0 2262664 250576012
======================
   8      16 sdb 1305692 9 330477490 697912 3777991 4037681 1930748896 249889808 0 2262664 250576012
======================
   8      16 sdb 1305692 9 330477490 697912 3780714 4037681 1932142816 249901808 139 2262884 250589900
======================
   8      16 sdb 1305692 9 330477490 697912 3782639 4037681 1933127136 250017648 150 2263776 250709072
======================
   8      16 sdb 1305693 9 330477498 697988 3784566 4037685 1934112400 250160784 144 2264784 250852512
======================
   8      16 sdb 1305693 9 330477498 697988 3786471 4037685 1935087504 250304136 143 2265788 250995600
======================
   8      16 sdb 1305693 9 330477498 697988 3788378 4037685 1936063376 250446932 140 2266792 251138360
======================
   8      16 sdb 1305693 9 330477498 697988 3790298 4037685 1937045648 250589420 140 2267796 251281032
======================
   8      16 sdb 1305693 9 330477498 697988 3792220 4037688 1938029456 250731844 139 2268800 251423632
======================
   8      16 sdb 1305693 9 330477498 697988 3794140 4037688 1939011512 250874184 140 2269800 251565664
======================
   8      16 sdb 1305693 9 330477498 697988 3796061 4037688 1939995064 251016084 139 2270804 251707740
======================
   8      16 sdb 1305693 9 330477498 697988 3797982 4037688 1940978616 251157296 138 2271804 251848576
======================
   8      16 sdb 1305693 9 330477498 697988 3799881 4037688 1941950904 251299600 130 2272808 251990992
======================
   8      16 sdb 1305693 9 330477498 697988 3801775 4037691 1942920632 251441544 154 2273812 252133340
======================
   8      16 sdb 1305693 9 330477498 697988 3803698 4037691 1943904224 251583348 152 2274812 252274728
======================
   8      16 sdb 1305693 9 330477498 697988 3805608 4037691 1944881376 251724812 130 2275816 252417020
======================
   8      16 sdb 1305693 9 330477498 697988 3807535 4037691 1945867488 251866640 155 2276816 252557816
======================
   8      16 sdb 1305693 9 330477498 697988 3809455 4037691 1946850016 252009024 155 2277820 252700480
======================
   8      16 sdb 1305693 9 330477498 697988 3811554 4037694 1947923208 252176088 139 2278976 252863644
======================
   8      16 sdb 1305693 9 330477498 697988 3813622 4037694 1948981256 252318380 151 2280004 253009888
======================
   8      16 sdb 1305693 9 330477498 697988 3815530 4037694 1949958152 252461600 131 2281012 253153076
======================
   8      16 sdb 1305693 9 330477498 697988 3817451 4037694 1950940936 252604376 130 2282016 253295864
======================
   8      16 sdb 1305693 9 330477498 697988 3819377 4037694 1951925888 252747312 154 2283020 253438924
======================
   8      16 sdb 1305693 9 330477498 697988 3821288 4037697 1952902960 252888784 135 2284040 253583720
======================
   8      16 sdb 1305693 9 330477498 697988 3823262 4037697 1953912880 253035012 145 2285044 253726296
======================
   8      16 sdb 1305693 9 330477498 697988 3825160 4037697 1954883888 253175628 135 2286052 253869380
======================
   8      16 sdb 1305693 9 330477498 697988 3827098 4037697 1955875632 253320088 149 2287056 254011556
======================
   8      16 sdb 1305693 9 330477498 697988 3829000 4037697 1956848432 253462564 135 2288060 254154104
======================
   8      16 sdb 1305693 9 330477498 697988 3830924 4037701 1957832024 253605624 133 2289064 254297092
======================
   8      16 sdb 1305693 9 330477498 697988 3832849 4037701 1958816856 253748444 128 2290068 254439972
======================
   8      16 sdb 1305693 9 330477498 697988 3834771 4037701 1959800920 253891076 143 2291068 254582180
======================
   8      16 sdb 1305693 9 330477498 697988 3836690 4037701 1960782680 254033520 137 2292072 254724792
======================
   8      16 sdb 1305693 9 330477498 697988 3838613 4037701 1961766608 254174624 156 2293076 254866300
======================
   8      16 sdb 1305693 9 330477498 697988 3840512 4037704 1962737024 254316992 147 2294076 255008116
======================
   8      16 sdb 1305693 9 330477498 697988 3842412 4037704 1963709568 254458992 135 2295080 255150272
======================
   8      16 sdb 1305693 9 330477498 697988 3844335 4037704 1964692864 254600984 132 2296084 255292504
======================
   8      16 sdb 1305693 9 330477498 697988 3846257 4037704 1965677184 254743340 130 2297084 255434612
======================
   8      16 sdb 1305693 9 330477498 697988 3848182 4037704 1966661504 254885760 157 2298088 255576900
======================
   8      16 sdb 1305693 9 330477498 697988 3850107 4037707 1967646120 255028584 154 2299092 255719980
======================
   8      16 sdb 1305693 9 330477498 697988 3852031 4037707 1968630440 255171368 150 2300096 255862900
======================
   8      16 sdb 1305693 9 330477498 697988 3853927 4037707 1969600424 255312924 142 2301096 256004052
======================
   8      16 sdb 1305693 9 330477498 697988 3855827 4037707 1970573224 255454736 130 2302100 256146716
======================
   8      16 sdb 1305693 9 330477498 697988 3857759 4037707 1971561896 255597968 152 2303108 256289364
======================
   8      16 sdb 1305693 9 330477498 697988 3859679 4037711 1972543952 255740348 154 2304112 256431756
======================
   8      16 sdb 1305693 9 330477498 697988 3861607 4037711 1973530320 255883128 146 2305116 256574480
======================
   8      16 sdb 1305693 9 330477498 697988 3863531 4037711 1974514896 256025124 142 2306120 256717216
======================
   8      16 sdb 1305693 9 330477498 697988 3865454 4037711 1975498704 256167672 139 2307120 256859284
======================
   8      16 sdb 1305693 9 330477498 697988 3867398 4037711 1976492616 256311996 147 2308136 257003784
======================
   8      16 sdb 1305693 9 330477498 697988 3869301 4037714 1977465456 256454656 134 2309140 257146540
======================
   8      16 sdb 1305693 9 330477498 697988 3871215 4037714 1978444912 256598100 140 2310148 257289672
======================
   8      16 sdb 1305693 9 330477498 697988 3873116 4037714 1979417712 256740924 132 2311156 257432644
======================
   8      16 sdb 1305693 9 330477498 697988 3875040 4037714 1980402800 256883332 155 2312160 257575192
======================
   8      16 sdb 1305693 9 330477498 697988 3876998 4037714 1981404272 257029824 149 2313180 257721680
======================
   8      16 sdb 1305693 9 330477498 697988 3878937 4037717 1982395544 257173868 132 2314188 257865300
======================
   8      16 sdb 1305693 9 330477498 697988 3880872 4037717 1983386264 257317600 149 2315200 258009224
======================
   8      16 sdb 1305693 9 330477498 697988 3882617 4037717 1984279192 257461612 132 2316208 258153412
======================
   8      16 sdb 1305693 9 330477498 697988 3884518 4037717 1985252504 257603956 151 2317212 258295512
======================
   8      16 sdb 1305693 9 330477498 697988 3886428 4037717 1986229912 257746748 129 2318220 258438452
======================
   8      16 sdb 1305693 9 330477498 697988 3888353 4037720 1987214272 257889044 134 2319224 258581000
======================
   8      16 sdb 1305693 9 330477498 697988 3890274 4037720 1988196288 258031308 133 2320228 258723236
