======================
   8      32 sdc 620490 8 154999794 1885108 3387521 7794952 1729296264 747785420 0 5823336 750210492
======================
   8      32 sdc 620490 8 154999794 1885108 3387521 7794952 1729296264 747785420 0 5823336 750210492
======================
   8      32 sdc 620490 8 154999794 1885108 3387521 7794952 1729296264 747785420 0 5823336 750210492
======================
   8      32 sdc 620490 8 154999794 1885108 3387521 7794952 1729296264 747785420 0 5823336 750210492
======================
   8      32 sdc 620490 8 154999794 1885108 3387521 7794952 1729296264 747785420 0 5823336 750210492
======================
   8      32 sdc 620493 8 154999818 1885124 3387523 7794958 1729296328 747785432 0 5823364 750210520
======================
   8      32 sdc 620494 8 154999826 1885460 3388650 7794958 1729873352 747835296 138 5824300 750292760
======================
   8      32 sdc 620497 8 154999850 1885760 3389748 7794958 1730435528 748000064 143 5825304 750436376
======================
   8      32 sdc 620498 8 154999858 1885980 3390605 7794958 1730874312 748140260 150 5826304 750576844
======================
   8      32 sdc 620500 8 154999874 1886868 3391800 7794958 1731485608 748165048 118 5827308 750712576
======================
   8      32 sdc 620503 8 154999898 1887092 3392905 7794958 1732050712 748434016 161 5828312 750946348
======================
   8      32 sdc 620504 8 154999906 1887256 3393548 7794991 1732379440 748662248 138 5829316 751107056
======================
   8      32 sdc 620505 8 154999914 1887480 3394183 7794991 1732703968 748788468 130 5830320 751231672
======================
   8      32 sdc 620506 8 154999922 1887604 3394811 7794991 1733024632 748926740 132 5831324 751369844
======================
   8      32 sdc 620509 8 154999946 1887972 3395429 7794991 1733340856 749047332 143 5832328 751486984
======================
   8      32 sdc 620510 8 154999954 1888092 3396067 7794991 1733667112 749183072 156 5833332 751627384
======================
   8      32 sdc 620511 8 154999962 1888312 3396692 7795006 1733986088 749296132 135 5834336 751741256
======================
   8      32 sdc 620512 8 154999970 1888384 3397314 7795006 1734304328 749437056 132 5835340 751882184
======================
   8      32 sdc 620514 8 154999986 1888520 3397954 7795006 1734631280 749577584 154 5836344 752021088
======================
   8      32 sdc 620515 8 154999994 1888744 3398598 7795006 1734959368 749705632 130 5837348 752150868
======================
   8      32 sdc 620516 8 155000002 1888964 3399232 7795006 1735282792 749835872 149 5838352 752278420
======================
   8      32 sdc 620517 8 155000010 1889184 3399876 7795084 1735610384 749942628 88 5839360 752386432
======================
   8      32 sdc 620517 8 155000010 1889184 3399975 7795100 1735647120 749963712 0 5839584 752393980
======================
   8      32 sdc 620517 8 155000010 1889184 3399975 7795100 1735647120 749963712 0 5839584 752393980
======================
   8      32 sdc 620517 8 155000010 1889184 3399975 7795100 1735647120 749963712 0 5839584 752393980
======================
started
   8      32 sdc 620517 8 155000010 1889184 3399975 7795100 1735647120 749963712 0 5839584 752393980
======================
   8      32 sdc 620517 8 155000010 1889184 3399975 7795100 1735647120 749963712 1 5840480 752394876
======================
   8      32 sdc 620524 8 155000066 1891760 3399975 7795100 1735647120 749963712 0 5841368 752396556
======================
   8      32 sdc 620527 8 155000090 1892080 3401584 7795100 1736470928 750002336 72 5841932 752440680
======================
   8      32 sdc 620532 8 155000130 1892584 3403128 7795100 1737261456 750129684 143 5843004 752579472
======================
   8      32 sdc 620532 8 155000130 1892584 3403507 7795100 1737455504 750212128 133 5844004 752718044
======================
   8      32 sdc 620534 8 155000146 1893288 3404434 7795100 1737930128 750414016 133 5845008 752864288
======================
   8      32 sdc 620534 8 155000146 1893288 3404478 7795100 1737952656 750423944 154 5846012 753018024
======================
   8      32 sdc 620538 8 155000178 1894908 3405639 7795120 1738546240 750716892 146 5847012 753168044
======================
   8      32 sdc 620539 8 155000186 1894936 3406269 7795120 1738868800 750860164 156 5848016 753312600
======================
   8      32 sdc 620540 8 155000194 1894968 3406904 7795120 1739193920 751004296 129 5849016 753455504
======================
   8      32 sdc 620540 8 155000194 1894968 3407060 7795120 1739273792 751038316 134 5850020 753592360
======================
   8      32 sdc 620543 8 155000218 1896476 3408174 7795120 1739844160 751278520 139 5851020 753728984
======================
   8      32 sdc 620544 8 155000226 1896504 3408820 7795132 1740174504 751418720 134 5852024 753872704
======================
   8      32 sdc 620545 8 155000234 1896544 3409450 7795132 1740496560 751562384 145 5853024 754016036
======================
   8      32 sdc 620546 8 155000242 1896596 3410079 7795132 1740818608 751705560 156 5854028 754159656
======================
   8      32 sdc 620546 8 155000242 1896596 3410141 7795132 1740850352 751719616 127 5855028 754288132
======================
   8      32 sdc 620550 8 155000274 1898160 3411324 7795132 1741456048 751965848 151 5856032 754421332
======================
   8      32 sdc 620551 8 155000282 1898192 3411976 7795145 1741789472 752109736 132 5857032 754564448
======================
   8      32 sdc 620551 8 155000282 1898192 3412191 7795145 1741899048 752156560 127 5858036 754697076
======================
   8      32 sdc 620553 8 155000298 1899680 3413243 7795145 1742437672 752375052 130 5859036 754827484
======================
   8      32 sdc 620554 8 155000306 1899704 3413780 7795145 1742712616 752491148 137 5860040 754970632
======================
   8      32 sdc 620556 8 155000322 1899772 3414485 7795145 1743073576 752654572 156 5861040 755111856
======================
   8      32 sdc 620556 8 155000322 1899772 3414830 7795145 1743250216 752735264 128 5862044 755249044
======================
   8      32 sdc 620557 8 155000330 1900264 3415317 7795164 1743498704 752839616 139 5863048 755389496
======================
   8      32 sdc 620560 8 155000354 1901044 3416370 7795164 1744037840 753068692 141 5864052 755532612
======================
   8      32 sdc 620561 8 155000362 1901080 3417022 7795164 1744371664 753217924 129 5865052 755675968
======================
   8      32 sdc 620562 8 155000370 1901128 3417505 7795164 1744618960 753364964 158 5866056 755824532
======================
   8      32 sdc 620564 8 155000386 1901292 3418088 7795164 1744917456 753503968 139 5867060 755964180
======================
   8      32 sdc 620564 8 155000386 1901292 3418442 7795175 1745097784 753583720 88 5868060 756079028
======================
   8      32 sdc 620565 8 155000394 1902776 3418613 7795175 1745185336 753722564 134 5869064 756168788
======================
   8      32 sdc 620568 8 155000418 1902876 3419992 7795175 1745891384 753850172 137 5870064 756311156
======================
   8      32 sdc 620569 8 155000426 1902908 3420618 7795175 1746211896 753995940 137 5871068 756456216
======================
   8      32 sdc 620570 8 155000434 1902952 3421267 7795175 1746544184 754138064 154 5872068 756598416
======================
   8      32 sdc 620571 8 155000442 1903016 3421904 7795219 1746865640 754279488 134 5873072 756740476
======================
   8      32 sdc 620572 8 155000450 1903080 3422509 7795219 1747175400 754416804 95 5874072 756878560
======================
   8      32 sdc 620572 8 155000450 1903080 3422509 7795219 1747175400 754416804 95 5875076 756973940
======================
   8      32 sdc 620573 8 155000458 1904616 3422972 7795219 1747412456 754576700 128 5876080 757088940
======================
   8      32 sdc 620576 8 155000482 1905332 3424389 7795219 1748137960 754766728 134 5877080 757230080
======================
   8      32 sdc 620577 8 155000490 1905356 3424894 7795232 1748395616 754881144 143 5878084 757374260
======================
   8      32 sdc 620578 8 155000498 1905400 3425525 7795232 1748718688 755053988 137 5879084 757516656
======================
   8      32 sdc 620578 8 155000498 1905400 3425536 7795232 1748724320 755056576 126 5880088 757643284
======================
   8      32 sdc 620582 8 155000530 1906924 3426755 7795232 1749348448 755311276 154 5881088 757779576
======================
   8      32 sdc 620583 8 155000538 1906960 3427391 7795244 1749674080 755458488 159 5882092 757924224
======================
   8      32 sdc 620584 8 155000546 1907012 3428005 7795244 1749987536 755602264 144 5883092 758066636
======================
   8      32 sdc 620585 8 155000554 1907052 3428563 7795244 1750273232 755724504 109 5884096 758204276
======================
   8      32 sdc 620587 8 155000570 1907816 3429309 7795244 1750655184 755863424 130 5885100 758328736
======================
   8      32 sdc 620588 8 155000578 1907844 3429914 7795244 1750964944 755999520 133 5886100 758471736
======================
   8      32 sdc 620588 8 155000578 1907844 3430040 7795244 1751029456 756051280 120 5887104 758595396
======================
   8      32 sdc 620589 8 155000586 1909272 3430529 7795256 1751278912 756233228 129 5888104 758719076
======================
   8      32 sdc 620591 8 155000602 1909740 3431558 7795256 1751805760 756341000 156 5889108 758864304
======================
   8      32 sdc 620593 8 155000618 1910760 3432405 7795256 1752239424 756546836 156 5890112 759015656
======================
   8      32 sdc 620594 8 155000626 1910784 3433041 7795256 1752565056 756689704 144 5891116 759158772
======================
   8      32 sdc 620594 8 155000626 1910784 3433120 7795256 1752605504 756715128 114 5892116 759279032
======================
   8      32 sdc 620596 8 155000642 1912004 3433613 7795256 1752857920 756896916 133 5893120 759402448
======================
   8      32 sdc 620599 8 155000666 1912764 3434892 7795277 1753511928 757069384 135 5894120 759541288
======================
   8      32 sdc 620600 8 155000674 1912796 3435373 7795277 1753758200 757198292 134 5895124 759685380
======================
   8      32 sdc 620601 8 155000682 1913004 3436005 7795277 1754081784 757357488 142 5896124 759828096
======================
   8      32 sdc 620602 8 155000690 1913032 3436605 7795277 1754388984 757491112 150 5897128 759972252
======================
   8      32 sdc 620604 8 155000706 1913084 3437261 7795277 1754724856 757639952 139 5898132 760131444
======================
   8      32 sdc 620605 8 155000714 1913148 3437916 7795297 1755059368 757786588 153 5899132 760272732
======================
   8      32 sdc 620606 8 155000722 1913212 3438504 7795297 1755360424 757933884 117 5900136 760411484
======================
   8      32 sdc 620607 8 155000730 1913292 3439119 7795297 1755675304 758047268 135 5901140 760550844
