======================
   8      32 sdc 710993 9 168685526 3195480 5039449 7806555 2574614640 1113242424 0 8891252 1117101448
======================
   8      32 sdc 710993 9 168685526 3195480 5039449 7806555 2574614640 1113242424 0 8891252 1117101448
======================
   8      32 sdc 711482 9 168689438 3195500 5039449 7806555 2574614640 1113242424 0 8891272 1117101468
======================
   8      32 sdc 711482 9 168689438 3195500 5039449 7806555 2574614640 1113242424 0 8891272 1117101468
======================
   8      32 sdc 711550 9 168689982 3195916 5040729 7806555 2575270000 1113250644 0 8891816 1117110100
======================
   8      32 sdc 711554 9 168690014 3196020 5042523 7806555 2576188528 1113343196 154 8892648 1117214272
======================
   8      32 sdc 711555 9 168690022 3196064 5043180 7806555 2576524912 1113481088 136 8893652 1117356524
======================
   8      32 sdc 711556 9 168690030 3196108 5043833 7807060 2576858752 1113619192 133 8894652 1117484132
======================
   8      32 sdc 711557 9 168690038 3196112 5044101 7807060 2576995968 1113672920 152 8895656 1117634092
======================
   8      32 sdc 711557 9 168690038 3196112 5044101 7807060 2576995968 1113672920 152 8896660 1117825004
======================
   8      32 sdc 711557 9 168690038 3196112 5044475 7807060 2577187456 1114033120 104 8897664 1117967280
======================
   8      32 sdc 711557 9 168690038 3196112 5044475 7807060 2577187456 1114033120 104 8898668 1118071696
======================
   8      32 sdc 711559 9 168690054 3198188 5045475 7807060 2577699456 1114309364 128 8900008 1118225960
======================
   8      32 sdc 711559 9 168690054 3198188 5045475 7807060 2577699456 1114309364 128 8901020 1118355496
======================
   8      32 sdc 711561 9 168690070 3200076 5046476 7807060 2578211968 1114599296 151 8902028 1118505612
======================
   8      32 sdc 711565 9 168690102 3200552 5048008 7807060 2578996352 1114734328 155 8903040 1118654416
======================
   8      32 sdc 711568 9 168690126 3200788 5049188 7807060 2579600512 1114890612 158 8904056 1118801980
======================
   8      32 sdc 711570 9 168690142 3200852 5050249 7807060 2580143744 1115029940 153 8905056 1118944952
======================
   8      32 sdc 711571 9 168690150 3200896 5050902 7807060 2580478080 1115170400 140 8906060 1119088736
======================
   8      32 sdc 711572 9 168690158 3200956 5051544 7807060 2580806784 1115313624 143 8907064 1119232268
======================
   8      32 sdc 711574 9 168690174 3201080 5052175 7807060 2581129856 1115455000 158 8908068 1119373668
======================
   8      32 sdc 711575 9 168690182 3201156 5052822 7807060 2581461120 1115597528 134 8909072 1119515964
======================
   8      32 sdc 711576 9 168690190 3201256 5053469 7807060 2581792384 1115736028 157 8910080 1119655348
======================
   8      32 sdc 711577 9 168690198 3201308 5054093 7807060 2582111872 1115877880 137 8911080 1119797248
======================
   8      32 sdc 711579 9 168690214 3201472 5054681 7807060 2582412928 1116006780 138 8912084 1119931484
======================
   8      32 sdc 711579 9 168690214 3201472 5054681 7807060 2582412928 1116006780 138 8913088 1120070036
======================
   8      32 sdc 711582 9 168690238 3202988 5055661 7807060 2582914688 1116247464 150 8914092 1120214164
======================
   8      32 sdc 711582 9 168690238 3202988 5055661 7807060 2582914688 1116247464 150 8915096 1120364764
======================
   8      32 sdc 711600 9 168690382 3204616 5057109 7807060 2583656064 1116586268 141 8916100 1120508592
======================
   8      32 sdc 711600 9 168690382 3204616 5057425 7807060 2583817856 1116656500 146 8917104 1120653676
======================
   8      32 sdc 711602 9 168690398 3205984 5058404 7807060 2584319104 1116889464 158 8918112 1120800000
======================
   8      32 sdc 711603 9 168690406 3206004 5058957 7807060 2584602240 1116996528 150 8919116 1120944600
======================
   8      32 sdc 711603 9 168690406 3206004 5058957 7807060 2584602240 1116996528 150 8920120 1121095200
======================
   8      32 sdc 711604 9 168690414 3207404 5059466 7807060 2584862848 1117228828 153 8921128 1121247784
======================
   8      32 sdc 711605 9 168690422 3208396 5059978 7807060 2585124992 1117391200 153 8922132 1121400420
======================
   8      32 sdc 711608 9 168690446 3209932 5060626 7807060 2585456768 1117627088 144 8923140 1121552696
======================
   8      32 sdc 711610 9 168690462 3209980 5062028 7807060 2586174592 1117762344 151 8924148 1121697464
======================
   8      32 sdc 711610 9 168690462 3209980 5062028 7807060 2586174592 1117762344 151 8925152 1121849068
======================
   8      32 sdc 711613 9 168690486 3211468 5063306 7807060 2586828928 1118066788 152 8926164 1121997036
======================
   8      32 sdc 711614 9 168690494 3211492 5063960 7807060 2587163776 1118211800 138 8927168 1122140724
======================
   8      32 sdc 711615 9 168690502 3211540 5064591 7807060 2587486848 1118354500 148 8928176 1122285132
======================
   8      32 sdc 711617 9 168690518 3211644 5065211 7807060 2587804288 1118497448 135 8929180 1122428900
======================
   8      32 sdc 711618 9 168690526 3211716 5065836 7807060 2588124288 1118642108 128 8930184 1122572432
======================
   8      32 sdc 711619 9 168690534 3211756 5066472 7807060 2588449920 1118786136 157 8931184 1122715392
======================
   8      32 sdc 711620 9 168690542 3211808 5067112 7807060 2588777600 1118926828 156 8932188 1122859232
======================
   8      32 sdc 711621 9 168690550 3211880 5067698 7807060 2589077632 1119057284 113 8933192 1122998144
======================
   8      32 sdc 711623 9 168690566 3212184 5068193 7807060 2589331072 1119193564 130 8934196 1123137388
======================
   8      32 sdc 711623 9 168690566 3212184 5068193 7807060 2589331072 1119193564 130 8935196 1123267388
======================
   8      32 sdc 711624 9 168690574 3213608 5068682 7807060 2589581440 1119405376 153 8936200 1123412204
======================
   8      32 sdc 711626 9 168690590 3215056 5069490 7807060 2589995136 1119644804 144 8937204 1123564204
======================
   8      32 sdc 711628 9 168690606 3215860 5070698 7807060 2590613632 1119794888 152 8938204 1123714740
======================
   8      32 sdc 711629 9 168690614 3215888 5071244 7807060 2590893184 1119897792 151 8939212 1123861524
======================
   8      32 sdc 711631 9 168690630 3216236 5072026 7807060 2591293568 1120072660 136 8940220 1124006424
======================
   8      32 sdc 711631 9 168690630 3216236 5072272 7807060 2591419520 1120126428 147 8941236 1124154192
======================
   8      32 sdc 711632 9 168690638 3217720 5072778 7807060 2591678592 1120365900 153 8942248 1124303040
======================
   8      32 sdc 711635 9 168690662 3218540 5073885 7807060 2592245376 1120518668 133 8943256 1124453980
======================
   8      32 sdc 711636 9 168690670 3218568 5074538 7807060 2592579712 1120661188 152 8944260 1124597792
======================
   8      32 sdc 711637 9 168690678 3218616 5075181 7807060 2592908928 1120804956 149 8945268 1124742112
======================
   8      32 sdc 711638 9 168690686 3218644 5075822 7807060 2593237120 1120948632 148 8946272 1124885984
======================
   8      32 sdc 711639 9 168690694 3218728 5075911 7807060 2593282688 1120969144 92 8947276 1124983996
======================
   8      32 sdc 711641 9 168690710 3219944 5076871 7807060 2593774208 1121138288 156 8948284 1125116136
======================
   8      32 sdc 711642 9 168690718 3220520 5077382 7807060 2594035840 1121266816 157 8949292 1125269880
======================
   8      32 sdc 711642 9 168690718 3220520 5077382 7807060 2594035840 1121266816 157 8950300 1125428136
======================
   8      32 sdc 711645 9 168690742 3222404 5078729 7807060 2594725504 1121634604 153 8951304 1125575604
======================
   8      32 sdc 711646 9 168690750 3222428 5079372 7807060 2595054720 1121778688 150 8952308 1125719424
======================
   8      32 sdc 711648 9 168690766 3222520 5080019 7807060 2595385984 1121921680 143 8953312 1125863116
======================
   8      32 sdc 711649 9 168690774 3222560 5080661 7807060 2595714688 1122065476 141 8954316 1126006912
======================
   8      32 sdc 711650 9 168690782 3222604 5081292 7807060 2596037760 1122209108 150 8955320 1126150392
======================
   8      32 sdc 711651 9 168690790 3222660 5081938 7807060 2596368512 1122352604 145 8956320 1126293176
======================
   8      32 sdc 711652 9 168690798 3222724 5082532 7807060 2596672640 1122483960 127 8957324 1126435028
======================
   8      32 sdc 711654 9 168690814 3222932 5083183 7807060 2597005952 1122634312 149 8958328 1126576480
======================
   8      32 sdc 711656 9 168690830 3223028 5083784 7807060 2597313664 1122778608 134 8959328 1126719228
======================
   8      32 sdc 711656 9 168690830 3223028 5084070 7807060 2597460096 1122839780 125 8960332 1126851960
======================
   8      32 sdc 711658 9 168690846 3224484 5084985 7807060 2597929088 1123051936 137 8961336 1126980476
======================
   8      32 sdc 711660 9 168690862 3224532 5085754 7807060 2598322304 1123182516 136 8962344 1127125096
======================
   8      32 sdc 711661 9 168690870 3224584 5086194 7807060 2598547584 1123294328 144 8963348 1127272064
======================
   8      32 sdc 711662 9 168690878 3224644 5086870 7807060 2598893696 1123473368 144 8964356 1127416300
======================
   8      32 sdc 711663 9 168690886 3224672 5087523 7807060 2599228032 1123617244 151 8965360 1127559608
======================
   8      32 sdc 711664 9 168690894 3224704 5088164 7807060 2599556224 1123760644 127 8966368 1127704004
======================
   8      32 sdc 711665 9 168690902 3224772 5088710 7807060 2599835776 1123883200 93 8967368 1127837988
======================
   8      32 sdc 711665 9 168690902 3224772 5088710 7807060 2599835776 1123883200 93 8968372 1127931360
======================
   8      32 sdc 711668 9 168690926 3226620 5090077 7807060 2600535680 1124116664 133 8969376 1128061564
======================
   8      32 sdc 711669 9 168690934 3226648 5090704 7807060 2600856704 1124259708 147 8970380 1128205812
======================
   8      32 sdc 711672 9 168690958 3226796 5091320 7807060 2601172096 1124402664 129 8971384 1128348324
======================
   8      32 sdc 711673 9 168690966 3226824 5091945 7807060 2601492096 1124545940 137 8972384 1128490908
======================
   8      32 sdc 711674 9 168690974 3226860 5092589 7807060 2601821824 1124689504 149 8973388 1128634608
======================
   8      32 sdc 711675 9 168690982 3226892 5093178 7807060 2602123392 1124819424 136 8974392 1128777644
======================
   8      32 sdc 711676 9 168690990 3226916 5093826 7807060 2602455168 1124961272 97 8975396 1128913476
======================
   8      32 sdc 711678 9 168691006 3227872 5094514 7807060 2602807424 1125078084 144 8976396 1129021508
======================
   8      32 sdc 711679 9 168691014 3227896 5095155 7807060 2603135616 1125218468 143 8977400 1129165520
======================
   8      32 sdc 711680 9 168691022 3227932 5095755 7807060 2603442816 1125362180 151 8978404 1129309092
======================
   8      32 sdc 711680 9 168691022 3227932 5095834 7807060 2603483264 1125380516 137 8979408 1129447440
======================
   8      32 sdc 711681 9 168691030 3229416 5096331 7807060 2603737728 1125603676 152 8980412 1129590480
======================
   8      32 sdc 711682 9 168691038 3230120 5096843 7807060 2603999872 1125722356 152 8981412 1129741432
======================
   8      32 sdc 711684 9 168691054 3231532 5097752 7807060 2604465280 1125957372 138 8982416 1129893076
======================
   8      32 sdc 711685 9 168691062 3232280 5098378 7807060 2604785792 1126088124 153 8983420 1130045176
======================
   8      32 sdc 711687 9 168691078 3233076 5098891 7807060 2605048448 1126216076 152 8984420 1130196932
======================
   8      32 sdc 711690 9 168691102 3233860 5100129 7807060 2605682304 1126393276 129 8985424 1130344748
======================
   8      32 sdc 711691 9 168691110 3233900 5100774 7807060 2606012544 1126536712 156 8986428 1130488608
======================
   8      32 sdc 711692 9 168691118 3233944 5101386 7807060 2606325888 1126675072 152 8987432 1130632660
======================
   8      32 sdc 711694 9 168691134 3234028 5102048 7807060 2606664832 1126823564 130 8988436 1130776260
======================
   8      32 sdc 711695 9 168691142 3234068 5102694 7807060 2606995584 1126966992 156 8989436 1130919312
======================
   8      32 sdc 711696 9 168691150 3234096 5103324 7807060 2607318144 1127110736 134 8990440 1131063196
======================
   8      32 sdc 711697 9 168691158 3234208 5103941 7807060 2607634048 1127250644 159 8991444 1131205132
======================
   8      32 sdc 711699 9 168691174 3234384 5104572 7807060 2607957120 1127392472 147 8992448 1131346348
======================
   8      32 sdc 711699 9 168691174 3234384 5105122 7807060 2608238720 1127515280 65 8993448 1131472776
======================
   8      32 sdc 711699 9 168691174 3234384 5105122 7807060 2608238720 1127515280 65 8994452 1131538036
======================
   8      32 sdc 711702 9 168691198 3236176 5106328 7807060 2608856192 1127683876 138 8995456 1131645268
======================
   8      32 sdc 711704 9 168691214 3236224 5106984 7807060 2609192064 1127834652 154 8996456 1131788644
======================
   8      32 sdc 711705 9 168691222 3236264 5107611 7807060 2609513088 1127974948 136 8997460 1131932440
======================
   8      32 sdc 711705 9 168691222 3236264 5107611 7807060 2609513088 1127974948 136 8998464 1132068984
======================
   8      32 sdc 711706 9 168691230 3237740 5108105 7807060 2609766016 1128194720 154 8999464 1132214536
======================
   8      32 sdc 711707 9 168691238 3238488 5108618 7807060 2610028672 1128321180 153 9000468 1132367400
======================
   8      32 sdc 711709 9 168691254 3239932 5109642 7807060 2610552960 1128565620 153 9001468 1132518232
======================
   8      32 sdc 711712 9 168691278 3240680 5110745 7807060 2611117696 1128710208 137 9002472 1132668460
======================
   8      32 sdc 711713 9 168691286 3240716 5111385 7807060 2611445376 1128853060 137 9003476 1132812884
======================
   8      32 sdc 711713 9 168691286 3240716 5111701 7807060 2611607168 1128926828 142 9004484 1132956456
======================
   8      32 sdc 711714 9 168691294 3242216 5111825 7807060 2611671168 1129127084 145 9005488 1133099032
======================
   8      32 sdc 711717 9 168691318 3242520 5113251 7807060 2612400768 1129282672 159 9006492 1133245028
======================
   8      32 sdc 711717 9 168691318 3242520 5113746 7807060 2612654208 1129394876 145 9007496 1133390216
======================
   8      32 sdc 711717 9 168691318 3242520 5113746 7807060 2612654208 1129394876 145 9008512 1133537536
======================
   8      32 sdc 711720 9 168691342 3244692 5114388 7807060 2612982912 1129729368 142 9009516 1133688288
======================
   8      32 sdc 711723 9 168691366 3244768 5115805 7807060 2613708416 1129867544 133 9010520 1133831936
======================
   8      32 sdc 711724 9 168691374 3244808 5116429 7807060 2614027904 1130011920 149 9011532 1133976612
======================
   8      32 sdc 711724 9 168691374 3244808 5116829 7807060 2614232704 1130104788 134 9012536 1134119300
======================
   8      32 sdc 711724 9 168691374 3244808 5116829 7807060 2614232704 1130104788 134 9013540 1134253836
======================
   8      32 sdc 711725 9 168691382 3246492 5117323 7807060 2614485632 1130349536 152 9014544 1134400816
======================
   8      32 sdc 711727 9 168691398 3247924 5118345 7807060 2615008896 1130590400 154 9015548 1134552400
======================
   8      32 sdc 711730 9 168691422 3248704 5119440 7807060 2615569536 1130737624 146 9016552 1134703356
======================
   8      32 sdc 711731 9 168691430 3248736 5120084 7807060 2615899264 1130880612 142 9017556 1134847216
======================
   8      32 sdc 711733 9 168691446 3248820 5120607 7807060 2616167040 1131004504 132 9018560 1134989684
======================
   8      32 sdc 711733 9 168691446 3248820 5120607 7807060 2616167040 1131004504 132 9019564 1135122212
======================
   8      32 sdc 711738 9 168691510 3250880 5121172 7807060 2616456320 1131311912 142 9020564 1135266720
======================
   8      32 sdc 711741 9 168691534 3250932 5122444 7807060 2617107584 1131433204 151 9021568 1135411416
======================
   8      32 sdc 711741 9 168691534 3250932 5122444 7807060 2617107584 1131433204 151 9022572 1135563020
======================
   8      32 sdc 711742 9 168691542 3252348 5122954 7807060 2617368704 1131669076 153 9023572 1135714292
======================
   8      32 sdc 711743 9 168691550 3253120 5123467 7807060 2617631360 1131799368 152 9024576 1135865968
======================
   8      32 sdc 711746 9 168691574 3254144 5124858 7807060 2618343552 1132039904 136 9025580 1136011808
======================
   8      32 sdc 711747 9 168691582 3254172 5125495 7807060 2618669696 1132183172 139 9026584 1136156120
======================
   8      32 sdc 711749 9 168691598 3254244 5126089 7807060 2618973824 1132324100 153 9027584 1136299000
======================
   8      32 sdc 711750 9 168691606 3254292 5126649 7807060 2619260544 1132467416 137 9028588 1136442748
======================
   8      32 sdc 711751 9 168691614 3254352 5127239 7807060 2619562624 1132612660 156 9029592 1136586568
======================
   8      32 sdc 711752 9 168691622 3254440 5127829 7807060 2619864704 1132755004 129 9030592 1136728720
======================
   8      32 sdc 711753 9 168691630 3254496 5128392 7807060 2620152960 1132896228 139 9031596 1136871496
======================
   8      32 sdc 711754 9 168691638 3254528 5128936 7807060 2620431488 1133038112 154 9032600 1137015216
======================
   8      32 sdc 711755 9 168691646 3254580 5129511 7807060 2620725888 1133182092 155 9033600 1137157624
======================
   8      32 sdc 711757 9 168691662 3254776 5130075 7807060 2621014656 1133318316 140 9034604 1137294284
======================
   8      32 sdc 711757 9 168691662 3254776 5130127 7807060 2621041280 1133331852 148 9035608 1137442312
======================
   8      32 sdc 711760 9 168691686 3256480 5131162 7807060 2621571200 1133620888 136 9036608 1137589104
======================
   8      32 sdc 711761 9 168691694 3256516 5131769 7807060 2621881984 1133756896 137 9037612 1137733216
======================
   8      32 sdc 711762 9 168691702 3256544 5132235 7807060 2622120576 1133867768 151 9038616 1137880124
======================
   8      32 sdc 711763 9 168691710 3256616 5132823 7807060 2622421632 1134047880 142 9039632 1138025812
======================
   8      32 sdc 711764 9 168691718 3256656 5133374 7807060 2622703744 1134192216 132 9040640 1138169820
======================
   8      32 sdc 711765 9 168691726 3256736 5133935 7807060 2622990976 1134336000 158 9041644 1138312680
======================
   8      32 sdc 711766 9 168691734 3256804 5134499 7807060 2623279744 1134477852 142 9042644 1138455020
======================
   8      32 sdc 711767 9 168691742 3256872 5135058 7807060 2623565952 1134619796 132 9043648 1138597232
======================
   8      32 sdc 711768 9 168691750 3256904 5135625 7807060 2623856256 1134764768 141 9044648 1138741232
======================
   8      32 sdc 711769 9 168691758 3257036 5136216 7807060 2624158848 1134902340 139 9045652 1138879080
======================
   8      32 sdc 711770 9 168691766 3257064 5136786 7807060 2624450688 1135042520 145 9046656 1139023108
======================
   8      32 sdc 711773 9 168691790 3257236 5137353 7807060 2624740992 1135185788 150 9047656 1139163956
======================
   8      32 sdc 711774 9 168691798 3257268 5137918 7807060 2625030272 1135329268 144 9048660 1139307292
======================
   8      32 sdc 711775 9 168691806 3257336 5138483 7807060 2625319552 1135468648 130 9049664 1139447416
======================
   8      32 sdc 711775 9 168691806 3257336 5138890 7807060 2625527936 1135567972 89 9050664 1139570744
======================
   8      32 sdc 711775 9 168691806 3257336 5138890 7807060 2625527936 1135567972 89 9051668 1139660100
======================
   8      32 sdc 711777 9 168691822 3259024 5139850 7807060 2626019456 1135744744 153 9052676 1139795976
======================
   8      32 sdc 711778 9 168691830 3260548 5140200 7807060 2626198656 1135984968 154 9053684 1139949452
======================
   8      32 sdc 711780 9 168691846 3260600 5141337 7807060 2626780800 1136111284 137 9054692 1140093228
======================
   8      32 sdc 711781 9 168691854 3260628 5141889 7807060 2627063424 1136255512 129 9055700 1140237148
======================
   8      32 sdc 711781 9 168691854 3260628 5141911 7807060 2627074688 1136261060 140 9056708 1140378564
======================
   8      32 sdc 711782 9 168691862 3262212 5142410 7807060 2627330176 1136505692 153 9057708 1140522804
======================
   8      32 sdc 711785 9 168691886 3263000 5143662 7807060 2627971200 1136688016 148 9058712 1140671084
======================
   8      32 sdc 711786 9 168691894 3263036 5144265 7807060 2628279936 1136831376 153 9059712 1140814592
======================
   8      32 sdc 711787 9 168691902 3263076 5144814 7807060 2628561024 1136973396 148 9060716 1140958136
======================
   8      32 sdc 711789 9 168691918 3263224 5145352 7807060 2628836480 1137114996 128 9061720 1141099148
======================
   8      32 sdc 711789 9 168691918 3263224 5145519 7807060 2628921984 1137156888 116 9062720 1141222664
======================
   8      32 sdc 711790 9 168691926 3264916 5146007 7807060 2629171840 1137370596 140 9063724 1141341076
======================
   8      32 sdc 711792 9 168691942 3264968 5147021 7807060 2629691008 1137496824 150 9064728 1141485052
======================
   8      32 sdc 711794 9 168691958 3265044 5147571 7807060 2629972608 1137636092 143 9065728 1141628280
======================
   8      32 sdc 711794 9 168691958 3265044 5148051 7807060 2630218368 1137785112 144 9066732 1141771256
======================
   8      32 sdc 711794 9 168691958 3265044 5148066 7807060 2630226048 1137789164 129 9067736 1141901044
======================
   8      32 sdc 711797 9 168691982 3266748 5149162 7807060 2630787200 1138046988 152 9068740 1142035980
======================
   8      32 sdc 711798 9 168691990 3266780 5149745 7807060 2631085696 1138194432 145 9069744 1142182200
======================
   8      32 sdc 711799 9 168691998 3266816 5150332 7807060 2631386240 1138338828 134 9070748 1142325968
======================
   8      32 sdc 711800 9 168692006 3266868 5150923 7807060 2631688832 1138482096 151 9071752 1142469472
======================
   8      32 sdc 711801 9 168692014 3266896 5151485 7807060 2631976576 1138625232 133 9072756 1142613268
======================
   8      32 sdc 711802 9 168692022 3266988 5152041 7807060 2632261248 1138768280 138 9073760 1142756288
======================
   8      32 sdc 711803 9 168692030 3267040 5152603 7807060 2632548992 1138909392 151 9074764 1142898144
======================
   8      32 sdc 711805 9 168692046 3267192 5153157 7807060 2632832640 1139047548 153 9075772 1143036316
======================
   8      32 sdc 711807 9 168692062 3267260 5153702 7807060 2633111680 1139189532 156 9076776 1143179004
======================
   8      32 sdc 711808 9 168692070 3267284 5154275 7807060 2633405056 1139333028 159 9077788 1143324640
======================
   8      32 sdc 711809 9 168692078 3267360 5154897 7807060 2633723520 1139482200 151 9078800 1143469256
======================
   8      32 sdc 711810 9 168692086 3267616 5155389 7807060 2633975424 1139619436 144 9079804 1143607208
======================
   8      32 sdc 711811 9 168692094 3267652 5155946 7807060 2634260608 1139761400 152 9080808 1143750484
======================
   8      32 sdc 711812 9 168692102 3267708 5156496 7807060 2634542208 1139905324 146 9081812 1143894528
======================
   8      32 sdc 711813 9 168692110 3267772 5157067 7807060 2634834560 1140050132 155 9082820 1144038544
======================
   8      32 sdc 711814 9 168692118 3267804 5157632 7807060 2635123840 1140194152 130 9083828 1144183020
======================
   8      32 sdc 711815 9 168692126 3267864 5158192 7807060 2635410560 1140337596 152 9084832 1144326736
======================
   8      32 sdc 711816 9 168692134 3267976 5158766 7807060 2635704448 1140479740 153 9085836 1144467928
======================
   8      32 sdc 711818 9 168692150 3268136 5159352 7807060 2636004480 1140619192 138 9086840 1144608520
======================
   8      32 sdc 711819 9 168692158 3268180 5159925 7807060 2636297856 1140761736 141 9087840 1144751532
======================
   8      32 sdc 711821 9 168692174 3268380 5160476 7807060 2636579968 1140902820 140 9088844 1144887716
======================
   8      32 sdc 711821 9 168692174 3268380 5160848 7807060 2636770432 1140991228 147 9089848 1145032676
======================
   8      32 sdc 711821 9 168692174 3268380 5160848 7807060 2636770432 1140991228 147 9090852 1145180264
======================
   8      32 sdc 711824 9 168692198 3270048 5162197 7807060 2637461120 1141334064 141 9091856 1145324880
======================
   8      32 sdc 711825 9 168692206 3270080 5162783 7807060 2637761152 1141476932 131 9092860 1145468612
======================
   8      32 sdc 711826 9 168692214 3270128 5163344 7807060 2638048384 1141620524 146 9093864 1145612456
======================
   8      32 sdc 711826 9 168692214 3270128 5163424 7807060 2638089344 1141640772 131 9094864 1145745088
======================
   8      32 sdc 711827 9 168692222 3271800 5163913 7807060 2638339712 1141878820 154 9095868 1145881240
======================
   8      32 sdc 711828 9 168692230 3272628 5164434 7807060 2638606464 1142018256 145 9096872 1146032340
======================
   8      32 sdc 711830 9 168692246 3273488 5165450 7807060 2639126656 1142167568 153 9097876 1146178960
======================
   8      32 sdc 711830 9 168692246 3273488 5165450 7807060 2639126656 1142167568 153 9098880 1146332572
======================
   8      32 sdc 711833 9 168692270 3275016 5166781 7807060 2639808128 1142483884 133 9099888 1146478700
======================
   8      32 sdc 711834 9 168692278 3275044 5167383 7807060 2640116352 1142625656 139 9100896 1146622724
======================
   8      32 sdc 711835 9 168692286 3275084 5167928 7807060 2640395392 1142769132 138 9101900 1146766284
======================
   8      32 sdc 711835 9 168692286 3275084 5168032 7807060 2640448640 1142803624 131 9102904 1146907404
======================
   8      32 sdc 711838 9 168692310 3276804 5168936 7807060 2640911488 1143058944 154 9103908 1147040840
======================
   8      32 sdc 711838 9 168692310 3276804 5169034 7807060 2640961664 1143061268 153 9104912 1147194256
======================
   8      32 sdc 711841 9 168692334 3278468 5170137 7807060 2641526400 1143345836 137 9105916 1147344212
======================
   8      32 sdc 711842 9 168692342 3278504 5170631 7807060 2641779328 1143466552 155 9106920 1147489676
======================
   8      32 sdc 711843 9 168692350 3278548 5171172 7807060 2642056320 1143633632 158 9107924 1147634292
======================
   8      32 sdc 711844 9 168692358 3278596 5171742 7807060 2642348160 1143780232 132 9108924 1147780156
======================
   8      32 sdc 711844 9 168692358 3278596 5172140 7807060 2642551936 1143879788 119 9109928 1147916188
======================
   8      32 sdc 711844 9 168692358 3278596 5172140 7807060 2642551936 1143879788 119 9110932 1148035664
======================
   8      32 sdc 711847 9 168692382 3280320 5173448 7807060 2643221632 1144170292 154 9111936 1148171828
======================
   8      32 sdc 711848 9 168692390 3280360 5174035 7807060 2643522176 1144313216 143 9112936 1148314856
======================
   8      32 sdc 711849 9 168692398 3280388 5174595 7807060 2643808896 1144456580 128 9113940 1148458556
======================
   8      32 sdc 711850 9 168692406 3280428 5175157 7807060 2644096640 1144600128 141 9114940 1148601780
======================
   8      32 sdc 711851 9 168692414 3280492 5175727 7807060 2644388480 1144742768 116 9115944 1148743664
======================
   8      32 sdc 711854 9 168692438 3280756 5176265 7807060 2644663936 1144873964 144 9116948 1148876836
======================
   8      32 sdc 711855 9 168692446 3280804 5176810 7807060 2644942976 1145015592 134 9117948 1149018716
======================
   8      32 sdc 711856 9 168692454 3280892 5177402 7807060 2645246080 1145159684 136 9118952 1149160372
======================
   8      32 sdc 711857 9 168692462 3280968 5178014 7807060 2645559424 1145301776 145 9119956 1149303200
======================
   8      32 sdc 711858 9 168692470 3281320 5178468 7807060 2645791872 1145428248 155 9120960 1149430888
======================
   8      32 sdc 711859 9 168692478 3281356 5179024 7807060 2646076544 1145569980 129 9121960 1149572928
======================
   8      32 sdc 711860 9 168692486 3281400 5179573 7807060 2646357632 1145712188 144 9122964 1149715792
======================
   8      32 sdc 711861 9 168692494 3281432 5180144 7807060 2646649984 1145856616 146 9123968 1149859572
======================
   8      32 sdc 711862 9 168692502 3281504 5180658 7807060 2646913152 1145987912 149 9124972 1150004080
======================
   8      32 sdc 711863 9 168692510 3281544 5181267 7807060 2647224960 1146145380 153 9125976 1150148444
======================
   8      32 sdc 711864 9 168692518 3281576 5181843 7807060 2647519872 1146289592 144 9126980 1150291924
======================
   8      32 sdc 711866 9 168692534 3281728 5182429 7807060 2647819904 1146430216 133 9127984 1150433216
======================
   8      32 sdc 711867 9 168692542 3281888 5183006 7807060 2648115328 1146573432 158 9128988 1150572100
======================
   8      32 sdc 711869 9 168692558 3281944 5183532 7807060 2648384640 1146705180 131 9129992 1150714648
======================
   8      32 sdc 711870 9 168692566 3281980 5184127 7807060 2648689280 1146854236 131 9130992 1150857428
======================
   8      32 sdc 711871 9 168692574 3282020 5184698 7807060 2648981632 1146997756 136 9131996 1151001260
======================
   8      32 sdc 711871 9 168692574 3282020 5184934 7807060 2649102464 1147055376 125 9133000 1151133808
======================
   8      32 sdc 711872 9 168692582 3283640 5185191 7807060 2649234048 1147270772 131 9134000 1151259508
======================
   8      32 sdc 711874 9 168692598 3283688 5186424 7807060 2649865344 1147397456 138 9135004 1151402604
======================
   8      32 sdc 711875 9 168692606 3283720 5186966 7807060 2650142848 1147534032 141 9136008 1151546472
======================
   8      32 sdc 711875 9 168692606 3283720 5186966 7807060 2650142848 1147534032 141 9137012 1151688036
======================
   8      32 sdc 711877 9 168692622 3285440 5187973 7807060 2650658432 1147810404 158 9138016 1151832948
======================
   8      32 sdc 711877 9 168692622 3285440 5187973 7807060 2650658432 1147810404 158 9139016 1151990948
======================
   8      32 sdc 711880 9 168692646 3287044 5189258 7807060 2651316352 1148132864 152 9140020 1152140204
======================
   8      32 sdc 711881 9 168692654 3287084 5189870 7807060 2651629696 1148276860 148 9141024 1152284512
======================
   8      32 sdc 711882 9 168692662 3287124 5190454 7807060 2651928704 1148415288 140 9142024 1152426836
======================
   8      32 sdc 711883 9 168692670 3287152 5191014 7807060 2652215424 1148561892 156 9143032 1152571292
======================
   8      32 sdc 711885 9 168692686 3287328 5191538 7807060 2652483712 1148695580 134 9144036 1152710236
======================
   8      32 sdc 711887 9 168692702 3287452 5192127 7807060 2652785280 1148843008 131 9145044 1152850812
======================
   8      32 sdc 711888 9 168692710 3287496 5192687 7807060 2653072000 1148985092 133 9146052 1152994240
======================
   8      32 sdc 711889 9 168692718 3287588 5193242 7807060 2653356160 1149127476 137 9147056 1153135576
======================
   8      32 sdc 711890 9 168692726 3287860 5193667 7807060 2653573760 1149233276 146 9148056 1153271964
======================
   8      32 sdc 711891 9 168692734 3287896 5194268 7807060 2653881472 1149406160 138 9149060 1153415604
======================
   8      32 sdc 711892 9 168692742 3287932 5194838 7807060 2654173312 1149549084 140 9150060 1153558428
======================
   8      32 sdc 711893 9 168692750 3287980 5195409 7807060 2654465664 1149692784 145 9151064 1153702296
======================
   8      32 sdc 711893 9 168692750 3287980 5195686 7807060 2654607488 1149761984 125 9152068 1153836100
======================
   8      32 sdc 711893 9 168692750 3287980 5195686 7807060 2654607488 1149761984 125 9153072 1153961600
======================
   8      32 sdc 711896 9 168692774 3289664 5197087 7807060 2655324800 1150083960 131 9154072 1154102880
======================
   8      32 sdc 711897 9 168692782 3289704 5197681 7807060 2655628928 1150235296 145 9155076 1154247548
======================
   8      32 sdc 711899 9 168692798 3289804 5198239 7807060 2655914624 1150378256 131 9156080 1154391448
======================
   8      32 sdc 711900 9 168692806 3289904 5198765 7807060 2656183936 1150510784 118 9157084 1154532456
======================
   8      32 sdc 711900 9 168692806 3289904 5198765 7807060 2656183936 1150510784 118 9158084 1154650456
======================
   8      32 sdc 711903 9 168692830 3291600 5199873 7807060 2656751232 1150765092 129 9159088 1154778628
======================
   8      32 sdc 711904 9 168692838 3291632 5200469 7807060 2657056384 1150908884 141 9160092 1154921460
======================
   8      32 sdc 711905 9 168692846 3291656 5201073 7807060 2657365632 1151058584 145 9161092 1155065152
======================
   8      32 sdc 711906 9 168692854 3291876 5201560 7807060 2657614976 1151195784 138 9162096 1155208700
======================
   8      32 sdc 711907 9 168692862 3291908 5202109 7807060 2657896064 1151337744 133 9163100 1155352572
======================
   8      32 sdc 711908 9 168692870 3291952 5202661 7807060 2658178688 1151482056 157 9164104 1155496240
======================
   8      32 sdc 711909 9 168692878 3292024 5203203 7807060 2658456192 1151618660 134 9165104 1155639108
======================
   8      32 sdc 711910 9 168692886 3292052 5203796 7807060 2658759808 1151767812 142 9166108 1155782472
======================
   8      32 sdc 711911 9 168692894 3292136 5204355 7807060 2659046016 1151910532 139 9167108 1155924996
======================
   8      32 sdc 711913 9 168692910 3292324 5204929 7807060 2659339904 1152050384 149 9168112 1156063980
======================
   8      32 sdc 711914 9 168692918 3292352 5205519 7807060 2659641984 1152193324 149 9169116 1156207456
======================
   8      32 sdc 711915 9 168692926 3292420 5206095 7807060 2659936896 1152336240 154 9170120 1156350576
======================
   8      32 sdc 711917 9 168692942 3292620 5206652 7807060 2660222080 1152470240 148 9171124 1156485044
======================
   8      32 sdc 711917 9 168692942 3292620 5206936 7807060 2660367488 1152541332 139 9172128 1156626464
======================
   8      32 sdc 711917 9 168692942 3292620 5206936 7807060 2660367488 1152541332 139 9173132 1156766020
======================
   8      32 sdc 711919 9 168692958 3295012 5207792 7807060 2660805760 1152915588 146 9174152 1156916488
======================
   8      32 sdc 711920 9 168692966 3295984 5207984 7807060 2660904064 1152957496 146 9175160 1157070296
======================
   8      32 sdc 711922 9 168692982 3296036 5209410 7807060 2661634176 1153195916 128 9176164 1157213784
======================
   8      32 sdc 711923 9 168692990 3296068 5209979 7807060 2661925504 1153340608 135 9177172 1157358500
======================
   8      32 sdc 711925 9 168693006 3296152 5210528 7807060 2662206592 1153482092 130 9178176 1157503044
======================
   8      32 sdc 711926 9 168693014 3296228 5211072 7807060 2662485120 1153625724 136 9179176 1157646140
======================
   8      32 sdc 711927 9 168693022 3296280 5211656 7807060 2662784128 1153772472 156 9180180 1157789732
======================
   8      32 sdc 711927 9 168693022 3296280 5212093 7807060 2663007872 1153874672 102 9181184 1157920304
======================
   8      32 sdc 711927 9 168693022 3296280 5212093 7807060 2663007872 1153874672 102 9182188 1158022712
======================
   8      32 sdc 711928 9 168693030 3297876 5212581 7807060 2663257728 1154051988 126 9183192 1158145200
======================
   8      32 sdc 711931 9 168693054 3298740 5213963 7807060 2663965312 1154265120 151 9184192 1158286308
======================
   8      32 sdc 711933 9 168693070 3298800 5214508 7807060 2664244352 1154409616 150 9185196 1158430596
======================
   8      32 sdc 711933 9 168693070 3298800 5214582 7807060 2664282240 1154428100 141 9186200 1158572468
======================
   8      32 sdc 711936 9 168693094 3300508 5215619 7807060 2664813184 1154702288 135 9187200 1158713776
======================
   8      32 sdc 711936 9 168693094 3300508 5216111 7807060 2665065088 1154818096 148 9188204 1158859152
======================
   8      32 sdc 711936 9 168693094 3300508 5216111 7807060 2665065088 1154818096 148 9189208 1159007744
======================
   8      32 sdc 711939 9 168693118 3302372 5217205 7807060 2665625216 1155132712 141 9190208 1159154152
======================
   8      32 sdc 711940 9 168693126 3302404 5217777 7807060 2665918080 1155273812 145 9191216 1159298492
======================
   8      32 sdc 711941 9 168693134 3302444 5218348 7807060 2666210432 1155417764 150 9192220 1159442388
======================
   8      32 sdc 711941 9 168693134 3302444 5218688 7807060 2666384512 1155502612 131 9193464 1159612192
======================
   8      32 sdc 711941 9 168693134 3302444 5218688 7807060 2666384512 1155502612 131 9194468 1159743716
======================
   8      32 sdc 711942 9 168693142 3304044 5219178 7807060 2666635392 1155731928 153 9195468 1159892644
======================
   8      32 sdc 711945 9 168693166 3304884 5220616 7807060 2667371648 1155977780 154 9196472 1160036564
======================
   8      32 sdc 711946 9 168693174 3304916 5221179 7807060 2667659904 1156121544 135 9197476 1160180232
======================
   8      32 sdc 711947 9 168693182 3304964 5221743 7807060 2667948672 1156264776 148 9198476 1160323408
======================
   8      32 sdc 711949 9 168693198 3305172 5222261 7807060 2668213888 1156399444 142 9199480 1160463008
======================
   8      32 sdc 711949 9 168693198 3305172 5222261 7807060 2668213888 1156399444 142 9200480 1160605008
======================
   8      32 sdc 711952 9 168693222 3306828 5223406 7807060 2668800128 1156688788 148 9201484 1160747900
======================
   8      32 sdc 711953 9 168693230 3306868 5224013 7807060 2669110912 1156832220 149 9202488 1160891392
======================
   8      32 sdc 711954 9 168693238 3307104 5224486 7807060 2669353088 1156972536 156 9203488 1161033528
======================
   8      32 sdc 711955 9 168693246 3307132 5225029 7807060 2669631104 1157113912 128 9204492 1161175512
======================
   8      32 sdc 711956 9 168693254 3307164 5225589 7807060 2669917824 1157257648 141 9205496 1161318524
======================
   8      32 sdc 711957 9 168693262 3307220 5226154 7807060 2670207104 1157400732 152 9206496 1161461408
======================
   8      32 sdc 711958 9 168693270 3307272 5226715 7807060 2670494336 1157543824 135 9207500 1161605144
======================
   8      32 sdc 711959 9 168693278 3307348 5227269 7807060 2670777984 1157687048 132 9208500 1161748036
======================
   8      32 sdc 711960 9 168693286 3307380 5227857 7807060 2671079552 1157831152 145 9209504 1161891748
======================
   8      32 sdc 711962 9 168693302 3307564 5228436 7807060 2671375488 1157970808 142 9210504 1162033048
======================
   8      32 sdc 711963 9 168693310 3307592 5229006 7807060 2671667328 1158115164 148 9211508 1162176900
======================
   8      32 sdc 711964 9 168693318 3307668 5229463 7807060 2671901312 1158230188 108 9212508 1162312240
======================
   8      32 sdc 711964 9 168693318 3307668 5229463 7807060 2671901312 1158230188 108 9213512 1162420672
======================
   8      32 sdc 711967 9 168693342 3309356 5230681 7807060 2672525440 1158486560 137 9214516 1162549048
======================
   8      32 sdc 711968 9 168693350 3309392 5231273 7807060 2672828032 1158630612 153 9215520 1162693012
======================
   8      32 sdc 711969 9 168693358 3309432 5231845 7807060 2673120896 1158773436 157 9216524 1162836808
======================
   8      32 sdc 711970 9 168693366 3309684 5232286 7807060 2673346688 1158914588 132 9217524 1162977692
======================
   8      32 sdc 711971 9 168693374 3309720 5232845 7807060 2673632896 1159055376 149 9218528 1163121672
======================
   8      32 sdc 711972 9 168693382 3309772 5233410 7807060 2673922176 1159201604 128 9219532 1163265336
======================
   8      32 sdc 711973 9 168693390 3309832 5233959 7807060 2674203264 1159344868 155 9220532 1163408452
======================
   8      32 sdc 711974 9 168693398 3309880 5234564 7807060 2674513024 1159490416 127 9221536 1163552608
======================
   8      32 sdc 711976 9 168693414 3310032 5235171 7807060 2674823808 1159633184 150 9222536 1163694128
======================
   8      32 sdc 711977 9 168693422 3310100 5235772 7807060 2675131520 1159770800 133 9223540 1163835328
======================
   8      32 sdc 711978 9 168693430 3310236 5236349 7807060 2675426944 1159902792 139 9224544 1163968660
======================
   8      32 sdc 711979 9 168693438 3310272 5236907 7807060 2675712640 1160047808 151 9225548 1164112360
======================
   8      32 sdc 711981 9 168693454 3310368 5237459 7807060 2675995264 1160191260 147 9226548 1164255080
======================
   8      32 sdc 711982 9 168693462 3310412 5238029 7807060 2676287104 1160334436 149 9227552 1164398376
======================
   8      32 sdc 711983 9 168693470 3310480 5238589 7807060 2676573824 1160477528 136 9228556 1164542044
======================
   8      32 sdc 711984 9 168693478 3310516 5239129 7807060 2676850304 1160615908 137 9229560 1164685448
======================
   8      32 sdc 711985 9 168693486 3310592 5239715 7807060 2677150336 1160759068 96 9230560 1164823672
======================
   8      32 sdc 711985 9 168693486 3310592 5239715 7807060 2677150336 1160759068 96 9231564 1164920056
======================
   8      32 sdc 711988 9 168693510 3312352 5240846 7807060 2677729408 1160971044 148 9232568 1165036356
======================
   8      32 sdc 711989 9 168693518 3312392 5241412 7807060 2678019200 1161114672 158 9233572 1165180056
======================
   8      32 sdc 711990 9 168693526 3312436 5241987 7807060 2678313600 1161258720 159 9234576 1165323864
======================
   8      32 sdc 711991 9 168693534 3312504 5242578 7807060 2678616192 1161401856 148 9235580 1165467588
======================
   8      32 sdc 711992 9 168693542 3312576 5243145 7807060 2678906496 1161540504 157 9236580 1165606244
======================
   8      32 sdc 711993 9 168693550 3312668 5243702 7807060 2679191680 1161681920 135 9237584 1165747912
======================
   8      32 sdc 711994 9 168693558 3312724 5244272 7807060 2679483520 1161823772 137 9238588 1165890200
======================
   8      32 sdc 711995 9 168693566 3312756 5244825 7807060 2679766656 1161966236 106 9239588 1166031688
======================
   8      32 sdc 711996 9 168693574 3312924 5244852 7807060 2679780480 1161973316 79 9240592 1166111784
======================
   8      32 sdc 711999 9 168693598 3314592 5245901 7807060 2680317568 1162146432 149 9241596 1166210244
======================
   8      32 sdc 712000 9 168693606 3314624 5246527 7807060 2680638080 1162286584 131 9242596 1166353060
======================
   8      32 sdc 712001 9 168693614 3314656 5247139 7807060 2680951424 1162429708 143 9243600 1166496308
======================
   8      32 sdc 712002 9 168693622 3314876 5247606 7807060 2681190528 1162569992 140 9244612 1166639180
======================
   8      32 sdc 712003 9 168693630 3314916 5248151 7807060 2681469568 1162713956 139 9245612 1166782648
======================
   8      32 sdc 712004 9 168693638 3314968 5248723 7807060 2681762432 1162858500 143 9246620 1166927096
======================
   8      32 sdc 712005 9 168693646 3315004 5249290 7807060 2682052736 1163002064 152 9247624 1167070804
======================
   8      32 sdc 712006 9 168693654 3315052 5249849 7807060 2682339456 1163145556 137 9248628 1167214656
======================
   8      32 sdc 712008 9 168693670 3315152 5250425 7807060 2682633856 1163289580 137 9249636 1167358520
======================
   8      32 sdc 712009 9 168693678 3315276 5251010 7807060 2682933376 1163432168 136 9250640 1167499556
======================
   8      32 sdc 712009 9 168693678 3315276 5251442 7807060 2683154560 1163537000 145 9251644 1167643608
======================
   8      32 sdc 712009 9 168693678 3315276 5251442 7807060 2683154560 1163537000 145 9252648 1167789188
======================
   8      32 sdc 712011 9 168693694 3316924 5252458 7807060 2683674752 1163812868 153 9253652 1167937724
======================
   8      32 sdc 712011 9 168693694 3316924 5252458 7807060 2683674752 1163812868 153 9254656 1168091336
======================
   8      32 sdc 712015 9 168693726 3318584 5253848 7807060 2684386432 1164164616 138 9255656 1168235936
======================
   8      32 sdc 712016 9 168693734 3318620 5254432 7807060 2684685440 1164307564 130 9256660 1168379704
======================
   8      32 sdc 712017 9 168693742 3318668 5254991 7807060 2684971648 1164450936 147 9257664 1168523656
======================
   8      32 sdc 712019 9 168693758 3318772 5255549 7807060 2685257344 1164592204 133 9258664 1168666332
======================
   8      32 sdc 712019 9 168693758 3318772 5256083 7807060 2685530752 1164729588 112 9259672 1168807692
======================
   8      32 sdc 712019 9 168693758 3318772 5256083 7807060 2685530752 1164729588 112 9260672 1168919692
======================
   8      32 sdc 712022 9 168693782 3320540 5257225 7807060 2686115968 1164972272 153 9261676 1169044840
======================
   8      32 sdc 712023 9 168693790 3320568 5257833 7807060 2686426752 1165116248 153 9262680 1169189112
======================
   8      32 sdc 712024 9 168693798 3320616 5258445 7807060 2686740096 1165260196 149 9263684 1169333352
======================
   8      32 sdc 712025 9 168693806 3320640 5259037 7807060 2687043200 1165401856 133 9264684 1169476492
======================
   8      32 sdc 712026 9 168693814 3320716 5259586 7807060 2687324288 1165545032 134 9265688 1169619816
======================
   8      32 sdc 712027 9 168693822 3320776 5260144 7807060 2687609984 1165687272 147 9266692 1169761376
======================
   8      32 sdc 712028 9 168693830 3320904 5260199 7807060 2687638144 1165701008 92 9267696 1169856396
======================
   8      32 sdc 712029 9 168693838 3322720 5260573 7807060 2687829632 1165891656 146 9268700 1169951920
======================
   8      32 sdc 712032 9 168693862 3322808 5261697 7807060 2688405120 1166018024 129 9269704 1170095588
======================
   8      32 sdc 712033 9 168693870 3322860 5262273 7807060 2688700032 1166162464 129 9270708 1170239212
======================
   8      32 sdc 712034 9 168693878 3322888 5262857 7807060 2688999040 1166306096 153 9271712 1170383020
======================
   8      32 sdc 712035 9 168693886 3322952 5263372 7807060 2689262720 1166436096 151 9272712 1170526872
======================
   8      32 sdc 712036 9 168693894 3323000 5263992 7807060 2689580160 1166587200 233 9273716 1170702488
======================
   8      32 sdc 712037 9 168693902 3323080 5264564 7807060 2689873024 1166809524 151 9274716 1170895136
======================
   8      32 sdc 712038 9 168693910 3323268 5265155 7807060 2690175616 1166955852 147 9275720 1171032016
======================
   8      32 sdc 712038 9 168693910 3323268 5265411 7807060 2690306184 1167017820 1 9276720 1171077376
======================
   8      32 sdc 712039 9 168693918 3325036 5265902 7807502 2690557080 1167020432 30 9277720 1171081184
======================
   8      32 sdc 712040 9 168693926 3325060 5266444 7807502 2690834080 1167041748 1 9278724 1171103236
======================
   8      32 sdc 712041 9 168693934 3326928 5266956 7807502 2691096224 1167045240 1 9279728 1171107700
======================
   8      32 sdc 712043 9 168693950 3327876 5267931 7807502 2691595424 1167051768 50 9280732 1171118180
======================
   8      32 sdc 712043 9 168693950 3327876 5267980 7807502 2691620512 1167056960 1 9281740 1171121372
======================
   8      32 sdc 712045 9 168693966 3329820 5268492 7807502 2691882656 1167060364 1 9282748 1171125748
======================
   8      32 sdc 712048 9 168693990 3330744 5269544 7807512 2692420352 1167072760 144 9283756 1171153136
======================
   8      32 sdc 712049 9 168693998 3330816 5270191 7807512 2692751616 1167214464 148 9284772 1171297256
======================
   8      32 sdc 712049 9 168693998 3330816 5270542 7807512 2692931328 1167298696 1 9285776 1171365632
======================
   8      32 sdc 712049 9 168693998 3330816 5270542 7807512 2692931328 1167298696 1 9286780 1171366636
======================
   8      32 sdc 712052 9 168694022 3332780 5271866 7807512 2693609216 1167382696 134 9287784 1171468924
======================
   8      32 sdc 712053 9 168694030 3332860 5272421 7807523 2693893376 1167523960 10 9288784 1171594732
======================
   8      32 sdc 712054 9 168694038 3332920 5272987 7807523 2694182248 1167649576 118 9289784 1171734864
======================
   8      32 sdc 712055 9 168694046 3332996 5273571 7807523 2694481256 1167792760 46 9290792 1171870772
======================
   8      32 sdc 712055 9 168694046 3332996 5273616 7807523 2694504296 1167803896 1 9291800 1171873528
======================
   8      32 sdc 712058 9 168694070 3335016 5274709 7807523 2695063912 1167820000 158 9292808 1171902972
======================
   8      32 sdc 712059 9 168694078 3335148 5275281 7807533 2695356776 1167955428 32 9293816 1172033108
======================
   8      32 sdc 712059 9 168694078 3335148 5275666 7807533 2695552968 1168033276 1 9294964 1172104612
======================
   8      32 sdc 712059 9 168694078 3335148 5275666 7807533 2695552968 1168033276 1 9295972 1172105620
======================
   8      32 sdc 712062 9 168694102 3337028 5276690 7807533 2696077256 1168045792 1 9296976 1172119072
======================
   8      32 sdc 712062 9 168694102 3337028 5276690 7807533 2696077256 1168045792 1 9297980 1172120076
======================
   8      32 sdc 712064 9 168694118 3338776 5277714 7807533 2696601544 1168058928 1 9298984 1172134152
======================
   8      32 sdc 712065 9 168694126 3339856 5278228 7807542 2696863776 1168069208 1 9299988 1172145400
======================
   8      32 sdc 712065 9 168694126 3339856 5278228 7807542 2696863776 1168069208 1 9300992 1172146404
======================
   8      32 sdc 712067 9 168694142 3342576 5279155 7807542 2697338400 1168075264 98 9301996 1172154124
======================
   8      32 sdc 712070 9 168694166 3342696 5280273 7807542 2697910816 1168196952 152 9302996 1172290628
======================
   8      32 sdc 712071 9 168694174 3342768 5280885 7807542 2698224160 1168337200 135 9304000 1172431944
======================
   8      32 sdc 712072 9 168694182 3342840 5281493 7807552 2698534528 1168461228 139 9305004 1172556652
======================
   8      32 sdc 712072 9 168694182 3342840 5281814 7807552 2698698880 1168538904 1 9306004 1172618008
======================
   8      32 sdc 712072 9 168694182 3342840 5281814 7807552 2698698880 1168538904 1 9307008 1172619012
======================
   8      32 sdc 712074 9 168694198 3344804 5282838 7807552 2699223168 1168550708 1 9308008 1172631756
======================
   8      32 sdc 712074 9 168694198 3344804 5282838 7807552 2699223168 1168550708 1 9309016 1172632764
======================
   8      32 sdc 712078 9 168694230 3346680 5284278 7807562 2699959520 1168643764 99 9310020 1172742584
======================
   8      32 sdc 712079 9 168694238 3347156 5284836 7807562 2700245216 1168762840 53 9311020 1172856300
======================
   8      32 sdc 712079 9 168694238 3347156 5284888 7807562 2700271840 1168775776 1 9312028 1172859636
======================
   8      32 sdc 712080 9 168694246 3349152 5285323 7808479 2700460056 1168779744 0 9312892 1172864420
======================
   8      32 sdc 712080 9 168694246 3349152 5285324 7808479 2700460056 1168779744 0 9312892 1172864420
======================
   8      32 sdc 712080 9 168694246 3349152 5285324 7808479 2700460056 1168779744 0 9312892 1172864420
======================
   8      32 sdc 712080 9 168694246 3349152 5285324 7808479 2700460056 1168779744 0 9312892 1172864420
======================
   8      32 sdc 712080 9 168694246 3349152 5285324 7808479 2700460056 1168779744 0 9312892 1172864420
======================
   8      32 sdc 712080 9 168694246 3349152 5285324 7808479 2700460056 1168779744 0 9312892 1172864420
======================
   8      32 sdc 712298 9 168695984 3356680 5285349 7808479 2700460152 1168779744 17 9313504 1172881672
======================
   8      32 sdc 712325 9 168696200 3374204 5285351 7808479 2700460160 1168779744 0 9314376 1172889472
started
======================
   8      32 sdc 712325 9 168696200 3374204 5285351 7808479 2700460160 1168779744 0 9314376 1172889472
======================
   8      32 sdc 712417 9 168718512 3374888 5285351 7808479 2700460160 1168779744 1 9315060 1172890156
======================
   8      32 sdc 712551 9 168752816 3375860 5285351 7808479 2700460160 1168779744 1 9316032 1172891128
======================
   8      32 sdc 712681 9 168786096 3376832 5285351 7808479 2700460160 1168779744 1 9317008 1172892104
======================
   8      32 sdc 712803 9 168817328 3377816 5285351 7808479 2700460160 1168779744 1 9317992 1172893088
======================
   8      32 sdc 712929 9 168849584 3378796 5285351 7808479 2700460160 1168779744 1 9318972 1172894068
======================
   8      32 sdc 713054 9 168881584 3379780 5285351 7808479 2700460160 1168779744 1 9319960 1172895056
======================
   8      32 sdc 713186 9 168915376 3380740 5285354 7808480 2700460192 1168779744 1 9320920 1172896016
======================
   8      32 sdc 713316 9 168948656 3381708 5285354 7808480 2700460192 1168779744 1 9321888 1172896984
======================
   8      32 sdc 713442 9 168980912 3382664 5285354 7808480 2700460192 1168779744 1 9322848 1172897944
======================
   8      32 sdc 713571 9 169013936 3383640 5285354 7808480 2700460192 1168779744 0 9323812 1172898908
======================
   8      32 sdc 713696 9 169045936 3384616 5285354 7808480 2700460192 1168779744 1 9324788 1172899884
======================
   8      32 sdc 713814 9 169076144 3385584 5285354 7808480 2700460192 1168779744 1 9325760 1172900856
======================
   8      32 sdc 713918 9 169102768 3386580 5285354 7808480 2700460192 1168779744 1 9326756 1172901852
======================
   8      32 sdc 714053 9 169137328 3387568 5285354 7808480 2700460192 1168779744 1 9327740 1172902836
======================
   8      32 sdc 714183 9 169170608 3388556 5285354 7808480 2700460192 1168779744 1 9328724 1172903820
======================
   8      32 sdc 714317 9 169204912 3389544 5285354 7808480 2700460192 1168779744 1 9329712 1172904808
======================
   8      32 sdc 714442 9 169236912 3390492 5285354 7808480 2700460192 1168779744 1 9330664 1172905760
======================
   8      32 sdc 714570 9 169269680 3391448 5285354 7808480 2700460192 1168779744 1 9331620 1172906716
======================
   8      32 sdc 714695 9 169301680 3392408 5285354 7808480 2700460192 1168779744 1 9332576 1172907672
======================
   8      32 sdc 714829 9 169335984 3393384 5285354 7808480 2700460192 1168779744 1 9333556 1172908652
======================
   8      32 sdc 714969 9 169371824 3394364 5285354 7808480 2700460192 1168779744 1 9334536 1172909632
======================
   8      32 sdc 715094 9 169403824 3395332 5285354 7808480 2700460192 1168779744 1 9335508 1172910604
======================
   8      32 sdc 715229 9 169438384 3396308 5285354 7808480 2700460192 1168779744 1 9336480 1172911576
======================
   8      32 sdc 715371 9 169474736 3397288 5285354 7808480 2700460192 1168779744 1 9337456 1172912552
======================
   8      32 sdc 715505 9 169509040 3398272 5285354 7808480 2700460192 1168779744 1 9338444 1172913540
======================
   8      32 sdc 715635 9 169542320 3399228 5285354 7808480 2700460192 1168779744 1 9339400 1172914496
======================
   8      32 sdc 715760 9 169574320 3400208 5285354 7808480 2700460192 1168779744 1 9340380 1172915476
======================
   8      32 sdc 715891 9 169607856 3401176 5285354 7808480 2700460192 1168779744 1 9341352 1172916448
======================
   8      32 sdc 716023 9 169641648 3402144 5285354 7808480 2700460192 1168779744 1 9342316 1172917412
======================
   8      32 sdc 716155 9 169675440 3403112 5285354 7808480 2700460192 1168779744 1 9343284 1172918380
======================
   8      32 sdc 716282 9 169707952 3404092 5285354 7808480 2700460192 1168779744 1 9344268 1172919364
======================
   8      32 sdc 716411 9 169740976 3405044 5285354 7808480 2700460192 1168779744 1 9345212 1172920308
======================
   8      32 sdc 716542 9 169774512 3406012 5285354 7808480 2700460192 1168779744 1 9346184 1172921280
======================
   8      32 sdc 716669 9 169807024 3406972 5285354 7808480 2700460192 1168779744 1 9347148 1172922244
======================
   8      32 sdc 716794 9 169839024 3407940 5285354 7808480 2700460192 1168779744 1 9348116 1172923212
======================
   8      32 sdc 716927 9 169873072 3408868 5285354 7808480 2700460192 1168779744 1 9349044 1172924140
======================
   8      32 sdc 717060 9 169907120 3409848 5285355 7808480 2700460200 1168779776 1 9350024 1172925152
======================
   8      32 sdc 717186 9 169939376 3410828 5285355 7808480 2700460200 1168779776 1 9350996 1172926124
======================
   8      32 sdc 717313 9 169971888 3411812 5285355 7808480 2700460200 1168779776 1 9351980 1172927108
======================
   8      32 sdc 717443 9 170005168 3412768 5285355 7808480 2700460200 1168779776 1 9352944 1172928072
======================
   8      32 sdc 717571 9 170037936 3413744 5285355 7808480 2700460200 1168779776 1 9353920 1172929048
======================
   8      32 sdc 717702 9 170071472 3414716 5285355 7808480 2700460200 1168779776 1 9354888 1172930016
======================
   8      32 sdc 717828 9 170103728 3415688 5285355 7808480 2700460200 1168779776 1 9355864 1172930992
======================
   8      32 sdc 717957 9 170136752 3416660 5285355 7808480 2700460200 1168779776 1 9356844 1172931972
======================
   8      32 sdc 718089 9 170170544 3417644 5285355 7808480 2700460200 1168779776 1 9357816 1172932944
======================
   8      32 sdc 718216 9 170203056 3418624 5285355 7808480 2700460200 1168779776 1 9358800 1172933928
======================
   8      32 sdc 718352 9 170237872 3419588 5285355 7808480 2700460200 1168779776 1 9359768 1172934896
======================
   8      32 sdc 718476 9 170269616 3420580 5285355 7808480 2700460200 1168779776 1 9360760 1172935888
======================
   8      32 sdc 718612 9 170304432 3421564 5285355 7808480 2700460200 1168779776 1 9361740 1172936868
======================
   8      32 sdc 718740 9 170337200 3422540 5285355 7808480 2700460200 1168779776 1 9362716 1172937844
======================
   8      32 sdc 718871 9 170370736 3423520 5285355 7808480 2700460200 1168779776 1 9363688 1172938816
======================
   8      32 sdc 719001 9 170404016 3424488 5285355 7808480 2700460200 1168779776 1 9364660 1172939788
======================
   8      32 sdc 719126 9 170436016 3425476 5285355 7808480 2700460200 1168779776 1 9365644 1172940772
======================
   8      32 sdc 719253 9 170468528 3426452 5285355 7808480 2700460200 1168779776 1 9366620 1172941748
======================
   8      32 sdc 719384 9 170502064 3427416 5285355 7808480 2700460200 1168779776 1 9367584 1172942712
======================
   8      32 sdc 719517 9 170536112 3428392 5285355 7808480 2700460200 1168779776 1 9368560 1172943688
======================
   8      32 sdc 719647 9 170569392 3429356 5285355 7808480 2700460200 1168779776 1 9369528 1172944656
======================
   8      32 sdc 719774 9 170601904 3430332 5285355 7808480 2700460200 1168779776 1 9370504 1172945632
======================
   8      32 sdc 719906 9 170635696 3431312 5285355 7808480 2700460200 1168779776 1 9371484 1172946612
======================
   8      32 sdc 720038 9 170669488 3432268 5285355 7808480 2700460200 1168779776 1 9372444 1172947572
======================
   8      32 sdc 720164 9 170701744 3433240 5285355 7808480 2700460200 1168779776 1 9373412 1172948540
