======================
   8      32 sdc 622 144 13998 50544 354252 22141179 179963384 129859448 1 770940 129919508
======================
   8      32 sdc 644 144 14982 50884 354252 22141179 179963384 129859448 0 771128 129919800
======================
   8      32 sdc 646 144 14998 50916 354252 22141179 179963384 129859448 0 771160 129919832
======================
   8      32 sdc 646 144 14998 50916 354252 22141179 179963384 129859448 0 771160 129919832
======================
   8      32 sdc 647 144 15006 50924 357067 22141179 181404664 129889300 143 771672 129969696
======================
   8      32 sdc 647 144 15006 50924 357520 22141179 181636600 130050936 138 772672 130119052
======================
   8      32 sdc 647 144 15006 50924 357992 22141179 181878264 130129864 146 773680 130263952
======================
   8      32 sdc 647 144 15006 50924 358602 22141179 182190584 130269204 145 774684 130409296
======================
   8      32 sdc 647 144 15006 50924 359630 22141201 182716088 130477484 142 775684 130551272
======================
   8      32 sdc 647 144 15006 50924 360303 22141201 183060664 130624408 141 776688 130698772
======================
   8      32 sdc 647 144 15006 50924 360787 22141201 183308472 130771704 137 777692 130842732
======================
   8      32 sdc 647 144 15006 50924 361303 22141201 183572664 130863816 133 778696 130981656
======================
   8      32 sdc 648 144 15014 50988 362234 22141201 184049336 131047436 139 779696 131121140
======================
   8      32 sdc 648 144 15014 50988 362831 22141201 184355000 131200992 150 780700 131269432
======================
   8      32 sdc 648 144 15014 50988 363360 22141201 184625848 131345816 133 781700 131413528
======================
   8      32 sdc 648 144 15014 50988 363988 22141201 184947384 131455576 145 782704 131557132
======================
   8      32 sdc 648 144 15014 50988 364086 22141201 184997560 131507376 143 783712 131700068
======================
   8      32 sdc 648 144 15014 50988 364964 22141201 185447096 131774768 129 784716 131842480
======================
   8      32 sdc 648 144 15014 50988 366069 22141201 186012856 131911492 144 785720 131984856
======================
   8      32 sdc 648 144 15014 50988 366784 22141201 186378936 132051576 133 786724 132127784
======================
   8      32 sdc 648 144 15014 50988 367432 22141201 186710712 132193064 157 787728 132270624
======================
   8      32 sdc 648 144 15014 50988 368055 22141201 187029688 132335804 142 788728 132413348
======================
   8      32 sdc 648 144 15014 50988 368575 22141201 187295928 132456128 134 789732 132554788
======================
   8      32 sdc 648 144 15014 50988 369295 22141201 187664568 132609308 96 790732 132692516
======================
   8      32 sdc 649 144 15022 51272 369984 22141256 188011728 132737588 144 791732 132818800
======================
   8      32 sdc 649 144 15022 51272 370666 22141256 188360912 132880428 134 792740 132962160
======================
   8      32 sdc 649 144 15022 51272 371311 22141256 188691152 133026552 129 793744 133104104
======================
   8      32 sdc 649 144 15022 51272 371950 22141256 189018320 133169684 130 794748 133247320
======================
   8      32 sdc 649 144 15022 51272 372584 22141256 189342928 133308200 136 795752 133390552
======================
   8      32 sdc 649 144 15022 51272 373225 22141266 189670696 133450604 157 796752 133530724
======================
   8      32 sdc 649 144 15022 51272 373840 22141266 189985576 133582824 150 797756 133674708
======================
   8      32 sdc 649 144 15022 51272 374572 22141266 190360360 133742452 154 798760 133819208
======================
   8      32 sdc 649 144 15022 51272 375213 22141266 190688552 133884952 153 799760 133962172
======================
   8      32 sdc 649 144 15022 51272 375855 22141266 191017256 134028524 151 800764 134105900
======================
   8      32 sdc 649 144 15022 51272 376492 22141266 191343400 134171076 154 801768 134249628
======================
   8      32 sdc 650 144 15030 51496 377053 22141266 191630632 134297460 156 802772 134380832
======================
   8      32 sdc 650 144 15030 51496 377786 22141266 192006440 134447848 159 803776 134524552
======================
   8      32 sdc 650 144 15030 51496 378438 22141266 192339752 134590552 147 804780 134667984
======================
   8      32 sdc 650 144 15030 51496 379079 22141266 192667944 134733452 146 805784 134811244
======================
   8      32 sdc 650 144 15030 51496 379732 22141266 193002280 134878024 133 806788 134954816
======================
   8      32 sdc 650 144 15030 51496 380364 22141266 193325864 135020232 141 807792 135098400
======================
   8      32 sdc 650 144 15030 51496 380989 22141266 193645864 135164288 156 808796 135241760
======================
   8      32 sdc 650 144 15030 51496 381664 22141266 193991464 135307828 153 809800 135384764
======================
   8      32 sdc 650 144 15030 51496 382340 22141266 194337576 135450848 149 810800 135527356
======================
   8      32 sdc 650 144 15030 51496 382913 22141266 194630952 135571984 152 811804 135671624
======================
   8      32 sdc 650 144 15030 51496 383571 22141266 194967848 135720188 143 812808 135817680
======================
   8      32 sdc 650 144 15030 51496 384281 22141266 195331368 135882872 137 813812 135960548
======================
   8      32 sdc 651 144 15038 51708 384917 22141266 195657000 136010144 145 814812 136088444
======================
   8      32 sdc 651 144 15038 51708 385597 22141266 196005160 136154676 137 815816 136232208
======================
   8      32 sdc 651 144 15038 51708 386239 22141266 196333864 136297876 135 816820 136375764
======================
   8      32 sdc 651 144 15038 51708 386886 22141266 196665128 136441988 128 817820 136518720
======================
   8      32 sdc 651 144 15038 51708 387529 22141266 196994344 136584612 157 818824 136662260
======================
   8      32 sdc 651 144 15038 51708 388170 22141266 197322536 136727876 156 819828 136805908
======================
   8      32 sdc 651 144 15038 51708 388787 22141266 197638440 136865712 147 820828 136949152
======================
   8      32 sdc 651 144 15038 51708 389453 22141266 197979432 137015056 153 821832 137092888
======================
   8      32 sdc 651 144 15038 51708 390084 22141266 198302504 137153744 130 822840 137236504
======================
   8      32 sdc 651 144 15038 51708 390782 22141266 198659880 137303620 136 823852 137380524
======================
   8      32 sdc 651 144 15038 51708 391427 22141266 198990120 137446052 131 824856 137523860
======================
   8      32 sdc 651 144 15038 51708 392072 22141266 199320360 137590120 147 825856 137666888
======================
   8      32 sdc 652 144 15046 51928 392719 22141266 199651624 137718912 151 826860 137796276
======================
   8      32 sdc 652 144 15046 51928 393365 22141266 199982376 137860348 145 827860 137939420
======================
   8      32 sdc 652 144 15046 51928 393906 22141266 200259368 137985372 148 828864 138083636
======================
   8      32 sdc 652 144 15046 51928 394661 22141266 200645928 138151916 142 829864 138229072
======================
   8      32 sdc 652 144 15046 51928 395321 22141266 200983848 138295660 154 830868 138372672
======================
   8      32 sdc 652 144 15046 51928 395975 22141266 201318696 138437536 140 831872 138516348
======================
   8      32 sdc 652 144 15046 51928 396561 22141266 201618728 138572432 130 832872 138658408
======================
   8      32 sdc 652 144 15046 51928 397250 22141266 201971496 138723552 145 833876 138800888
======================
   8      32 sdc 652 144 15046 51928 397922 22141266 202315560 138867468 145 834880 138944608
======================
   8      32 sdc 652 144 15046 51928 398506 22141266 202614568 138995768 137 835884 139087368
======================
   8      32 sdc 652 144 15046 51928 399212 22141266 202976040 139151520 135 836892 139228920
======================
   8      32 sdc 652 144 15046 51928 399880 22141266 203318056 139294784 139 837892 139372056
======================
   8      32 sdc 652 144 15046 51928 400039 22141266 203399464 139329036 21 838900 139411276
======================
   8      32 sdc 653 144 15054 53568 401140 22141266 203963176 139390260 145 839900 139466884
======================
   8      32 sdc 653 144 15054 53568 401781 22141266 204291368 139530500 144 840904 139610388
======================
   8      32 sdc 653 144 15054 53568 402349 22141266 204582184 139657184 152 841908 139754564
======================
   8      32 sdc 653 144 15054 53568 403077 22141266 204954920 139822984 131 842912 139899516
======================
   8      32 sdc 653 144 15054 53568 403723 22141266 205285672 139963972 157 843920 140043612
======================
   8      32 sdc 653 144 15054 53568 404370 22141266 205616936 140108160 150 844924 140187100
======================
   8      32 sdc 653 144 15054 53568 405048 22141266 205964072 140251984 144 845932 140331252
======================
   8      32 sdc 653 144 15054 53568 405702 22141266 206298920 140394400 130 846932 140474236
======================
   8      32 sdc 653 144 15054 53568 406325 22141266 206617896 140537708 147 847936 140618168
======================
   8      32 sdc 653 144 15054 53568 406970 22141266 206948136 140684236 142 848940 140763860
======================
   8      32 sdc 653 144 15054 53568 407654 22141266 207298344 140829296 86 849952 140905732
======================
   8      32 sdc 653 144 15054 53568 407695 22141266 207319336 140837916 45 850960 140952252
======================
   8      32 sdc 654 144 15062 55120 408976 22141266 207975208 140969828 152 851976 141051388
======================
   8      32 sdc 654 144 15062 55120 409606 22141266 208297768 141114972 130 852988 141196272
======================
   8      32 sdc 654 144 15062 55120 410241 22141266 208622888 141258524 135 853992 141339920
======================
   8      32 sdc 654 144 15062 55120 410806 22141266 208912168 141380356 146 854996 141483976
======================
   8      32 sdc 654 144 15062 55120 411552 22141266 209294120 141548088 156 856008 141629016
======================
   8      32 sdc 654 144 15062 55120 412207 22141266 209629480 141691924 141 857012 141772756
======================
   8      32 sdc 654 144 15062 55120 412873 22141266 209970472 141835988 147 858016 141916416
======================
   8      32 sdc 654 144 15062 55120 413522 22141266 210302760 141979652 138 859028 142061260
======================
   8      32 sdc 654 144 15062 55120 414164 22141266 210631464 142123384 136 860028 142204424
======================
   8      32 sdc 654 144 15062 55120 414807 22141266 210960680 142267996 133 861036 142348656
======================
   8      32 sdc 654 144 15062 55120 415331 22141266 211228968 142384536 57 862040 142470648
======================
   8      32 sdc 654 144 15062 55120 415331 22141266 211228968 142384536 57 863044 142527876
======================
   8      32 sdc 655 144 15070 56704 416733 22141266 211946792 142567472 131 864048 142649896
======================
   8      32 sdc 655 144 15070 56704 417274 22141266 212223784 142688404 134 865052 142792100
======================
   8      32 sdc 655 144 15070 56704 417979 22141266 212584744 142835380 153 866060 142930384
======================
   8      32 sdc 655 144 15070 56704 418673 22141266 212940072 142990400 131 867064 143073896
======================
   8      32 sdc 655 144 15070 56704 419299 22141266 213260584 143134260 145 868068 143217704
======================
   8      32 sdc 655 144 15070 56704 419833 22141266 213533992 143250624 155 869072 143363544
======================
   8      32 sdc 655 144 15070 56704 420636 22141266 213945128 143427248 138 870076 143509908
======================
   8      32 sdc 655 144 15070 56704 421309 22141266 214289704 143571272 137 871080 143653312
======================
   8      32 sdc 655 144 15070 56704 421959 22141266 214622504 143713524 130 872084 143796704
======================
   8      32 sdc 655 144 15070 56704 422451 22141266 214874408 143826592 147 873084 143940728
======================
   8      32 sdc 656 144 15078 56900 423154 22141266 215234344 143978996 133 874088 144073272
======================
   8      32 sdc 656 144 15078 56900 423894 22141266 215613224 144134660 129 875092 144216636
======================
   8      32 sdc 656 144 15078 56900 424402 22141266 215873320 144246584 133 876096 144357952
======================
   8      32 sdc 656 144 15078 56900 425179 22141266 216271144 144415048 140 877100 144497604
======================
   8      32 sdc 656 144 15078 56900 425820 22141266 216599336 144557856 139 878104 144640968
======================
   8      32 sdc 656 144 15078 56900 426462 22141266 216928040 144701320 137 879108 144784624
======================
   8      32 sdc 656 144 15078 56900 427103 22141266 217256232 144844684 136 880112 144928216
======================
   8      32 sdc 656 144 15078 56900 427618 22141266 217519912 144959828 133 881116 145069660
======================
   8      32 sdc 656 144 15078 56900 428342 22141266 217890600 145120212 145 882116 145212296
======================
   8      32 sdc 656 144 15078 56900 429061 22141266 218258728 145273020 130 883120 145355796
======================
   8      32 sdc 656 144 15078 56900 429608 22141266 218538792 145395148 155 884124 145497496
======================
   8      32 sdc 656 144 15078 56900 430307 22141266 218896680 145552580 132 885132 145640736
======================
   8      32 sdc 657 144 15086 57120 430959 22141266 219230504 145677180 128 886132 145764116
======================
   8      32 sdc 657 144 15086 57120 431660 22141266 219589416 145823744 131 887136 145907684
======================
   8      32 sdc 657 144 15086 57120 432220 22141266 219876136 145952292 147 888140 146051652
======================
   8      32 sdc 657 144 15086 57120 432923 22141266 220236072 146111960 154 889140 146194496
======================
   8      32 sdc 657 144 15086 57120 433586 22141266 220575528 146255440 131 890144 146338180
======================
   8      32 sdc 657 144 15086 57120 434255 22141266 220918056 146398032 134 891148 146481280
======================
   8      32 sdc 657 144 15086 57120 434895 22141266 221245736 146539912 134 892148 146623960
======================
   8      32 sdc 657 144 15086 57120 435518 22141266 221564712 146683280 151 893152 146767612
======================
   8      32 sdc 657 144 15086 57120 436091 22141266 221858088 146807956 154 894156 146912588
======================
   8      32 sdc 657 144 15086 57120 436825 22141266 222233896 146968324 139 895156 147056732
======================
   8      32 sdc 657 144 15086 57120 437498 22141266 222578472 147116416 138 896160 147200264
======================
   8      32 sdc 657 144 15086 57120 438147 22141266 222910760 147260424 129 897164 147343724
======================
   8      32 sdc 658 144 15094 57340 438791 22141266 223240488 147389764 129 898168 147472796
======================
   8      32 sdc 658 144 15094 57340 439446 22141266 223575848 147533040 146 899176 147617212
======================
   8      32 sdc 658 144 15094 57340 440075 22141266 223897896 147673908 157 900180 147761048
======================
   8      32 sdc 658 144 15094 57340 440730 22141266 224233256 147826292 149 901184 147910528
======================
   8      32 sdc 658 144 15094 57340 441269 22141266 224509224 147947012 154 902184 148055072
======================
   8      32 sdc 658 144 15094 57340 442041 22141266 224904488 148119868 155 903188 148202796
======================
   8      32 sdc 658 144 15094 57340 442610 22141266 225195816 148245788 130 904192 148344568
======================
   8      32 sdc 658 144 15094 57340 443330 22141266 225564968 148403696 146 905196 148487304
======================
   8      32 sdc 658 144 15094 57340 444007 22141266 225911080 148547328 141 906200 148630860
======================
   8      32 sdc 658 144 15094 57340 444591 22141266 226210088 148673952 133 907200 148772768
======================
   8      32 sdc 658 144 15094 57340 445196 22141266 226519848 148812092 136 908204 148915560
======================
   8      32 sdc 658 144 15094 57340 445937 22141266 226899240 148975492 131 909204 149058328
======================
   8      32 sdc 659 144 15102 57560 446584 22141266 227230504 149099588 132 910208 149182940
======================
   8      32 sdc 659 144 15102 57560 447260 22141266 227576616 149243288 128 911212 149326520
======================
   8      32 sdc 659 144 15102 57560 447924 22141266 227916584 149385092 136 912212 149469668
======================
   8      32 sdc 659 144 15102 57560 448547 22141266 228235560 149528444 153 913216 149613272
======================
   8      32 sdc 659 144 15102 57560 449199 22141266 228569384 149673444 141 914216 149757672
======================
   8      32 sdc 659 144 15102 57560 449860 22141266 228907816 149817132 152 915220 149901356
======================
   8      32 sdc 659 144 15102 57560 450502 22141266 229236520 149960568 150 916224 150044972
======================
   8      32 sdc 659 144 15102 57560 451159 22141266 229572904 150104872 133 917228 150188496
======================
   8      32 sdc 659 144 15102 57560 451742 22141266 229871400 150231016 158 918232 150333724
======================
   8      32 sdc 659 144 15102 57560 452468 22141266 230243112 150396632 137 919240 150481816
======================
   8      32 sdc 659 144 15102 57560 453111 22141266 230572328 150540460 134 920244 150625336
======================
   8      32 sdc 659 144 15102 57560 453746 22141266 230897448 150682176 42 921244 150759408
======================
   8      32 sdc 660 144 15110 57788 454378 22141266 231221032 150814332 149 922248 150898756
======================
   8      32 sdc 660 144 15110 57788 455042 22141266 231561000 150957916 157 923252 151042296
======================
   8      32 sdc 660 144 15110 57788 455678 22141266 231886632 151096892 129 924256 151185468
======================
   8      32 sdc 660 144 15110 57788 456290 22141266 232199976 151233276 157 925256 151327536
======================
   8      32 sdc 660 144 15110 57788 457007 22141266 232567080 151388680 144 926268 151472768
======================
   8      32 sdc 660 144 15110 57788 457646 22141266 232894248 151530832 145 927276 151616752
======================
   8      32 sdc 660 144 15110 57788 458271 22141266 233214248 151674804 128 928280 151760232
======================
   8      32 sdc 660 144 15110 57788 458820 22141266 233495336 151795256 155 929284 151905852
======================
   8      32 sdc 660 144 15110 57788 459614 22141266 233901864 151968288 155 930292 152052440
======================
   8      32 sdc 660 144 15110 57788 460290 22141266 234247976 152111604 151 931292 152195408
======================
   8      32 sdc 660 144 15110 57788 460878 22141266 234549032 152239424 139 932296 152338112
======================
   8      32 sdc 661 144 15118 58020 461543 22141266 234889512 152379676 147 933304 152462156
======================
   8      32 sdc 661 144 15118 58020 462199 22141266 235225384 152520588 131 934304 152604804
======================
   8      32 sdc 661 144 15118 58020 462870 22141266 235568936 152663744 132 935308 152747916
======================
   8      32 sdc 661 144 15118 58020 463448 22141266 235864872 152791252 130 936312 152889816
======================
   8      32 sdc 661 144 15118 58020 464149 22141266 236223784 152946172 133 937316 153030864
======================
   8      32 sdc 661 144 15118 58020 464811 22141266 236562728 153088744 143 938320 153174112
======================
   8      32 sdc 661 144 15118 58020 465452 22141266 236890920 153231216 142 939320 153316484
======================
   8      32 sdc 661 144 15118 58020 466092 22141266 237218600 153373820 142 940324 153459528
======================
   8      32 sdc 661 144 15118 58020 466735 22141266 237547816 153517084 139 941324 153602068
======================
   8      32 sdc 661 144 15118 58020 467382 22141266 237879080 153660476 132 942328 153744936
======================
   8      32 sdc 661 144 15118 58020 468046 22141266 238219048 153803228 140 943332 153888000
======================
   8      32 sdc 661 144 15118 58020 468693 22141266 238550312 153945340 133 944332 154030364
======================
   8      32 sdc 662 144 15126 58244 469313 22141266 238867752 154067548 128 945336 154152740
======================
   8      32 sdc 662 144 15126 58244 469924 22141266 239180584 154198448 157 946336 154296948
======================
   8      32 sdc 662 144 15126 58244 470650 22141266 239552296 154354940 135 947340 154441016
======================
   8      32 sdc 662 144 15126 58244 471274 22141266 239871784 154498424 151 948344 154584472
======================
   8      32 sdc 662 144 15126 58244 471908 22141266 240196392 154642932 157 949344 154727272
======================
   8      32 sdc 662 144 15126 58244 472578 22141266 240539432 154786372 145 950348 154870896
======================
   8      32 sdc 662 144 15126 58244 473252 22141266 240884520 154931084 157 951372 155016956
======================
   8      32 sdc 662 144 15126 58244 473903 22141266 241217832 155078932 146 952392 155164680
======================
   8      32 sdc 662 144 15126 58244 474530 22141266 241538856 155223108 153 953400 155308856
======================
   8      32 sdc 662 144 15126 58244 475209 22141266 241886504 155368676 152 954408 155453104
======================
   8      32 sdc 662 144 15126 58244 475877 22141266 242228520 155511620 156 955416 155597248
======================
   8      32 sdc 662 144 15126 58244 476521 22141266 242558248 155655628 152 956420 155740840
======================
   8      32 sdc 663 144 15134 58464 477039 22141266 242823464 155761892 145 957424 155871796
======================
   8      32 sdc 663 144 15134 58464 477815 22141266 243220776 155930128 146 958428 156015420
======================
   8      32 sdc 663 144 15134 58464 478362 22141266 243500840 156050100 143 959428 156158456
======================
   8      32 sdc 663 144 15134 58464 479106 22141266 243882280 156216336 135 960432 156301800
======================
   8      32 sdc 663 144 15134 58464 479669 22141266 244170024 156345660 148 961436 156445784
======================
   8      32 sdc 663 144 15134 58464 480358 22141266 244522792 156500116 153 962440 156591112
======================
   8      32 sdc 663 144 15134 58464 481050 22141266 244877096 156648980 133 963444 156734884
======================
   8      32 sdc 663 144 15134 58464 481691 22141266 245205288 156792372 132 964444 156877800
======================
   8      32 sdc 663 144 15134 58464 482341 22141266 245538088 156936268 154 965448 157021216
======================
   8      32 sdc 663 144 15134 58464 482879 22141266 245813544 157050588 128 966448 157161168
======================
   8      32 sdc 663 144 15134 58464 483663 22141266 246214952 157217348 144 967452 157303656
======================
   8      32 sdc 663 144 15134 58464 484287 22141266 246534440 157361120 128 968456 157447152
======================
   8      32 sdc 664 144 15142 58700 484926 22141266 246861608 157491984 131 969460 157576800
======================
   8      32 sdc 664 144 15142 58700 485517 22141266 247164200 157617156 148 970464 157721032
======================
   8      32 sdc 664 144 15142 58700 486272 22141266 247550760 157786340 153 971468 157867940
======================
   8      32 sdc 664 144 15142 58700 486865 22141266 247854376 157910832 136 972476 158011248
======================
   8      32 sdc 664 144 15142 58700 487557 22141266 248208680 158066484 145 973484 158151416
======================
   8      32 sdc 664 144 15142 58700 488235 22141266 248555816 158210340 139 974492 158295480
======================
   8      32 sdc 664 144 15142 58700 488892 22141266 248892200 158353012 154 975496 158438944
======================
   8      32 sdc 664 144 15142 58700 489465 22141266 249185576 158481112 157 976500 158583888
======================
   8      32 sdc 664 144 15142 58700 490194 22141266 249558824 158642328 132 977504 158727592
======================
   8      32 sdc 664 144 15142 58700 490752 22141266 249844520 158764012 150 978508 158872420
======================
   8      32 sdc 664 144 15142 58700 491494 22141266 250224424 158931224 159 979508 159016792
======================
   8      32 sdc 664 144 15142 58700 492121 22141266 250545448 159071088 35 980512 159148644
======================
   8      32 sdc 665 144 15150 58924 492758 22141266 250871592 159203304 144 981516 159289248
======================
   8      32 sdc 665 144 15150 58924 493409 22141266 251204904 159347596 133 982524 159433196
======================
   8      32 sdc 665 144 15150 58924 494074 22141266 251545384 159491088 140 983528 159576956
======================
   8      32 sdc 665 144 15150 58924 494709 22141266 251870504 159632808 145 984528 159719584
======================
   8      32 sdc 665 144 15150 58924 495370 22141266 252208936 159778004 156 985532 159862964
======================
   8      32 sdc 665 144 15150 58924 496040 22141266 252551976 159921444 158 986536 160006528
======================
   8      32 sdc 665 144 15150 58924 496671 22141266 252875048 160063412 135 987540 160150228
======================
   8      32 sdc 665 144 15150 58924 497294 22141266 253194024 160206724 152 988540 160293240
======================
   8      32 sdc 665 144 15150 58924 497945 22141266 253527336 160346116 141 989544 160436816
======================
   8      32 sdc 665 144 15150 58924 498646 22141266 253886248 160494468 144 990548 160580032
======================
   8      32 sdc 665 144 15150 58924 499261 22141266 254201128 160624964 137 991548 160722396
======================
   8      32 sdc 666 144 15158 59152 499928 22141266 254542632 160765948 141 992552 160851508
======================
   8      32 sdc 666 144 15158 59152 500424 22141266 254796584 160875736 157 993556 160997960
======================
   8      32 sdc 666 144 15158 59152 501223 22141266 255205672 161055592 158 994556 161140796
======================
   8      32 sdc 666 144 15158 59152 501897 22141266 255550760 161198740 156 995560 161284460
======================
   8      32 sdc 666 144 15158 59152 502523 22141266 255871272 161341668 138 996564 161428076
======================
   8      32 sdc 666 144 15158 59152 503186 22141266 256211240 161485100 147 997564 161571096
======================
   8      32 sdc 666 144 15158 59152 503783 22141266 256516392 161614432 158 998568 161715712
======================
   8      32 sdc 666 144 15158 59152 504486 22141266 256876328 161773644 141 999568 161859480
======================
   8      32 sdc 666 144 15158 59152 505127 22141266 257205032 161917080 158 1000572 162003152
======================
   8      32 sdc 666 144 15158 59152 505769 22141266 257533224 162060136 156 1001576 162146160
======================
   8      32 sdc 666 144 15158 59152 506385 22141266 257848616 162195100 148 1002580 162290220
======================
   8      32 sdc 666 144 15158 59152 507090 22141266 258209576 162347884 147 1003580 162433368
======================
   8      32 sdc 666 144 15158 59152 507483 22141266 258410792 162434712 33 1004584 162524432
======================
   8      32 sdc 666 144 15158 59152 507483 22141266 258410792 162434712 33 1005588 162557564
======================
   8      32 sdc 667 144 15166 60800 509015 22141266 259195176 162603888 154 1006588 162690624
======================
   8      32 sdc 667 144 15166 60800 509608 22141266 259498792 162731120 137 1007592 162833512
======================
   8      32 sdc 667 144 15166 60800 510296 22141266 259851048 162888892 153 1008596 162976748
======================
   8      32 sdc 667 144 15166 60800 510971 22141266 260196648 163032564 150 1009596 163119680
======================
   8      32 sdc 667 144 15166 60800 511647 22141266 260542760 163175800 146 1010600 163263076
======================
   8      32 sdc 667 144 15166 60800 512322 22141266 260888872 163318772 143 1011604 163406280
======================
   8      32 sdc 667 144 15166 60800 512949 22141266 261209384 163460928 156 1012604 163549192
======================
   8      32 sdc 667 144 15166 60800 513575 22141266 261529896 163604828 138 1013608 163690216
======================
   8      32 sdc 667 144 15166 60800 514248 22141266 261874472 163745224 137 1014612 163833512
======================
   8      32 sdc 667 144 15166 60800 514851 22141266 262183208 163875540 142 1015612 163976528
======================
   8      32 sdc 668 144 15174 60976 515525 22141266 262528296 164017700 136 1016616 164105952
======================
   8      32 sdc 668 144 15174 60976 516178 22141266 262862632 164161512 155 1017620 164249228
======================
   8      32 sdc 668 144 15174 60976 516842 22141266 263202600 164304788 131 1018620 164392184
======================
   8      32 sdc 668 144 15174 60976 517489 22141266 263533864 164447440 156 1019624 164535484
======================
   8      32 sdc 668 144 15174 60976 518115 22141266 263854376 164590832 138 1020628 164679116
======================
   8      32 sdc 668 144 15174 60976 518757 22141266 264183080 164732948 136 1021632 164821056
======================
   8      32 sdc 668 144 15174 60976 519419 22141266 264522024 164876572 146 1022632 164964192
======================
   8      32 sdc 668 144 15174 60976 520075 22141266 264857896 165019948 130 1023636 165107728
======================
   8      32 sdc 668 144 15174 60976 520717 22141266 265186600 165163448 128 1024640 165251220
======================
   8      32 sdc 668 144 15174 60976 521292 22141266 265481000 165292916 129 1025644 165393416
======================
   8      32 sdc 668 144 15174 60976 522037 22141266 265862440 165440100 139 1026648 165527724
======================
   8      32 sdc 668 144 15174 60976 522677 22141266 266190120 165582160 139 1027648 165670712
======================
   8      32 sdc 669 144 15182 61196 523285 22141266 266501416 165713148 138 1028652 165802100
======================
   8      32 sdc 669 144 15182 61196 523944 22141266 266838824 165857832 151 1029652 165945032
======================
   8      32 sdc 669 144 15182 61196 524613 22141266 267181352 166001076 154 1030656 166088812
======================
   8      32 sdc 669 144 15182 61196 525289 22141266 267527464 166144332 150 1031660 166232100
======================
   8      32 sdc 669 144 15182 61196 525899 22141266 267839784 166285904 148 1032660 166374824
======================
   8      32 sdc 669 144 15182 61196 526546 22141266 268171048 166430776 141 1033664 166518632
======================
   8      32 sdc 669 144 15182 61196 527218 22141266 268515112 166574080 141 1034664 166661616
======================
   8      32 sdc 669 144 15182 61196 527865 22141266 268846376 166716764 134 1035668 166805052
======================
   8      32 sdc 669 144 15182 61196 528467 22141266 269154600 166852072 140 1036672 166948808
======================
   8      32 sdc 669 144 15182 61196 529132 22141266 269495080 166997852 147 1037680 167092244
======================
   8      32 sdc 669 144 15182 61196 529822 22141266 269848360 167147684 129 1038684 167235612
======================
   8      32 sdc 669 144 15182 61196 530452 22141266 270170920 167288520 40 1039692 167369500
======================
   8      32 sdc 669 144 15182 61196 530452 22141266 270170920 167288520 40 1040708 167410140
======================
   8      32 sdc 670 144 15190 62860 531721 22141266 270820648 167417468 137 1041716 167507532
======================
   8      32 sdc 670 144 15190 62860 532391 22141266 271163688 167562620 139 1042728 167651800
======================
   8      32 sdc 670 144 15190 62860 533026 22141266 271488808 167706760 144 1043736 167796496
======================
   8      32 sdc 670 144 15190 62860 533674 22141266 271820584 167850376 136 1044740 167939536
======================
   8      32 sdc 670 144 15190 62860 534350 22141266 272166696 167993612 132 1045744 168082812
======================
   8      32 sdc 670 144 15190 62860 535003 22141266 272501032 168135264 151 1046748 168225836
======================
   8      32 sdc 670 144 15190 62860 535626 22141266 272820520 168278168 136 1047748 168368636
======================
   8      32 sdc 670 144 15190 62860 536207 22141266 273117480 168407256 131 1048752 168510432
======================
   8      32 sdc 670 144 15190 62860 536955 22141266 273500456 168564552 151 1049756 168654068
======================
   8      32 sdc 670 144 15190 62860 537625 22141266 273843496 168707336 153 1050760 168797144
======================
   8      32 sdc 670 144 15190 62860 538137 22141266 274105640 168815708 35 1051764 168905244
======================
   8      32 sdc 670 144 15190 62860 538137 22141266 274105640 168815708 35 1052764 168940244
======================
   8      32 sdc 671 144 15198 65144 538768 22141266 274428712 168907872 137 1053768 168986720
======================
   8      32 sdc 671 144 15198 65144 540157 22141266 275139880 169037148 156 1054768 169128744
======================
   8      32 sdc 671 144 15198 65144 540802 22141266 275470632 169179640 151 1055772 169272632
======================
   8      32 sdc 671 144 15198 65144 541456 22141266 275804968 169323240 137 1056776 169415956
======================
   8      32 sdc 671 144 15198 65144 542038 22141266 276102952 169453440 131 1057776 169557392
======================
   8      32 sdc 671 144 15198 65144 542761 22141266 276473128 169607392 144 1058780 169699900
======================
   8      32 sdc 671 144 15198 65144 543403 22141266 276801832 169750068 142 1059784 169843168
======================
   8      32 sdc 671 144 15198 65144 544044 22141266 277130024 169892916 141 1060784 169985776
======================
   8      32 sdc 671 144 15198 65144 544689 22141266 277460264 170036756 136 1061788 170129252
======================
   8      32 sdc 671 144 15198 65144 545314 22141266 277780264 170171664 151 1062792 170273020
======================
   8      32 sdc 672 144 15206 65320 545982 22141266 278122280 170310436 140 1063796 170403632
======================
   8      32 sdc 672 144 15206 65320 546624 22141266 278450984 170453400 138 1064796 170546264
======================
   8      32 sdc 672 144 15206 65320 547284 22141266 278788904 170597180 150 1065800 170689436
======================
   8      32 sdc 672 144 15206 65320 547954 22141266 279131944 170739804 152 1066800 170831724
======================
   8      32 sdc 672 144 15206 65320 548567 22141266 279445800 170881500 147 1067804 170974760
======================
   8      32 sdc 672 144 15206 65320 549101 22141266 279719208 170998376 157 1068808 171120384
======================
   8      32 sdc 672 144 15206 65320 549880 22141266 280118056 171176156 143 1069812 171270936
======================
   8      32 sdc 672 144 15206 65320 550583 22141266 280477992 171322040 144 1070816 171414432
======================
   8      32 sdc 672 144 15206 65320 551236 22141266 280812328 171464436 131 1071820 171557892
======================
   8      32 sdc 672 144 15206 65320 551860 22141266 281131816 171607688 147 1072820 171700944
======================
   8      32 sdc 672 144 15206 65320 552514 22141266 281466664 171752592 133 1073824 171844552
======================
   8      32 sdc 672 144 15206 65320 553143 22141266 281788712 171885716 144 1074828 171988056
======================
   8      32 sdc 673 144 15214 65524 553816 22141266 282133288 172024744 151 1075832 172117732
======================
   8      32 sdc 673 144 15214 65524 554452 22141266 282458920 172166888 155 1076836 172260764
======================
   8      32 sdc 673 144 15214 65524 555116 22141266 282798888 172311228 131 1077836 172403504
======================
   8      32 sdc 673 144 15214 65524 555763 22141266 283130152 172453616 156 1078840 172546588
======================
   8      32 sdc 673 144 15214 65524 556388 22141266 283450152 172596728 139 1079844 172690236
======================
   8      32 sdc 673 144 15214 65524 556903 22141266 283713832 172711904 136 1080844 172831820
======================
   8      32 sdc 673 144 15214 65524 557691 22141266 284117288 172879332 158 1081848 172972112
======================
   8      32 sdc 673 144 15214 65524 558352 22141266 284455720 173021996 137 1082852 173115412
======================
   8      32 sdc 673 144 15214 65524 558994 22141266 284784424 173165220 135 1083852 173258132
======================
   8      32 sdc 673 144 15214 65524 559569 22141266 285078824 173297360 136 1084856 173400704
======================
   8      32 sdc 673 144 15214 65524 560322 22141266 285464872 173450948 151 1085856 173542944
======================
   8      32 sdc 673 144 15214 65524 560964 22141266 285793064 173592592 149 1086860 173686372
======================
   8      32 sdc 674 144 15222 65756 561567 22141266 286101800 173716460 154 1087864 173810476
======================
   8      32 sdc 674 144 15222 65756 562224 22141266 286438184 173860924 137 1088864 173953420
======================
   8      32 sdc 674 144 15222 65756 562896 22141266 286782248 174003272 137 1089868 174096640
======================
   8      32 sdc 674 144 15222 65756 563536 22141266 287109928 174138364 137 1090872 174239076
======================
   8      32 sdc 674 144 15222 65756 564143 22141266 287420712 174276672 138 1091872 174381796
======================
   8      32 sdc 674 144 15222 65756 564834 22141266 287774504 174432436 151 1092876 174525212
======================
   8      32 sdc 674 144 15222 65756 565511 22141266 288121128 174576024 146 1093880 174668648
======================
   8      32 sdc 674 144 15222 65756 566167 22141266 288457000 174718904 130 1094884 174811920
======================
   8      32 sdc 674 144 15222 65756 566807 22141266 288784680 174862644 130 1095892 174955652
======================
   8      32 sdc 674 144 15222 65756 567468 22141266 289123112 175006380 141 1096900 175099456
======================
   8      32 sdc 674 144 15222 65756 568131 22141266 289462568 175150612 150 1097900 175242772
======================
   8      32 sdc 674 144 15222 65756 568665 22141266 289735976 175269068 128 1098904 175383848
======================
   8      32 sdc 674 144 15222 65756 569414 22141266 290119464 175426560 141 1099908 175520300
======================
   8      32 sdc 674 144 15222 65756 570055 22141266 290447656 175569788 140 1100908 175663236
======================
   8      32 sdc 674 144 15222 65756 570707 22141266 290781480 175713976 128 1101912 175806672
======================
   8      32 sdc 674 144 15222 65756 571357 22141266 291114280 175854460 150 1102916 175950176
======================
   8      32 sdc 674 144 15222 65756 571982 22141266 291434280 176000056 133 1103916 176093260
======================
   8      32 sdc 674 144 15222 65756 572646 22141266 291774248 176144600 141 1104920 176237560
======================
   8      32 sdc 674 144 15222 65756 573305 22141266 292111656 176288320 154 1105920 176380640
======================
   8      32 sdc 674 144 15222 65756 573837 22141266 292384040 176408532 134 1106924 176522840
======================
   8      32 sdc 674 144 15222 65756 574559 22141266 292753704 176570084 135 1107924 176662820
======================
   8      32 sdc 674 144 15222 65756 575228 22141266 293096232 176712464 138 1108932 176806828
======================
   8      32 sdc 674 144 15222 65756 575908 22141266 293444392 176858016 130 1109936 176950320
======================
   8      32 sdc 675 144 15230 66012 576564 22141672 293779480 176993088 152 1110940 177072696
======================
   8      32 sdc 675 144 15230 66012 577205 22141677 294107208 177123232 151 1111948 177217444
======================
   8      32 sdc 675 144 15230 66012 577716 22141677 294368840 177240556 152 1112952 177362628
======================
   8      32 sdc 675 144 15230 66012 578498 22141677 294769224 177415392 141 1113952 177508064
======================
   8      32 sdc 675 144 15230 66012 579112 22141677 295083592 177550440 251 1114956 177668380
======================
   8      32 sdc 675 144 15230 66012 579683 22141677 295375944 177669472 256 1115960 177918348
======================
   8      32 sdc 675 144 15230 66012 580460 22141677 295773768 177850432 229 1116960 178165700
======================
   8      32 sdc 675 144 15230 66012 581053 22141677 296077384 177987544 244 1117964 178407720
======================
   8      32 sdc 675 144 15230 66012 581743 22141677 296430664 178394940 162 1118964 178609456
======================
   8      32 sdc 675 144 15230 66012 582385 22141677 296759368 178560872 160 1119968 178779284
======================
   8      32 sdc 675 144 15230 66012 583026 22141677 297087560 178846252 138 1120968 178942560
======================
   8      32 sdc 675 144 15230 66012 583686 22141677 297425480 178993084 139 1121972 179086236
======================
   8      32 sdc 676 144 15238 66268 584336 22141696 297757424 179114788 151 1122976 179204348
======================
   8      32 sdc 676 144 15238 66268 584970 22141696 298082032 179256176 157 1123980 179347780
======================
   8      32 sdc 676 144 15238 66268 585539 22141696 298373360 179383304 132 1124984 179491744
======================
   8      32 sdc 676 144 15238 66268 586293 22141696 298759408 179542124 146 1125988 179635316
======================
   8      32 sdc 676 144 15238 66268 586954 22141696 299097840 179690440 157 1127036 179784952
======================
   8      32 sdc 676 144 15238 66268 587613 22141696 299435248 179837052 138 1128056 179930948
======================
   8      32 sdc 676 144 15238 66268 588289 22141696 299781360 179980796 134 1129060 180074724
======================
   8      32 sdc 676 144 15238 66268 588965 22141696 300127472 180124436 130 1130060 180217672
======================
   8      32 sdc 676 144 15238 66268 589626 22141696 300465904 180266504 141 1131064 180361400
======================
   8      32 sdc 676 144 15238 66268 590250 22141696 300785392 180409932 157 1132068 180504920
======================
   8      32 sdc 676 144 15238 66268 590889 22141696 301112560 180554608 158 1133068 180647972
======================
   8      32 sdc 676 144 15238 66268 591564 22141696 301458160 180697908 155 1134072 180791728
======================
   8      32 sdc 677 144 15246 66552 592200 22141715 301782936 180813396 129 1135076 180908188
======================
   8      32 sdc 677 144 15246 66552 592842 22141715 302111640 180959124 147 1136076 181053248
======================
   8      32 sdc 677 144 15246 66552 593502 22141715 302449560 181103036 139 1137084 181197468
======================
   8      32 sdc 677 144 15246 66552 594167 22141715 302790040 181246728 146 1138088 181341292
======================
   8      32 sdc 677 144 15246 66552 594797 22141715 303112600 181389376 156 1139088 181483940
======================
   8      32 sdc 677 144 15246 66552 595438 22141715 303440792 181532768 155 1140092 181627704
======================
   8      32 sdc 677 144 15246 66552 596084 22141715 303771544 181676856 149 1141092 181770920
======================
   8      32 sdc 677 144 15246 66552 596748 22141715 304111512 181820316 157 1142096 181914364
======================
   8      32 sdc 677 144 15246 66552 597380 22141715 304435096 181963308 133 1143100 182058272
======================
   8      32 sdc 677 144 15246 66552 598025 22141715 304765336 182107456 128 1144100 182201196
======================
   8      32 sdc 677 144 15246 66552 598695 22141715 305108376 182251044 130 1145104 182344884
======================
   8      32 sdc 677 144 15246 66552 599347 22141715 305442200 182393276 150 1146108 182488584
======================
   8      32 sdc 678 144 15254 66824 599946 22142141 305748040 182511984 127 1147108 182606116
======================
   8      32 sdc 678 144 15254 66824 600083 22142160 305800904 182540872 0 1147312 182619776
======================
   8      32 sdc 678 144 15254 66824 600083 22142160 305800904 182540872 0 1147312 182619776
======================
   8      32 sdc 678 144 15254 66824 600083 22142160 305800904 182540872 0 1147312 182619776
======================
   8      32 sdc 678 144 15254 66824 600083 22142160 305800904 182540872 0 1147312 182619776
======================
   8      32 sdc 678 144 15254 66824 600083 22142160 305800904 182540872 0 1147312 182619776
======================
   8      32 sdc 914 144 17136 74700 600100 22142160 305800968 182540872 1 1147604 182627876
======================
   8      32 sdc 916 144 17152 75248 600102 22142160 305800976 182540872 0 1147928 182628200
======================
   8      32 sdc 916 144 17152 75248 600102 22142160 305800976 182540872 0 1147928 182628200
started
======================
   8      32 sdc 916 144 17152 75248 600102 22142160 305800976 182540872 0 1147928 182628200
======================
   8      32 sdc 2062 144 308744 76848 600102 22142160 305800976 182540872 2 1148804 182629808
======================
   8      32 sdc 3314 144 629000 78724 600102 22142160 305800976 182540872 2 1149820 182631684
======================
   8      32 sdc 4589 144 955400 80596 600102 22142160 305800976 182540872 1 1150828 182633552
======================
   8      32 sdc 5952 144 1304072 82424 600102 22142160 305800976 182540872 2 1151840 182635380
======================
   8      32 sdc 7246 144 1635080 84284 600102 22142160 305800976 182540872 2 1152844 182637240
======================
   8      32 sdc 8532 144 1964296 86108 600102 22142160 305800976 182540872 2 1153848 182639096
======================
   8      32 sdc 9840 145 2299144 87924 600105 22142162 305801016 182541024 2 1154852 182641036
======================
   8      32 sdc 11169 145 2639368 89756 600105 22142162 305801016 182541024 1 1155856 182642868
======================
   8      32 sdc 12450 145 2967304 91572 600105 22142162 305801016 182541024 2 1156856 182644676
======================
   8      32 sdc 13733 145 3295752 93404 600105 22142162 305801016 182541024 2 1157860 182646504
======================
   8      32 sdc 15005 145 3621384 95256 600105 22142162 305801016 182541024 1 1158860 182648352
======================
   8      32 sdc 16244 145 3938312 97124 600105 22142162 305801016 182541024 2 1159864 182650220
======================
   8      32 sdc 17556 145 4274184 98976 600105 22142162 305801016 182541024 1 1160868 182652072
======================
   8      32 sdc 18838 145 4602376 100772 600105 22142162 305801016 182541024 2 1161872 182653872
======================
   8      32 sdc 20161 145 4941064 102612 600105 22142162 305801016 182541024 2 1162872 182655704
======================
   8      32 sdc 21512 145 5286920 104464 600105 22142162 305801016 182541024 2 1163876 182657556
======================
   8      32 sdc 22771 145 5609224 106276 600105 22142162 305801016 182541024 2 1164876 182659368
======================
   8      32 sdc 24008 145 5925896 108120 600105 22142162 305801016 182541024 2 1165880 182661208
======================
   8      32 sdc 25352 145 6269704 109932 600105 22142162 305801016 182541024 2 1166884 182663028
======================
   8      32 sdc 26684 145 6610440 111760 600105 22142162 305801016 182541024 2 1167884 182664844
======================
   8      32 sdc 28037 145 6956808 113612 600105 22142162 305801016 182541024 2 1168888 182666692
======================
   8      32 sdc 29315 145 7283976 115436 600105 22142162 305801016 182541024 2 1169896 182668520
======================
   8      32 sdc 30564 145 7603720 117272 600105 22142162 305801016 182541024 2 1170900 182670352
======================
   8      32 sdc 31906 145 7947016 119116 600105 22142162 305801016 182541024 2 1171904 182672192
======================
   8      32 sdc 33195 145 8277000 120960 600105 22142162 305801016 182541024 2 1172908 182674036
======================
   8      32 sdc 34474 145 8604424 122824 600105 22142162 305801016 182541024 2 1173912 182675904
======================
   8      32 sdc 35791 145 8941576 124648 600105 22142162 305801016 182541024 1 1174912 182677720
======================
   8      32 sdc 37103 145 9277448 126476 600105 22142162 305801016 182541024 1 1175916 182679544
======================
   8      32 sdc 38385 145 9605640 128324 600105 22142162 305801016 182541024 2 1176920 182681396
======================
   8      32 sdc 39668 145 9934088 130168 600105 22142162 305801016 182541024 2 1177920 182683236
======================
   8      32 sdc 40950 145 10262280 132028 600105 22142162 305801016 182541024 2 1178924 182685096
======================
   8      32 sdc 42267 145 10599432 133876 600105 22142162 305801016 182541024 1 1179924 182686944
======================
   8      32 sdc 43585 145 10936840 135720 600105 22142162 305801016 182541024 2 1180928 182688788
======================
   8      32 sdc 44858 145 11262728 137568 600105 22142162 305801016 182541024 2 1181932 182690632
======================
   8      32 sdc 46155 145 11594760 139416 600105 22142162 305801016 182541024 1 1182936 182692480
======================
   8      32 sdc 47468 145 11930632 141264 600105 22142162 305801016 182541024 2 1183940 182694332
======================
   8      32 sdc 48717 145 12250376 143128 600105 22142162 305801016 182541024 2 1184944 182696200
======================
   8      32 sdc 50009 145 12581128 144988 600105 22142162 305801016 182541024 2 1185944 182698052
======================
   8      32 sdc 51364 145 12928008 146848 600105 22142162 305801016 182541024 1 1186952 182699912
======================
   8      32 sdc 52706 145 13271560 148704 600105 22142162 305801016 182541024 1 1187956 182701768
======================
   8      32 sdc 54040 145 13613064 150536 600107 22142162 305801032 182541024 2 1188960 182703600
======================
   8      32 sdc 55288 145 13932552 152348 600107 22142162 305801032 182541024 2 1189964 182705412
======================
   8      32 sdc 56566 145 14259720 154204 600107 22142162 305801032 182541024 2 1190972 182707268
======================
   8      32 sdc 57922 145 14606856 155996 600107 22142162 305801032 182541024 1 1191980 182709064
======================
   8      32 sdc 59238 145 14943752 157848 600107 22142162 305801032 182541024 2 1192980 182710912
======================
   8      32 sdc 60525 145 15273224 159704 600107 22142162 305801032 182541024 2 1193988 182712772
======================
   8      32 sdc 61773 145 15592712 161564 600107 22142162 305801032 182541024 2 1194988 182714628
======================
   8      32 sdc 63053 145 15920136 163416 600107 22142162 305801032 182541024 2 1195992 182716480
======================
   8      32 sdc 64336 145 16248584 165276 600107 22142162 305801032 182541024 1 1196996 182718344
======================
   8      32 sdc 65619 145 16577032 167124 600107 22142162 305801032 182541024 2 1197996 182720188
======================
   8      32 sdc 66906 145 16906504 168952 600107 22142162 305801032 182541024 2 1199000 182722012
======================
   8      32 sdc 68236 145 17246984 170776 600107 22142162 305801032 182541024 2 1200004 182723836
======================
   8      32 sdc 69550 145 17583368 172620 600107 22142162 305801032 182541024 2 1201008 182725668
======================
   8      32 sdc 70826 145 17910024 174476 600107 22142162 305801032 182541024 2 1202012 182727524
======================
   8      32 sdc 72136 145 18245384 176304 600107 22142162 305801032 182541024 2 1203016 182729360
======================
   8      32 sdc 73490 145 18592008 178156 600107 22142162 305801032 182541024 2 1204020 182731204
======================
   8      32 sdc 74751 145 18914824 180008 600107 22142162 305801032 182541024 2 1205024 182733056
======================
   8      32 sdc 76041 145 19245064 181884 600107 22142162 305801032 182541024 1 1206028 182734928
======================
   8      32 sdc 77384 145 19588616 183708 600107 22142162 305801032 182541024 2 1207032 182736752
======================
   8      32 sdc 78741 145 19936008 185524 600107 22142162 305801032 182541024 2 1208036 182738568
======================
   8      32 sdc 79843 145 20218120 187152 600107 22142162 305801032 182541024 0 1208920 182740196
======================
   8      32 sdc 79843 145 20218120 187152 600107 22142162 305801032 182541024 0 1208920 182740196
