======================
   8      16 sdb 1304676 9 330469362 679812 3317946 4035129 1695561704 219491804 0 2037028 220162156
======================
   8      16 sdb 1304676 9 330469362 679812 3317946 4035129 1695561704 219491804 0 2037028 220162156
======================
   8      16 sdb 1304682 9 330469410 679832 3318503 4035188 1695843328 219497636 159 2037212 220185712
======================
   8      16 sdb 1304688 9 330469458 680180 3321689 4035188 1697474560 219668384 135 2038512 220343752
======================
   8      16 sdb 1304689 9 330469466 680236 3322135 4035188 1697702656 219716056 0 2038892 220386824
======================
   8      16 sdb 1304689 9 330469466 680236 3322135 4035188 1697702656 219716056 0 2038892 220386824
======================
   8      16 sdb 1304689 9 330469466 680236 3322135 4035188 1697702656 219716056 0 2038892 220386824
======================
   8      16 sdb 1304689 9 330469466 680236 3322149 4035218 1697703000 219716100 0 2038896 220386868
======================
   8      16 sdb 1304689 9 330469466 680236 3322149 4035218 1697703000 219716100 0 2038896 220386868
started
======================
   8      16 sdb 1304691 9 330469482 680236 3322149 4035218 1697703000 219716100 0 2038896 220386868
======================
   8      16 sdb 1304692 9 330469490 680240 3322149 4035218 1697703000 219716100 0 2038900 220386872
======================
   8      16 sdb 1304692 9 330469490 680240 3322149 4035218 1697703000 219716100 0 2038900 220386872
======================
   8      16 sdb 1304692 9 330469490 680240 3322149 4035218 1697703000 219716100 0 2038900 220386872
======================
   8      16 sdb 1304692 9 330469490 680240 3322149 4035218 1697703000 219716100 0 2038900 220386872
======================
   8      16 sdb 1304692 9 330469490 680240 3322149 4035218 1697703000 219716100 0 2038900 220386872
======================
   8      16 sdb 1304692 9 330469490 680240 3322151 4035219 1697703024 219716100 0 2038900 220386872
======================
   8      16 sdb 1304692 9 330469490 680240 3324103 4035219 1698702448 219732012 0 2039048 220402768
======================
   8      16 sdb 1304692 9 330469490 680240 3326888 4035219 1700128368 219864072 148 2040036 220540304
======================
   8      16 sdb 1304692 9 330469490 680240 3328787 4035219 1701100656 220006128 137 2041036 220681980
======================
   8      16 sdb 1304692 9 330469490 680240 3330709 4035219 1702084720 220148180 135 2042040 220824076
======================
   8      16 sdb 1304692 9 330469490 680240 3332629 4035220 1703066760 220290500 137 2043044 220966688
======================
   8      16 sdb 1304692 9 330469490 680240 3334553 4035220 1704051848 220432508 133 2044048 221108732
======================
   8      16 sdb 1304692 9 330469490 680240 3336475 4035220 1705036424 220574324 131 2045048 221250076
======================
   8      16 sdb 1304692 9 330469490 680240 3338394 4035220 1706018440 220672296 149 2045788 221348204
======================
   8      16 sdb 1304692 9 330469490 680240 3340288 4035220 1706988168 220814180 143 2046792 221490352
======================
   8      16 sdb 1304692 9 330469490 680240 3342189 4035221 1707960480 220956520 132 2047792 221632376
======================
   8      16 sdb 1304692 9 330469490 680240 3344112 4035221 1708945056 221102708 153 2048796 221776768
======================
   8      16 sdb 1304692 9 330469490 680240 3346030 4035221 1709927072 221243164 155 2049800 221919272
======================
   8      16 sdb 1304692 9 330469490 680240 3347953 4035221 1710911648 221385460 152 2050800 222061164
======================
   8      16 sdb 1304692 9 330469490 680240 3349873 4035221 1711894688 221527764 152 2051804 222203652
======================
   8      16 sdb 1304692 9 330469490 680240 3351799 4035222 1712879800 221670128 148 2052808 222346264
======================
   8      16 sdb 1304692 9 330469490 680240 3353704 4035222 1713855160 221814708 131 2053812 222488660
======================
   8      16 sdb 1304692 9 330469490 680240 3355609 4035222 1714830520 221955144 146 2054816 222630800
======================
   8      16 sdb 1304692 9 330469490 680240 3357511 4035222 1715804344 222097240 132 2055820 222772928
======================
   8      16 sdb 1304692 9 330469490 680240 3359435 4035222 1716789432 222239644 128 2056824 222915380
======================
   8      16 sdb 1304692 9 330469490 680240 3361359 4035223 1717773520 222381964 144 2057828 223057764
======================
   8      16 sdb 1304692 9 330469490 680240 3363278 4035223 1718756048 222524720 128 2058832 223200264
======================
   8      16 sdb 1304692 9 330469490 680240 3365202 4035223 1719741136 222666676 156 2059836 223342704
======================
   8      16 sdb 1304692 9 330469490 680240 3367124 4035223 1720725200 222808880 153 2060840 223484980
======================
   8      16 sdb 1304692 9 330469490 680240 3369037 4035223 1721704656 222951708 128 2061848 223627352
======================
   8      16 sdb 1304692 9 330469490 680240 3370937 4035224 1722676456 223094252 150 2062852 223769880
======================
   8      16 sdb 1304692 9 330469490 680240 3372866 4035224 1723664104 223236588 141 2063860 223912612
======================
   8      16 sdb 1304692 9 330469490 680240 3374792 4035224 1724650728 223377176 142 2064864 224052988
======================
   8      16 sdb 1304692 9 330469490 680240 3376715 4035224 1725634792 223519652 139 2065868 224195228
======================
   8      16 sdb 1304692 9 330469490 680240 3378640 4035224 1726620904 223662076 134 2066876 224338204
======================
   8      16 sdb 1304692 9 330469490 680240 3380568 4035225 1727606528 223804304 128 2067880 224480104
======================
   8      16 sdb 1304692 9 330469490 680240 3382464 4035225 1728577280 223945912 152 2068880 224621412
======================
   8      16 sdb 1304692 9 330469490 680240 3384361 4035225 1729548544 224087376 143 2069884 224763384
======================
   8      16 sdb 1304692 9 330469490 680240 3386282 4035225 1730532608 224229680 142 2070884 224905236
======================
   8      16 sdb 1304692 9 330469490 680240 3388205 4035225 1731516672 224371336 139 2071888 225046940
======================
   8      16 sdb 1304692 9 330469490 680240 3390124 4035226 1732498200 224513124 142 2072892 225189012
======================
   8      16 sdb 1304692 9 330469490 680240 3392051 4035226 1733484824 224655496 135 2073896 225331144
======================
   8      16 sdb 1304692 9 330469490 680240 3393972 4035226 1734468376 224797500 134 2074900 225473424
======================
   8      16 sdb 1304692 9 330469490 680240 3395861 4035226 1735435544 224937220 133 2075900 225614788
======================
   8      16 sdb 1304692 9 330469490 680240 3397789 4035226 1736422680 225081140 157 2076904 225756848
======================
   8      16 sdb 1304692 9 330469490 680240 3399694 4035227 1737397040 225224436 143 2077908 225899988
======================
   8      16 sdb 1304692 9 330469490 680240 3401615 4035227 1738380592 225366460 142 2078912 226042352
======================
   8      16 sdb 1304692 9 330469490 680240 3403531 4035227 1739361584 225508192 146 2079912 226183768
======================
   8      16 sdb 1304692 9 330469490 680240 3405454 4035227 1740346160 225649772 143 2080916 226325440
======================
   8      16 sdb 1304692 9 330469490 680240 3407372 4035227 1741328176 225791540 145 2081916 226466904
======================
   8      16 sdb 1304692 9 330469490 680240 3409296 4035228 1742312264 225933624 143 2082924 226609456
======================
   8      16 sdb 1304692 9 330469490 680240 3411197 4035228 1743285576 226075684 130 2083928 226751468
======================
   8      16 sdb 1304692 9 330469490 680240 3413096 4035228 1744258376 226217368 151 2084928 226892796
======================
   8      16 sdb 1304692 9 330469490 680240 3415017 4035228 1745241416 226359192 150 2085932 227034636
======================
   8      16 sdb 1304692 9 330469490 680240 3416942 4035228 1746227016 226499880 145 2086936 227175108
======================
   8      16 sdb 1304692 9 330469490 680240 3418871 4035229 1747213664 226642120 138 2087944 227317856
======================
   8      16 sdb 1304692 9 330469490 680240 3420793 4035229 1748197728 226784172 136 2088944 227459576
======================
   8      16 sdb 1304692 9 330469490 680240 3422711 4035229 1749179744 226926252 138 2089948 227601740
======================
   8      16 sdb 1304692 9 330469490 680240 3424614 4035229 1750154080 227068256 149 2090952 227743812
======================
   8      16 sdb 1304692 9 330469490 680240 3426515 4035229 1751127392 227210488 142 2091956 227886180
======================
   8      16 sdb 1304692 9 330469490 680240 3428441 4035230 1752112504 227352892 138 2092960 228028528
