======================
   8      32 sdc 710892 9416 187644258 15889404 6777168 177627863 3452799680 1910941008 2 13281128 1927509756
======================
   8      32 sdc 712236 9416 187980898 15891280 6777168 177627863 3452799680 1910941008 2 13282128 1927511628
======================
   8      32 sdc 713567 9417 188306482 15893192 6777168 177627863 3452799680 1910941008 2 13283132 1927513540
======================
   8      32 sdc 714927 9417 188638450 15895124 6777168 177627863 3452799680 1910941008 2 13284136 1927515476
======================
   8      32 sdc 715833 9436 188862346 15896732 6777833 177627863 3453140160 1911043416 134 13285136 1927642892
======================
   8      32 sdc 716042 9448 188916818 15898324 6778435 177627879 3453447504 1911187036 144 13286140 1927787644
======================
   8      32 sdc 716368 9461 188999002 15899668 6778888 177627882 3453674424 1911337200 137 13287144 1927929852
======================
   8      32 sdc 716516 9467 189036906 15900260 6779087 177627882 3453776312 1911388328 161 13288148 1928084800
======================
   8      32 sdc 716518 9468 189037418 15903024 6779119 177627882 3453792696 1911440100 160 13289152 1928245932
======================
   8      32 sdc 716566 9474 189050922 15904620 6779321 177627882 3453896120 1911779884 150 13290156 1928400388
======================
   8      32 sdc 716672 9483 189078514 15906216 6779714 177627891 3454096904 1911934536 156 13291156 1928546476
======================
   8      32 sdc 716984 9494 189159290 15907592 6780092 177627891 3454290440 1912081492 130 13292164 1928692320
======================
   8      32 sdc 717354 9509 189255234 15909172 6780609 177627891 3454555144 1912230676 158 13293188 1928843840
======================
   8      32 sdc 717651 9526 189331530 15910668 6781285 177627891 3454901256 1912387348 153 13294208 1928994372
======================
   8      32 sdc 718024 9540 189428178 15912160 6781849 177627891 3455190024 1912529488 134 13295216 1929138040
======================
   8      32 sdc 718395 9555 189523546 15913616 6782467 177627891 3455506440 1912671908 156 13296220 1929284268
======================
   8      32 sdc 718748 9568 189613410 15914992 6782899 177627891 3455727624 1912808064 140 13297224 1929430448
======================
   8      32 sdc 718977 9579 189671914 15916276 6783345 177627891 3455955976 1912957732 141 13298228 1929581268
======================
   8      32 sdc 719223 9586 189734386 15917468 6783648 177627891 3456111112 1913085212 158 13299232 1929736064
======================
   8      32 sdc 719432 9595 189788530 15918884 6783960 177627891 3456270856 1913254760 135 13300236 1929887376
======================
   8      32 sdc 719695 9605 189854010 15920372 6784324 177627891 3456457224 1913402552 154 13301236 1930030364
======================
   8      32 sdc 719907 9616 189909514 15921884 6784684 177627891 3456641544 1913547192 146 13302240 1930175500
======================
   8      32 sdc 720168 9624 189976074 15923268 6785020 177627891 3456813576 1913677080 145 13303244 1930320948
======================
   8      32 sdc 720372 9635 190027666 15924804 6785410 177627891 3457013256 1913835412 156 13304244 1930461824
======================
   8      32 sdc 720640 9644 190097242 15926112 6785773 177627891 3457199112 1913980300 145 13305248 1930604576
======================
   8      32 sdc 720862 9654 190152162 15927576 6786144 177627891 3457389064 1914115964 158 13306252 1930745472
======================
   8      32 sdc 721146 9663 190223842 15928856 6786485 177627891 3457563656 1914255824 137 13307252 1930893220
======================
   8      32 sdc 721388 9673 190286826 15930300 6786854 177627891 3457752584 1914405004 152 13308256 1931038836
======================
   8      32 sdc 721682 9682 190361266 15931692 6787167 177627891 3457912840 1914537676 160 13309256 1931185948
======================
   8      32 sdc 722009 9692 190444978 15932940 6787519 177627891 3458093064 1914694976 159 13310260 1931340232
======================
   8      32 sdc 722217 9701 190498746 15934544 6787856 177627891 3458265608 1914837296 143 13311264 1931490072
======================
   8      32 sdc 722427 9710 190551810 15935752 6788166 177627891 3458424328 1914971600 152 13312264 1931636284
======================
   8      32 sdc 722698 9722 190620290 15937416 6788600 177627891 3458646536 1915138380 134 13313268 1931783028
======================
   8      32 sdc 722868 9732 190664522 15938748 6788954 177627891 3458827784 1915278680 133 13314272 1931926780
======================
   8      32 sdc 723140 9742 190734354 15940460 6789298 177627891 3459003912 1915413064 140 13315280 1932071888
======================
   8      32 sdc 723428 9751 190806746 15941832 6789648 177627891 3459183112 1915562472 143 13316288 1932221220
======================
   8      32 sdc 723674 9759 190868058 15942932 6789968 177627891 3459346952 1915697888 142 13317288 1932368332
======================
   8      32 sdc 723911 9767 190927714 15944336 6790272 177627891 3459502600 1915826024 159 13318292 1932518680
======================
   8      32 sdc 724168 9777 190993954 15945724 6790639 177627891 3459690504 1916011628 145 13319292 1932669948
======================
   8      32 sdc 724411 9787 191056874 15947120 6791023 177627891 3459887112 1916166748 143 13320296 1932824288
======================
   8      32 sdc 724722 9797 191136626 15948532 6791361 177627891 3460060168 1916311176 157 13321300 1932971352
======================
   8      32 sdc 725005 9806 191208378 15949928 6791652 177627891 3460209160 1916434840 154 13322304 1933120960
======================
   8      32 sdc 725319 9816 191287802 15951184 6792052 177627891 3460413960 1916601608 138 13323304 1933268692
======================
   8      32 sdc 725549 9826 191345418 15952760 6792421 177627891 3460602888 1916748660 153 13324308 1933410920
======================
   8      32 sdc 725714 9836 191387538 15954324 6792784 177627891 3460788744 1916884520 142 13325312 1933555212
======================
   8      32 sdc 725985 9846 191456466 15955752 6793152 177627891 3460977160 1917031292 158 13326312 1933706976
======================
   8      32 sdc 726287 9856 191532122 15957192 6793485 177627891 3461147656 1917187512 145 13327316 1933858316
======================
   8      32 sdc 726535 9864 191594274 15958564 6793821 177627891 3461319688 1917314732 129 13328320 1933994880
======================
   8      32 sdc 726898 9875 191686562 15959976 6794205 177627891 3461516296 1917465704 130 13329320 1934131584
======================
   8      32 sdc 727055 9885 191726954 15961620 6794586 177627891 3461711368 1917600428 133 13330324 1934271136
======================
   8      32 sdc 727224 9895 191770674 15963032 6794932 177627891 3461888520 1917731572 138 13331328 1934415844
======================
   8      32 sdc 727486 9906 191837658 15964652 6795314 177627891 3462084104 1917887244 141 13332332 1934558396
======================
   8      32 sdc 727709 9916 191895674 15966036 6795698 177627891 3462280712 1918034344 140 13333332 1934707280
======================
   8      32 sdc 727897 9924 191944130 15967324 6796000 177627891 3462435336 1918166468 158 13334336 1934855120
======================
   8      32 sdc 728105 9936 191996618 15968904 6796416 177627891 3462648328 1918330360 158 13335340 1935004612
======================
   8      32 sdc 728339 9946 192056842 15970276 6796774 177627891 3462831624 1918475324 153 13336340 1935154496
======================
   8      32 sdc 728623 9955 192129298 15971636 6797094 177627891 3462995464 1918615844 153 13337344 1935303380
======================
   8      32 sdc 728859 9965 192189786 15973036 6797463 177627891 3463184392 1918756100 135 13338348 1935448924
======================
   8      32 sdc 729104 9974 192252634 15974408 6797772 177627891 3463342600 1918883148 145 13339352 1935590916
======================
   8      32 sdc 729400 9985 192327330 15975840 6798156 177627891 3463539208 1919039572 147 13340352 1935736944
======================
   8      32 sdc 729716 9994 192407274 15977276 6798504 177627891 3463717384 1919176560 151 13341356 1935879864
======================
   8      32 sdc 729969 10003 192471218 15978636 6798863 177627891 3463901192 1919330672 144 13342360 1936020892
======================
   8      32 sdc 730261 10011 192545874 15979904 6799231 177627891 3464089608 1919476004 159 13343360 1936171792
======================
   8      32 sdc 730550 10020 192619194 15981256 6799567 177627891 3464261640 1919620300 144 13344364 1936321924
======================
   8      32 sdc 730774 10030 192676298 15982720 6799927 177627891 3464445960 1919768360 135 13345368 1936468320
======================
   8      32 sdc 731042 10039 192744458 15983808 6800236 177627891 3464604168 1919893276 147 13346372 1936612704
======================
   8      32 sdc 731246 10048 192797138 15985564 6800666 177627891 3464824328 1920054632 132 13347376 1936750092
======================
   8      32 sdc 731491 10057 192858330 15987140 6800997 177627891 3464993800 1920195756 153 13348380 1936901868
======================
   8      32 sdc 731755 10066 192925530 15988384 6801333 177627891 3465165832 1920339564 137 13349380 1937047016
======================
   8      32 sdc 732103 10076 193014498 15989728 6801687 177627891 3465347080 1920487952 135 13350384 1937190344
======================
   8      32 sdc 732374 10085 193084138 15991052 6802040 177627891 3465527816 1920634984 134 13351388 1937334988
======================
   8      32 sdc 732695 10094 193166634 15992240 6802360 177627891 3465691656 1920770044 134 13352392 1937476456
======================
   8      32 sdc 733009 10104 193246258 15993744 6802713 177627891 3465872392 1920920768 134 13353396 1937621036
======================
   8      32 sdc 733256 10113 193308538 15995136 6803015 177627891 3466027016 1921043476 152 13354400 1937763008
======================
   8      32 sdc 733580 10123 193391418 15996476 6803383 177627891 3466215432 1921193032 135 13355404 1937906528
======================
   8      32 sdc 733883 10133 193467906 15997868 6803734 177627891 3466395144 1921336892 136 13356408 1938049968
======================
   8      32 sdc 734096 10143 193522698 15999424 6804087 177627891 3466575880 1921476120 136 13357408 1938192660
======================
   8      32 sdc 734252 10153 193563218 16000976 6804504 177627891 3466789384 1921621576 135 13358432 1938332828
======================
   8      32 sdc 734431 10163 193610002 16002512 6804877 177627891 3466980360 1921752064 145 13359436 1938475016
======================
   8      32 sdc 734670 10173 193670682 16003856 6805245 177627891 3467168776 1921895360 129 13360436 1938613160
======================
   8      32 sdc 734853 10183 193717282 16005564 6805642 177627891 3467372040 1922042748 150 13361444 1938757244
======================
   8      32 sdc 735083 10192 193776674 16006864 6805967 177627891 3467538440 1922171512 144 13362456 1938898004
======================
   8      32 sdc 735351 10202 193845866 16008428 6806335 177627891 3467726856 1922328128 160 13363468 1939048748
======================
   8      32 sdc 735522 10212 193890738 16009976 6806715 177627891 3467921416 1922475916 131 13364472 1939193340
======================
   8      32 sdc 735808 10222 193964346 16011300 6807072 177627891 3468104200 1922607028 158 13365476 1939334820
======================
   8      32 sdc 736026 10231 194018810 16012432 6807408 177627891 3468276232 1922742684 142 13366480 1939486488
======================
   8      32 sdc 736320 10240 194093450 16013944 6807786 177627891 3468469768 1922900744 149 13367480 1939633900
======================
   8      32 sdc 736520 10248 194144978 16015272 6808117 177627891 3468639240 1923037372 138 13368484 1939774984
======================
   8      32 sdc 736809 10256 194216274 16016572 6808453 177627891 3468811272 1923172228 153 13369488 1939919440
======================
   8      32 sdc 737083 10266 194284442 16018044 6808848 177627891 3469013512 1923329156 142 13370488 1940063636
======================
   8      32 sdc 737296 10275 194339618 16019392 6809180 177627891 3469183496 1923467516 130 13371492 1940210844
======================
   8      32 sdc 737560 10285 194406882 16020740 6809548 177627891 3469371912 1923613176 148 13372496 1940349412
======================
   8      32 sdc 737730 10295 194451178 16022328 6809932 177627891 3469568520 1923756584 146 13373500 1940489888
======================
   8      32 sdc 738014 10303 194522866 16023720 6810189 177627891 3469700104 1923871656 146 13374504 1940636136
======================
   8      32 sdc 738250 10314 194581690 16025252 6810584 177627891 3469902344 1924038948 134 13375504 1940783400
======================
   8      32 sdc 738547 10323 194655354 16026608 6810936 177627891 3470082568 1924185532 134 13376508 1940924772
======================
   8      32 sdc 738775 10331 194712130 16028016 6811276 177627891 3470256648 1924318856 161 13377512 1941071432
======================
   8      32 sdc 739073 10342 194786058 16029448 6811627 177627891 3470436360 1924474912 131 13378516 1941219948
======================
   8      32 sdc 739295 10350 194842058 16030868 6811992 177627891 3470623240 1924609224 148 13379532 1941362848
======================
   8      32 sdc 739545 10360 194905682 16032184 6812347 177627891 3470805000 1924752168 131 13380536 1941503308
======================
   8      32 sdc 739869 10371 194987418 16033660 6812737 177627891 3471004680 1924906824 157 13381540 1941642600
======================
   8      32 sdc 740045 10380 195034458 16034932 6813073 177627891 3471176712 1925037948 142 13382544 1941793448
======================
   8      32 sdc 740218 10390 195078946 16036808 6813463 177627891 3471376392 1925183112 136 13383544 1941936988
======================
   8      32 sdc 740401 10398 195125546 16038392 6813830 177627891 3471564296 1925321340 154 13384548 1942082672
======================
   8      32 sdc 740575 10406 195170362 16039892 6815065 177627891 3472196616 1925498716 132 13385556 1942227168
======================
   8      32 sdc 740577 10406 195170378 16040104 6815186 177627891 3472258568 1925508764 140 13386560 1942368460
======================
   8      32 sdc 740657 10406 195171018 16041660 6815330 177627891 3472332296 1925736636 156 13387564 1942513128
======================
   8      32 sdc 740790 10406 195172082 16042740 6815728 177627891 3472536072 1925899060 142 13388568 1942659316
======================
   8      32 sdc 740898 10406 195172946 16043760 6816112 177627891 3472732680 1926046212 142 13389568 1942807424
======================
   8      32 sdc 740986 10406 195173650 16044812 6816497 177627891 3472929800 1926187744 141 13390572 1942954384
======================
   8      32 sdc 741065 10406 195174282 16045632 6817701 177627891 3473546248 1926352908 153 13391572 1943089624
======================
   8      32 sdc 741067 10406 195174298 16045680 6818383 177627891 3473895432 1926479428 142 13392576 1943233612
======================
   8      32 sdc 741067 10406 195174298 16045680 6818736 177627891 3474076168 1926565748 142 13393576 1943376096
======================
   8      32 sdc 741068 10406 195174306 16047132 6818884 177627891 3474151944 1926782368 153 13394580 1943518600
======================
   8      32 sdc 741070 10406 195174322 16047176 6820263 177627891 3474857992 1926904236 151 13395588 1943663200
======================
   8      32 sdc 741070 10406 195174322 16047176 6820263 177627891 3474857992 1926904236 151 13396588 1943814200
======================
   8      32 sdc 741073 10406 195174346 16048624 6821589 177627891 3475536904 1927207616 136 13397592 1943960476
======================
   8      32 sdc 741073 10406 195174346 16048624 6821800 177627891 3475644936 1927255440 150 13398592 1944108944
======================
   8      32 sdc 741075 10406 195174362 16050064 6822809 177627891 3476161544 1927509808 132 13399596 1944257468
======================
   8      32 sdc 741075 10406 195174362 16050064 6822817 177627891 3476165640 1927510612 157 13400596 1944414272
======================
   8      32 sdc 741079 10406 195174394 16051432 6824130 177627891 3476837896 1927806352 155 13401600 1944562236
======================
   8      32 sdc 741080 10406 195174402 16051464 6824765 177627891 3477163016 1927950348 128 13402604 1944705936
======================
   8      32 sdc 741081 10406 195174410 16051500 6825395 177627891 3477485576 1928092344 139 13403604 1944849196
======================
   8      32 sdc 741083 10406 195174426 16051768 6825891 177627891 3477739528 1928232216 154 13404608 1944992436
======================
   8      32 sdc 741084 10406 195174434 16051812 6826530 177627891 3478066696 1928378992 155 13405608 1945136920
======================
   8      32 sdc 741085 10406 195174442 16051868 6827180 177627891 3478399496 1928525296 145 13406612 1945280952
======================
   8      32 sdc 741085 10406 195174442 16051868 6827453 177627891 3478539272 1928584512 129 13407616 1945416144
======================
   8      32 sdc 741087 10406 195174458 16053316 6828430 177627891 3479039496 1928802040 143 13408624 1945549364
======================
   8      32 sdc 741089 10406 195174474 16053360 6829043 177627891 3479353352 1928915384 138 13409632 1945686032
======================
   8      32 sdc 741089 10406 195174474 16053360 6829488 177627891 3479581192 1929017440 142 13410636 1945828976
======================
   8      32 sdc 741089 10406 195174474 16053360 6829488 177627891 3479581192 1929017440 142 13411640 1945971544
======================
   8      32 sdc 741092 10406 195174498 16054920 6830503 177627891 3480100872 1929267128 151 13412640 1946119836
======================
   8      32 sdc 741095 10406 195174522 16056196 6831700 177627891 3480713736 1929507964 137 13413644 1946267472
======================
   8      32 sdc 741095 10406 195174522 16056196 6832039 177627891 3480887304 1929583484 151 13414648 1946414900
======================
   8      32 sdc 741095 10406 195174522 16056196 6832039 177627891 3480887304 1929583484 151 13415648 1946565900
======================
   8      32 sdc 741098 10406 195174546 16057836 6833574 177627891 3481673224 1929945708 152 13416652 1946710476
======================
   8      32 sdc 741098 10406 195174546 16057836 6833574 177627891 3481673224 1929945708 152 13417656 1946863084
======================
   8      32 sdc 741100 10406 195174562 16059348 6834598 177627891 3482197512 1930209416 152 13418656 1947013204
======================
   8      32 sdc 741100 10406 195174562 16059348 6834598 177627891 3482197512 1930209416 152 13419660 1947165812
======================
   8      32 sdc 741103 10406 195174586 16060780 6836125 177627891 3482979336 1930544256 128 13420664 1947309144
======================
   8      32 sdc 741105 10406 195174602 16060844 6836756 177627891 3483302920 1930687372 137 13421664 1947452500
======================
   8      32 sdc 741105 10406 195174602 16060844 6837144 177627891 3483501064 1930774484 134 13422672 1947592996
======================
   8      32 sdc 741105 10406 195174602 16060844 6837144 177627891 3483501064 1930774484 134 13423680 1947728068
======================
   8      32 sdc 741108 10406 195174626 16062380 6838152 177627891 3484017160 1931008868 150 13424708 1947880036
======================
   8      32 sdc 741110 10406 195174642 16063988 6838981 177627891 3484441608 1931272412 152 13425708 1948029380
======================
   8      32 sdc 741112 10406 195174658 16064032 6839781 177627891 3484851208 1931401216 152 13426712 1948173076
======================
   8      32 sdc 741113 10406 195174666 16064068 6840417 177627891 3485176840 1931545084 156 13427716 1948316672
======================
   8      32 sdc 741113 10406 195174666 16064068 6840727 177627891 3485335560 1931626424 135 13428720 1948456312
======================
   8      32 sdc 741115 10406 195174682 16065480 6841235 177627891 3485595656 1931830636 138 13429724 1948592740
======================
   8      32 sdc 741116 10406 195174690 16065500 6842241 177627891 3486110728 1931949432 157 13430724 1948737104
======================
   8      32 sdc 741118 10406 195174706 16065712 6842918 177627891 3486457352 1932100268 151 13431728 1948882620
======================
   8      32 sdc 741118 10406 195174706 16065712 6843275 177627891 3486640136 1932179024 147 13432732 1949028720
======================
   8      32 sdc 741120 10406 195174722 16067120 6844158 177627891 3487092232 1932414692 128 13433732 1949174856
======================
   8      32 sdc 741122 10406 195174738 16067172 6844919 177627891 3487481864 1932543576 134 13434736 1949319180
======================
   8      32 sdc 741122 10406 195174738 16067172 6845329 177627891 3487691784 1932638192 141 13435740 1949462208
======================
   8      32 sdc 741122 10406 195174738 16067172 6845329 177627891 3487691784 1932638192 141 13436744 1949603772
======================
   8      32 sdc 741126 10406 195174770 16068672 6846818 177627891 3488454152 1932971576 155 13437744 1949746820
======================
   8      32 sdc 741128 10406 195174786 16068748 6847452 177627891 3488778760 1933114012 129 13438748 1949890664
======================
   8      32 sdc 741129 10406 195174794 16068772 6848091 177627891 3489105928 1933258804 130 13439752 1950034584
======================
   8      32 sdc 741130 10406 195174802 16069004 6848542 177627891 3489336840 1933389408 159 13440756 1950180264
======================
   8      32 sdc 741131 10406 195174810 16069028 6849241 177627891 3489694728 1933549364 132 13441756 1950325720
======================
   8      32 sdc 741132 10406 195174818 16069072 6849877 177627891 3490020360 1933693048 136 13442760 1950469736
======================
   8      32 sdc 741133 10406 195174826 16069100 6850462 177627891 3490319880 1933825228 128 13443764 1950612100
======================
   8      32 sdc 741135 10406 195174842 16070000 6851163 177627891 3490678792 1933974080 130 13444812 1950750592
======================
   8      32 sdc 741136 10406 195174850 16070032 6851808 177627891 3491009032 1934116972 157 13445840 1950898416
======================
   8      32 sdc 741137 10406 195174858 16070056 6852481 177627891 3491353608 1934267976 157 13446852 1951045316
======================
   8      32 sdc 741138 10406 195174866 16070092 6853022 177627891 3491630600 1934389328 128 13447868 1951187536
======================
   8      32 sdc 741138 10406 195174866 16070092 6853022 177627891 3491630600 1934389328 128 13448876 1951316560
======================
   8      32 sdc 741142 10406 195174898 16071596 6854425 177627891 3492349448 1934678012 132 13449880 1951456424
======================
   8      32 sdc 741143 10406 195174906 16071628 6855049 177627891 3492668424 1934820512 149 13450884 1951600304
======================
   8      32 sdc 741145 10406 195174922 16071700 6855666 177627891 3492984328 1934964388 139 13451888 1951744100
======================
   8      32 sdc 741146 10406 195174930 16071928 6856079 177627891 3493195784 1935053848 142 13452892 1951888116
======================
   8      32 sdc 741147 10406 195174938 16071960 6856856 177627891 3493593608 1935253420 133 13453896 1952031892
======================
   8      32 sdc 741147 10406 195174938 16071960 6857102 177627891 3493719560 1935305612 144 13454904 1952176740
======================
   8      32 sdc 741149 10406 195174954 16073456 6858100 177627891 3494231048 1935554044 137 13455908 1952320868
======================
   8      32 sdc 741151 10406 195174970 16073500 6858732 177627891 3494554120 1935683456 145 13456908 1952464176
======================
   8      32 sdc 741152 10406 195174978 16073536 6859396 177627891 3494894088 1935826336 153 13457912 1952607916
======================
   8      32 sdc 741153 10406 195174986 16073564 6860047 177627891 3495227400 1935976700 156 13458912 1952757232
======================
   8      32 sdc 741154 10406 195174994 16073624 6860683 177627891 3495553032 1936119292 130 13459916 1952900112
======================
   8      32 sdc 741155 10406 195175002 16073692 6861256 177627891 3495846408 1936244536 86 13460920 1953033104
======================
   8      32 sdc 741155 10406 195175002 16073692 6861256 177627891 3495846408 1936244536 86 13461924 1953119448
======================
   8      32 sdc 741159 10406 195175034 16075220 6862589 177627891 3496528904 1936462384 128 13462924 1953244760
======================
   8      32 sdc 741159 10406 195175034 16075220 6862727 177627891 3496599560 1936493076 151 13463928 1953394764
======================
   8      32 sdc 741161 10406 195175050 16076900 6863470 177627891 3496979976 1936774884 143 13464932 1953545220
======================
   8      32 sdc 741162 10406 195175058 16076920 6864263 177627891 3497385992 1936883404 151 13465932 1953689464
======================
   8      32 sdc 741162 10406 195175058 16076920 6864263 177627891 3497385992 1936883404 151 13466940 1953841672
======================
   8      32 sdc 741165 10406 195175082 16078200 6865610 177627891 3498075656 1937202404 147 13467952 1953985224
======================
   8      32 sdc 741166 10406 195175090 16078228 6866298 177627891 3498427912 1937345368 131 13468968 1954130672
======================
   8      32 sdc 741168 10406 195175106 16078308 6866968 177627891 3498770952 1937490080 133 13469976 1954274988
======================
   8      32 sdc 741169 10406 195175114 16078380 6867614 177627891 3499101704 1937632380 133 13470984 1954418788
======================
   8      32 sdc 741170 10406 195175122 16078456 6868233 177627891 3499418632 1937774708 135 13471988 1954561432
======================
   8      32 sdc 741171 10406 195175130 16078516 6868683 177627891 3499649032 1937875400 135 13472988 1954700800
======================
   8      32 sdc 741172 10406 195175138 16078548 6869018 177627891 3499820552 1937960620 4 13473992 1954733896
======================
   8      32 sdc 741175 10406 195175162 16079560 6870192 177627891 3500421640 1938063200 141 13474996 1954849456
======================
   8      32 sdc 741176 10406 195175170 16079592 6870788 177627891 3500726792 1938208740 153 13476012 1954993156
======================
   8      32 sdc 741177 10406 195175178 16079628 6871406 177627891 3501043208 1938344908 143 13477020 1955138448
======================
   8      32 sdc 741179 10406 195175194 16079856 6871996 177627891 3501345288 1938493528 129 13478028 1955281592
======================
   8      32 sdc 741180 10406 195175202 16079888 6872615 177627891 3501662216 1938642336 150 13479036 1955426592
======================
   8      32 sdc 741181 10406 195175210 16079916 6873136 177627891 3501928968 1938747684 141 13480040 1955569744
======================
   8      32 sdc 741182 10406 195175218 16079944 6873880 177627891 3502309896 1938921424 133 13481044 1955713940
======================
   8      32 sdc 741184 10406 195175234 16080012 6874580 177627891 3502668296 1939068572 137 13482044 1955856900
======================
   8      32 sdc 741185 10406 195175242 16080060 6875219 177627891 3502995464 1939212428 138 13483048 1956000456
======================
   8      32 sdc 741186 10406 195175250 16080156 6875855 177627891 3503321096 1939354228 140 13484048 1956141960
======================
   8      32 sdc 741187 10406 195175258 16080240 6876486 177627891 3503644168 1939494384 135 13485052 1956282236
======================
   8      32 sdc 741190 10406 195175282 16080428 6877071 177627891 3503943688 1939621812 142 13486052 1956417204
======================
   8      32 sdc 741190 10406 195175282 16080428 6877581 177627891 3504204808 1939737528 145 13487056 1956561276
======================
   8      32 sdc 741190 10406 195175282 16080428 6877581 177627891 3504204808 1939737528 145 13488060 1956706856
======================
   8      32 sdc 741192 10406 195175298 16082588 6878420 177627891 3504634376 1940082152 137 13489068 1956857732
======================
   8      32 sdc 741194 10406 195175314 16082820 6879545 177627891 3505210376 1940214368 132 13490076 1957003968
======================
   8      32 sdc 741196 10406 195175330 16082892 6880204 177627891 3505547784 1940357656 145 13491092 1957149512
======================
   8      32 sdc 741197 10406 195175338 16082920 6880831 177627891 3505868808 1940503700 158 13492104 1957294232
======================
   8      32 sdc 741198 10406 195175346 16082960 6881468 177627891 3506194952 1940649320 129 13493116 1957438972
======================
   8      32 sdc 741198 10406 195175346 16082960 6881704 177627891 3506315784 1940715760 118 13494120 1957569524
======================
   8      32 sdc 741200 10406 195175362 16084036 6882704 177627891 3506827784 1940917028 142 13495124 1957703468
======================
   8      32 sdc 741200 10406 195175362 16084036 6882704 177627891 3506827784 1940917028 142 13496128 1957846036
======================
   8      32 sdc 741201 10406 195175370 16085328 6883207 177627891 3507085320 1941113832 151 13497132 1957994584
======================
   8      32 sdc 741205 10406 195175402 16086188 6884673 177627891 3507835912 1941344148 156 13498132 1958138700
======================
   8      32 sdc 741207 10406 195175418 16086244 6885277 177627891 3508145160 1941497460 128 13499140 1958281924
======================
   8      32 sdc 741208 10406 195175426 16086284 6885957 177627891 3508493320 1941633924 152 13500140 1958425020
======================
   8      32 sdc 741209 10406 195175434 16086352 6886625 177627891 3508835336 1941774020 130 13501144 1958568328
======================
   8      32 sdc 741210 10406 195175442 16086392 6887117 177627891 3509087240 1941885588 144 13502148 1958712312
======================
   8      32 sdc 741211 10406 195175450 16086424 6887864 177627891 3509469704 1942051968 102 13503148 1958851624
======================
   8      32 sdc 741213 10406 195175466 16086748 6888402 177627891 3509745160 1942193356 154 13504152 1958989188
======================
   8      32 sdc 741213 10406 195175466 16086748 6888860 177627891 3509979656 1942296480 130 13505156 1959128528
======================
   8      32 sdc 741213 10406 195175466 16086748 6888860 177627891 3509979656 1942296480 130 13506160 1959259048
======================
   8      32 sdc 741216 10406 195175490 16088372 6890308 177627891 3510721544 1942602872 153 13507164 1959399196
======================
   8      32 sdc 741216 10406 195175490 16088372 6890375 177627891 3510755336 1942617368 151 13508168 1959550036
======================
   8      32 sdc 741217 10406 195175498 16089788 6890888 177627891 3511017992 1942853592 150 13509168 1959699668
======================
   8      32 sdc 741220 10406 195175522 16090600 6891917 177627891 3511544840 1942997816 145 13510172 1959846280
======================
   8      32 sdc 741222 10406 195175538 16091896 6892657 177627891 3511923720 1943205348 140 13511176 1959991472
======================
   8      32 sdc 741224 10406 195175554 16091952 6893510 177627891 3512360456 1943334364 151 13512176 1960134772
======================
   8      32 sdc 741225 10406 195175562 16091992 6894046 177627891 3512634888 1943473504 151 13513180 1960275828
======================
   8      32 sdc 741226 10406 195175570 16092052 6894763 177627891 3513001992 1943619648 146 13514184 1960419384
======================
   8      32 sdc 741227 10406 195175578 16092120 6895433 177627891 3513345032 1943762396 154 13515184 1960561544
======================
   8      32 sdc 741229 10406 195175594 16092296 6896093 177627891 3513682952 1943901768 128 13516188 1960701628
======================
   8      32 sdc 741230 10406 195175602 16092516 6896599 177627891 3513942024 1944036416 134 13517188 1960845348
======================
   8      32 sdc 741230 10406 195175602 16092516 6897016 177627891 3514155528 1944149604 134 13518192 1960983564
======================
   8      32 sdc 741232 10406 195175618 16092576 6897801 177627891 3514557448 1944325232 148 13519196 1961125708
======================
   8      32 sdc 741232 10406 195175618 16092576 6898039 177627891 3514679304 1944369396 135 13520196 1961262968
======================
   8      32 sdc 741235 10406 195175642 16094024 6899114 177627891 3515229704 1944602360 147 13521200 1961401316
======================
   8      32 sdc 741237 10406 195175658 16094076 6899780 177627891 3515570696 1944742616 153 13522204 1961545100
======================
   8      32 sdc 741238 10406 195175666 16094112 6900433 177627891 3515905032 1944886612 140 13523204 1961688256
======================
   8      32 sdc 741239 10406 195175674 16094156 6901078 177627891 3516235272 1945028800 135 13524208 1961831896
======================
   8      32 sdc 741240 10406 195175682 16094212 6901648 177627891 3516527112 1945156928 110 13525208 1961970104
======================
   8      32 sdc 741242 10406 195175698 16095140 6902268 177627891 3516844552 1945288244 129 13526212 1962088152
======================
   8      32 sdc 741243 10406 195175706 16095172 6902975 177627891 3517206536 1945429012 158 13527216 1962231872
======================
   8      32 sdc 741243 10406 195175706 16095172 6903149 177627891 3517295624 1945466516 145 13528216 1962376676
======================
   8      32 sdc 741245 10406 195175722 16096620 6904160 177627891 3517813256 1945714800 158 13529220 1962522144
======================
   8      32 sdc 741245 10406 195175722 16096620 6904160 177627891 3517813256 1945714800 158 13530224 1962680776
======================
   8      32 sdc 741246 10406 195175730 16098176 6904677 177627891 3518077960 1945980964 153 13531232 1962836112
======================
   8      32 sdc 741247 10406 195175738 16098864 6905190 177627891 3518340616 1946100080 152 13532236 1962987736
======================
   8      32 sdc 741250 10406 195175762 16099580 6906678 177627891 3519102472 1946323072 135 13533240 1963131384
======================
   8      32 sdc 741251 10406 195175770 16099616 6907225 177627891 3519382536 1946451396 132 13534248 1963274452
======================
   8      32 sdc 741251 10406 195175770 16099616 6907269 177627891 3519405064 1946474012 121 13535264 1963399668
======================
   8      32 sdc 741255 10406 195175802 16100804 6908614 177627891 3520093704 1946729248 151 13536268 1963534828
======================
   8      32 sdc 741256 10406 195175810 16100836 6909292 177627891 3520440840 1946870676 146 13537272 1963678700
======================
   8      32 sdc 741258 10406 195175826 16100944 6909923 177627891 3520763912 1947011868 154 13538276 1963822084
======================
   8      32 sdc 741259 10406 195175834 16100980 6910565 177627891 3521092616 1947157960 152 13539284 1963966412
======================
   8      32 sdc 741259 10406 195175834 16100980 6910854 177627891 3521240584 1947220108 120 13540288 1964096756
======================
   8      32 sdc 741260 10406 195175842 16102564 6911120 177627891 3521376776 1947421740 149 13541292 1964218264
======================
   8      32 sdc 741263 10406 195175866 16102644 6912471 177627891 3522068488 1947549852 134 13542292 1964361064
======================
   8      32 sdc 741264 10406 195175874 16102684 6913114 177627891 3522397704 1947694500 131 13543296 1964504784
======================
   8      32 sdc 741265 10406 195175882 16102744 6913767 177627891 3522732040 1947837728 150 13544300 1964648388
======================
   8      32 sdc 741265 10406 195175882 16102744 6913919 177627891 3522809864 1947871408 127 13545300 1964779220
======================
   8      32 sdc 741266 10406 195175890 16104240 6914405 177627891 3523058696 1948079032 153 13546304 1964914120
======================
   8      32 sdc 741268 10406 195175906 16104976 6914918 177627891 3523321352 1948202248 152 13547308 1965065848
======================
   8      32 sdc 741271 10406 195175930 16105740 6916247 177627891 3524001800 1948398004 134 13548308 1965211448
======================
   8      32 sdc 741272 10406 195175938 16105764 6916906 177627891 3524339208 1948541512 147 13549312 1965355152
======================
   8      32 sdc 741274 10406 195175954 16105844 6917546 177627891 3524666888 1948683316 147 13550320 1965499508
======================
   8      32 sdc 741275 10406 195175962 16105872 6918117 177627891 3524959240 1948823152 152 13551324 1965642440
======================
   8      32 sdc 741276 10406 195175970 16105924 6918820 177627891 3525319176 1948973328 158 13552328 1965786472
======================
   8      32 sdc 741276 10406 195175970 16105924 6919060 177627891 3525442056 1949017680 106 13553332 1965902972
======================
   8      32 sdc 741277 10406 195175978 16107464 6919549 177627891 3525692424 1949194804 129 13554336 1966015500
======================
   8      32 sdc 741278 10406 195175986 16108152 6920037 177627891 3525942280 1949294052 153 13555344 1966155724
======================
   8      32 sdc 741279 10406 195175994 16108812 6920557 177627891 3526208520 1949406616 145 13556344 1966302420
======================
   8      32 sdc 741282 10406 195176018 16109600 6922074 177627891 3526985224 1949628304 131 13557348 1966445708
======================
   8      32 sdc 741282 10406 195176018 16109600 6922088 177627891 3526992392 1949631168 150 13558352 1966596316
======================
   8      32 sdc 741285 10406 195176042 16111084 6923104 177627891 3527512584 1949887952 158 13559352 1966746988
======================
   8      32 sdc 741287 10406 195176058 16112100 6923884 177627891 3527911944 1950083332 145 13560356 1966900660
======================
   8      32 sdc 741288 10406 195176066 16112132 6924596 177627891 3528277000 1950224252 137 13561360 1967044416
======================
   8      32 sdc 741290 10406 195176082 16112224 6925231 177627891 3528601608 1950365188 142 13562364 1967188348
======================
   8      32 sdc 741291 10406 195176090 16112284 6925883 177627891 3528935432 1950511040 135 13563364 1967331408
======================
   8      32 sdc 741292 10406 195176098 16112348 6926541 177627891 3529272328 1950653868 156 13564368 1967474304
======================
   8      32 sdc 741292 10406 195176098 16112348 6926743 177627891 3529375752 1950697872 103 13565372 1967588812
======================
   8      32 sdc 741293 10406 195176106 16113864 6927210 177627891 3529614856 1950869424 148 13566372 1967702172
======================
   8      32 sdc 741296 10406 195176130 16114584 6928425 177627891 3530236936 1951024804 148 13567376 1967848112
======================
   8      32 sdc 741297 10406 195176138 16114608 6928900 177627891 3530480136 1951132468 153 13568380 1967994408
======================
   8      32 sdc 741298 10406 195176146 16114632 6929719 177627891 3530899464 1951317524 141 13569380 1968140296
======================
   8      32 sdc 741299 10406 195176154 16114664 6930305 177627891 3531199496 1951461172 125 13570384 1968283792
======================
   8      32 sdc 741299 10406 195176154 16114664 6930305 177627891 3531199496 1951461172 125 13571384 1968408792
======================
   8      32 sdc 741303 10406 195176186 16116128 6931638 177627891 3531881992 1951721100 135 13572388 1968545280
======================
   8      32 sdc 741303 10406 195176186 16116128 6931816 177627891 3531973128 1951758908 150 13573392 1968694068
======================
   8      32 sdc 741304 10406 195176194 16117752 6932325 177627891 3532233736 1952026592 153 13574392 1968843176
======================
   8      32 sdc 741305 10406 195176202 16117784 6932834 177627891 3532494344 1952047016 156 13575396 1968997392
======================
   8      32 sdc 741306 10406 195176210 16119080 6933350 177627891 3532758536 1952269256 152 13576400 1969150704
======================
   8      32 sdc 741309 10406 195176234 16119820 6934733 177627891 3533466632 1952468080 144 13577400 1969295728
======================
   8      32 sdc 741310 10406 195176242 16119844 6935394 177627891 3533805064 1952610612 156 13578404 1969439532
======================
   8      32 sdc 741312 10406 195176258 16119924 6936002 177627891 3534116360 1952753368 155 13579408 1969583200
======================
   8      32 sdc 741313 10406 195176266 16119956 6936635 177627891 3534440456 1952903128 130 13580408 1969728944
======================
   8      32 sdc 741314 10406 195176274 16120008 6937305 177627891 3534783496 1953044636 135 13581412 1969872660
======================
   8      32 sdc 741315 10406 195176282 16120032 6937951 177627891 3535114248 1953187444 159 13582416 1970016016
======================
   8      32 sdc 741316 10406 195176290 16120148 6938016 177627891 3535147528 1953202068 94 13583420 1970113880
======================
   8      32 sdc 741316 10406 195176290 16120148 6938016 177627891 3535147528 1953202068 94 13584424 1970208256
======================
   8      32 sdc 741320 10406 195176322 16122328 6939762 177627891 3536041480 1953495636 139 13585428 1970338072
======================
   8      32 sdc 741320 10406 195176322 16122328 6940025 177627891 3536176136 1953609808 133 13586428 1970474812
======================
   8      32 sdc 741321 10406 195176330 16123100 6940517 177627891 3536428040 1953722512 153 13587436 1970619844
======================
   8      32 sdc 741323 10406 195176346 16124276 6941504 177627891 3536933384 1953927620 158 13588436 1970770452
======================
   8      32 sdc 741325 10406 195176362 16124684 6942142 177627891 3537260040 1954093308 151 13589440 1970920960
======================
   8      32 sdc 741326 10406 195176370 16124716 6942834 177627891 3537614344 1954235900 139 13590444 1971065916
======================
   8      32 sdc 741327 10406 195176378 16124740 6943475 177627891 3537942536 1954370656 138 13591444 1971209032
======================
   8      32 sdc 741329 10406 195176394 16124788 6944129 177627891 3538277384 1954514568 129 13592448 1971347976
======================
   8      32 sdc 741329 10406 195176394 16124788 6944623 177627891 3538530312 1954620184 111 13593448 1971481524
======================
   8      32 sdc 741329 10406 195176394 16124788 6944623 177627891 3538530312 1954620184 111 13594452 1971592968
======================
   8      32 sdc 741333 10406 195176426 16126324 6945900 177627891 3539184136 1954863880 145 13595452 1971731236
======================
   8      32 sdc 741334 10406 195176434 16126356 6946617 177627891 3539551240 1955032192 132 13596456 1971875772
======================
   8      32 sdc 741336 10406 195176450 16126424 6947270 177627891 3539885576 1955172908 151 13597460 1972020360
======================
   8      32 sdc 741337 10406 195176458 16126460 6947956 177627891 3540236808 1955329076 137 13598464 1972165740
======================
   8      32 sdc 741337 10406 195176458 16126460 6948200 177627891 3540361736 1955376324 118 13599468 1972291308
======================
   8      32 sdc 741340 10406 195176482 16128024 6949243 177627891 3540895752 1955588276 130 13600468 1972414768
======================
   8      32 sdc 741341 10406 195176490 16128052 6949876 177627891 3541219848 1955728084 137 13601476 1972561244
======================
   8      32 sdc 741342 10406 195176498 16128076 6950563 177627891 3541571592 1955861504 144 13602476 1972698344
======================
   8      32 sdc 741343 10406 195176506 16128104 6951196 177627891 3541895688 1956004488 134 13603480 1972841504
======================
   8      32 sdc 741345 10406 195176522 16128216 6951838 177627891 3542224392 1956147316 141 13604480 1972984140
======================
   8      32 sdc 741346 10406 195176530 16128252 6952487 177627891 3542556680 1956290300 154 13605484 1973127248
======================
   8      32 sdc 741347 10406 195176538 16128348 6953124 177627891 3542882824 1956431728 154 13606488 1973268904
======================
   8      32 sdc 741349 10406 195176554 16128472 6953737 177627891 3543196680 1956573168 137 13607492 1973410092
======================
   8      32 sdc 741350 10406 195176562 16128540 6954374 177627891 3543522824 1956714252 56 13608496 1973545664
======================
   8      32 sdc 741352 10406 195176578 16128712 6955018 177627891 3543852552 1956848764 151 13609500 1973685556
======================
   8      32 sdc 741353 10406 195176586 16128740 6955677 177627891 3544189960 1956992064 128 13610504 1973828800
======================
   8      32 sdc 741354 10406 195176594 16128792 6956183 177627891 3544449032 1957138284 134 13611512 1973975996
======================
   8      32 sdc 741355 10406 195176602 16128828 6956641 177627891 3544683528 1957241200 156 13612512 1974122836
======================
   8      32 sdc 741357 10406 195176618 16128888 6957383 177627891 3545063432 1957409892 157 13613516 1974272260
======================
   8      32 sdc 741358 10406 195176626 16128980 6958116 177627891 3545438728 1957575240 129 13614520 1974413200
======================
   8      32 sdc 741359 10406 195176634 16129060 6958734 177627891 3545755144 1957716924 136 13615524 1974555456
======================
   8      32 sdc 741359 10406 195176634 16129060 6958975 177627891 3545878536 1957770692 63 13616524 1974642748
======================
   8      32 sdc 741362 10406 195176658 16130576 6960034 177627891 3546420744 1957895284 155 13617528 1974726356
======================
   8      32 sdc 741363 10406 195176666 16130608 6960610 177627891 3546715656 1958014944 155 13618528 1974869044
======================
   8      32 sdc 741364 10406 195176674 16130660 6960953 177627891 3546891272 1958092760 133 13619532 1975007048
======================
   8      32 sdc 741366 10406 195176690 16132132 6961516 177627891 3547179528 1958313500 145 13620536 1975141792
======================
   8      32 sdc 741366 10406 195176690 16132132 6961953 177627891 3547403272 1958327404 157 13621544 1975298100
======================
   8      32 sdc 741367 10406 195176698 16133444 6962469 177627891 3547667464 1958549612 153 13622548 1975452332
======================
   8      32 sdc 741370 10406 195176722 16134396 6963547 177627891 3548219400 1958722236 130 13623560 1975596968
======================
   8      32 sdc 741371 10406 195176730 16134424 6964362 177627891 3548636680 1958900504 147 13624568 1975740624
======================
   8      32 sdc 741373 10406 195176746 16134504 6965082 177627891 3549005320 1959056436 131 13625684 1975900192
======================
   8      32 sdc 741374 10406 195176754 16134556 6965718 177627891 3549330952 1959200740 135 13626688 1976043904
======================
   8      32 sdc 741375 10406 195176762 16134592 6966310 177627891 3549634056 1959349104 151 13627692 1976188956
======================
   8      32 sdc 741375 10406 195176762 16134592 6966607 177627891 3549786120 1959412524 111 13628692 1976314076
======================
   8      32 sdc 741377 10406 195176778 16136076 6967417 177627891 3550200840 1959599540 132 13629696 1976429868
======================
   8      32 sdc 741379 10406 195176794 16136120 6968264 177627891 3550634504 1959730072 149 13630704 1976574528
======================
   8      32 sdc 741380 10406 195176802 16136176 6968630 177627891 3550821896 1959809264 136 13631708 1976715084
======================
   8      32 sdc 741380 10406 195176802 16136176 6968630 177627891 3550821896 1959809264 136 13632716 1976852172
======================
   8      32 sdc 741382 10406 195176818 16137660 6969646 177627891 3551342088 1960052188 144 13633720 1976996040
======================
   8      32 sdc 741385 10406 195176842 16138516 6970832 177627891 3551949320 1960293052 141 13634732 1977139564
======================
   8      32 sdc 741386 10406 195176850 16138548 6971458 177627891 3552269832 1960435604 155 13635736 1977283432
======================
   8      32 sdc 741387 10406 195176858 16138588 6972114 177627891 3552605704 1960580552 139 13636740 1977427420
======================
   8      32 sdc 741389 10406 195176874 16138684 6972779 177627891 3552946184 1960723244 146 13637740 1977570028
======================
   8      32 sdc 741389 10406 195176874 16138684 6973260 177627891 3553192456 1960826176 114 13638744 1977705048
======================
   8      32 sdc 741389 10406 195176874 16138684 6973260 177627891 3553192456 1960826176 114 13639748 1977819504
======================
   8      32 sdc 741391 10406 195176890 16140184 6974246 177627891 3553697288 1961024204 152 13640760 1977966612
======================
   8      32 sdc 741392 10406 195176898 16141716 6974757 177627891 3553958920 1961267528 153 13641768 1978118852
======================
   8      32 sdc 741393 10406 195176906 16142324 6975269 177627891 3554221064 1961373188 153 13642772 1978271148
======================
   8      32 sdc 741395 10406 195176922 16143228 6976293 177627891 3554745352 1961537352 153 13643784 1978423656
======================
   8      32 sdc 741395 10406 195176922 16143228 6976293 177627891 3554745352 1961537352 153 13644788 1978577268
======================
   8      32 sdc 741398 10406 195176946 16144728 6977320 177627891 3555271176 1961791780 150 13645792 1978726352
======================
   8      32 sdc 741401 10406 195176970 16146144 6978393 177627891 3555820552 1962027800 132 13646796 1978874524
======================
   8      32 sdc 741401 10406 195176970 16146144 6978857 177627891 3556058120 1962133436 149 13647800 1979019528
======================
   8      32 sdc 741401 10406 195176970 16146144 6978857 177627891 3556058120 1962133436 149 13648804 1979169124
======================
   8      32 sdc 741403 10406 195176986 16148244 6979452 177627891 3556362760 1962429304 129 13649808 1979314952
======================
   8      32 sdc 741406 10406 195177010 16148324 6980954 177627891 3557131784 1962601392 131 13650816 1979458612
======================
   8      32 sdc 741406 10406 195177010 16148324 6981424 177627891 3557372424 1962705020 142 13651820 1979602052
======================
   8      32 sdc 741406 10406 195177010 16148324 6981424 177627891 3557372424 1962705020 142 13652820 1979744052
======================
   8      32 sdc 741409 10406 195177034 16149836 6982890 177627891 3558123016 1963030048 147 13653828 1979887904
======================
   8      32 sdc 741411 10406 195177050 16149896 6983496 177627891 3558433288 1963176532 149 13654832 1980033932
======================
   8      32 sdc 741413 10406 195177066 16150028 6984137 177627891 3558761480 1963317028 146 13655836 1980175860
======================
   8      32 sdc 741413 10406 195177066 16150028 6984542 177627891 3558968840 1963409824 96 13656840 1980301128
======================
   8      32 sdc 741413 10406 195177066 16150028 6984542 177627891 3558968840 1963409824 96 13657844 1980397512
======================
   8      32 sdc 741417 10406 195177098 16151660 6986063 177627891 3559747592 1963671220 142 13658848 1980534336
======================
   8      32 sdc 741418 10406 195177106 16151888 6986602 177627891 3560023560 1963801540 147 13659852 1980677332
======================
   8      32 sdc 741418 10406 195177106 16151888 6986911 177627891 3560181768 1963887284 158 13660856 1980828304
======================
   8      32 sdc 741418 10406 195177106 16151888 6987064 177627891 3560260104 1964008784 134 13661856 1980966560
======================
   8      32 sdc 741421 10406 195177130 16152912 6988522 177627891 3561006600 1964247276 147 13662860 1981108480
======================
   8      32 sdc 741422 10406 195177138 16152944 6989103 177627891 3561304072 1964376916 143 13663860 1981251580
======================
   8      32 sdc 741422 10406 195177138 16152944 6989103 177627891 3561304072 1964376916 143 13664864 1981395152
======================
   8      32 sdc 741425 10406 195177162 16154452 6990390 177627891 3561963016 1964676844 135 13665868 1981536512
======================
   8      32 sdc 741426 10406 195177170 16154484 6991095 177627891 3562323976 1964817028 134 13666872 1981680252
======================
   8      32 sdc 741427 10406 195177178 16154512 6991671 177627891 3562618888 1964947096 135 13667872 1981822768
======================
   8      32 sdc 741427 10406 195177178 16154512 6991671 177627891 3562618888 1964947096 135 13668876 1981958308
======================
   8      32 sdc 741431 10406 195177210 16156052 6992979 177627891 3563288584 1965236656 138 13669880 1982098976
======================
   8      32 sdc 741432 10406 195177218 16156084 6993623 177627891 3563618312 1965378460 134 13670880 1982242332
======================
   8      32 sdc 741434 10406 195177234 16156156 6994274 177627891 3563951624 1965520780 155 13671884 1982386040
======================
   8      32 sdc 741435 10406 195177242 16156224 6994909 177627891 3564276744 1965664552 129 13672888 1982529276
======================
   8      32 sdc 741436 10406 195177250 16156440 6995531 177627891 3564595208 1965809896 128 13673892 1982671032
======================
   8      32 sdc 741437 10406 195177258 16156464 6996216 177627891 3564945928 1965954700 133 13674892 1982815812
======================
   8      32 sdc 741439 10406 195177274 16156532 6996855 177627891 3565273096 1966093356 134 13675896 1982959596
======================
   8      32 sdc 741440 10406 195177282 16156576 6997469 177627891 3565587464 1966237424 128 13676900 1983102752
======================
   8      32 sdc 741441 10406 195177290 16156640 6998129 177627891 3565925384 1966380448 146 13677912 1983247504
======================
   8      32 sdc 741442 10406 195177298 16156664 6998811 177627891 3566274568 1966527028 152 13678916 1983391528
======================
   8      32 sdc 741445 10406 195177322 16156880 6999460 177627891 3566606856 1966664464 146 13679920 1983527128
======================
   8      32 sdc 741446 10406 195177330 16156908 7000048 177627891 3566907912 1966808668 153 13680924 1983671640
======================
   8      32 sdc 741447 10406 195177338 16157052 7000710 177627891 3567246856 1966942840 154 13681924 1983808908
======================
   8      32 sdc 741448 10406 195177346 16157076 7001367 177627891 3567583240 1967087632 134 13682928 1983952516
======================
   8      32 sdc 741449 10406 195177354 16157104 7001937 177627891 3567875080 1967215016 109 13683936 1984108440
======================
   8      32 sdc 741449 10406 195177354 16157104 7001972 177627891 3567893000 1967229548 74 13684944 1984186040
======================
   8      32 sdc 741452 10406 195177378 16158956 7003179 177627891 3568510984 1967431344 132 13685956 1984305780
======================
   8      32 sdc 741452 10406 195177378 16158956 7003582 177627891 3568716816 1967535252 1 13686964 1984387396
======================
   8      32 sdc 741452 10406 195177378 16158956 7003582 177627891 3568716816 1967535252 1 13687972 1984388404
======================
   8      32 sdc 741454 10406 195177394 16160620 7004622 177628827 3569248720 1967550032 1 13688980 1984404132
======================
   8      32 sdc 741457 10406 195177418 16162332 7005710 177628827 3569805776 1967566908 138 13689984 1984435760
======================
   8      32 sdc 741458 10406 195177426 16162404 7006354 177628827 3570135504 1967707452 145 13690988 1984578008
======================
   8      32 sdc 741459 10406 195177434 16162472 7007010 177628827 3570471376 1967849352 140 13691992 1984719724
======================
   8      32 sdc 741461 10406 195177450 16162700 7007585 177628827 3570765776 1967971776 110 13693008 1984841376
======================
   8      32 sdc 741461 10406 195177450 16162700 7007694 177628827 3570821584 1967994164 1 13694020 1984850508
======================
   8      32 sdc 741464 10406 195177474 16164372 7008908 177628839 3571442240 1968040572 142 13695032 1984912680
======================
   8      32 sdc 741465 10406 195177482 16164440 7009587 177628839 3571789888 1968184620 146 13696048 1985056712
======================
   8      32 sdc 741465 10406 195177482 16164440 7009744 177628839 3571870272 1968219396 1 13697056 1985077372
======================
   8      32 sdc 741468 10406 195177506 16166180 7010861 177628839 3572442176 1968237844 140 13698060 1985111416
======================
   8      32 sdc 741469 10406 195177514 16166244 7011534 177628839 3572786752 1968379876 150 13699068 1985253972
======================
   8      32 sdc 741469 10406 195177514 16166244 7011792 177628839 3572918848 1968436416 1 13700072 1985296020
======================
   8      32 sdc 741470 10406 195177522 16167836 7012306 177628851 3573181104 1968439064 1 13701076 1985299636
======================
   8      32 sdc 741473 10406 195177546 16168764 7013417 177628851 3573749936 1968455228 148 13702076 1985331956
======================
   8      32 sdc 741474 10406 195177554 16168832 7014064 177628851 3574081200 1968597516 152 13703080 1985474076
======================
   8      32 sdc 741474 10406 195177554 16168832 7014354 177628851 3574229680 1968675064 1 13704084 1985537080
======================
   8      32 sdc 741475 10406 195177562 16170320 7014866 177628851 3574491824 1968677332 1 13705084 1985540320
======================
   8      32 sdc 741479 10406 195177594 16171288 7015970 177628863 3575056664 1968688724 146 13706084 1985561260
======================
   8      32 sdc 741480 10406 195177602 16171644 7016491 177628863 3575323416 1968802400 148 13707096 1985682312
======================
   8      32 sdc 741481 10406 195177610 16171712 7017154 177628863 3575662872 1968945616 136 13708108 1985825496
======================
   8      32 sdc 741482 10406 195177618 16171788 7017784 177628863 3575985432 1969087176 156 13709116 1985967424
======================
   8      32 sdc 741484 10406 195177634 16171928 7018415 177628863 3576308504 1969229152 156 13710120 1986109124
======================
   8      32 sdc 741484 10406 195177634 16171928 7018964 177628863 3576589088 1969351768 1 13711128 1986216568
======================
   8      32 sdc 741484 10406 195177634 16171928 7018964 177628863 3576589088 1969351768 1 13712136 1986217576
======================
   8      32 sdc 741487 10406 195177658 16173704 7020320 177628873 3577282432 1969424352 137 13713140 1986306868
======================
   8      32 sdc 741488 10406 195177666 16173772 7020953 177628873 3577606528 1969566468 62 13714144 1986441584
======================
   8      32 sdc 741489 10406 195177674 16173960 7021526 177628873 3577899904 1969668416 1 13715148 1986535788
======================
   8      32 sdc 741489 10406 195177674 16173960 7021526 177628873 3577899904 1969668416 1 13716152 1986536792
======================
   8      32 sdc 741492 10406 195177698 16175744 7022885 177629774 3578595712 1969734836 154 13717152 1986623996
======================
   8      32 sdc 741492 10406 195177698 16175744 7023047 177629793 3578645184 1969784104 0 13717472 1986652896
======================
   8      32 sdc 741492 10406 195177698 16175744 7023047 177629793 3578645184 1969784104 0 13717472 1986652896
======================
   8      32 sdc 741492 10406 195177698 16175744 7023047 177629793 3578645184 1969784104 0 13717472 1986652896
======================
   8      32 sdc 741492 10406 195177698 16175744 7023047 177629793 3578645184 1969784104 0 13717472 1986652896
======================
   8      32 sdc 741492 10406 195177698 16175744 7023047 177629793 3578645184 1969784104 0 13717472 1986652896
======================
   8      32 sdc 741492 10406 195177698 16175744 7023047 177629793 3578645184 1969784104 0 13717472 1986652896
======================
   8      32 sdc 741728 10406 195179580 16217188 7023068 177629793 3578645264 1969784104 1 13718452 1986694912
started
======================
   8      32 sdc 742053 10406 195260500 16218576 7023070 177629793 3578645272 1969784168 0 13719136 1986695792
======================
   8      32 sdc 743470 10406 195623252 16220516 7023070 177629793 3578645272 1969784168 2 13720208 1986697732
======================
   8      32 sdc 743782 10408 195703132 16236996 7023070 177629793 3578645272 1969784168 33 13721212 1986728104
======================
   8      32 sdc 743979 10409 195753820 16278616 7023070 177629793 3578645272 1969784168 33 13722220 1986761364
======================
   8      32 sdc 744268 10409 195827804 16307840 7023070 177629793 3578645272 1969784168 33 13723224 1986794476
======================
   8      32 sdc 744547 10409 195899228 16336008 7023070 177629793 3578645272 1969784168 33 13724228 1986827580
======================
   8      32 sdc 744811 10410 195967068 16379588 7023073 177629795 3578645312 1969784176 33 13725232 1986860704
======================
   8      32 sdc 745120 10411 196046172 16412708 7023073 177629795 3578645312 1969784176 33 13726236 1986893972
======================
   8      32 sdc 745403 10411 196118652 16444472 7023073 177629795 3578645312 1969784176 33 13727240 1986927076
======================
   8      32 sdc 745708 10411 196196700 16477420 7023073 177629795 3578645312 1969784176 33 13728240 1986960052
======================
   8      32 sdc 745997 10412 196270684 16511652 7023073 177629795 3578645312 1969784176 32 13729244 1986993572
======================
   8      32 sdc 746296 10413 196347484 16544624 7023073 177629795 3578645312 1969784176 33 13730248 1987026676
======================
   8      32 sdc 746537 10413 196409436 16572872 7023073 177629795 3578645312 1969784176 34 13731252 1987059988
======================
   8      32 sdc 746834 10414 196485468 16610852 7023073 177629795 3578645312 1969784176 33 13732252 1987093284
======================
   8      32 sdc 747148 10415 196566108 16645928 7023073 177629795 3578645312 1969784176 33 13733256 1987126416
======================
   8      32 sdc 747456 10416 196645212 16679292 7023073 177629795 3578645312 1969784176 33 13734256 1987159680
======================
   8      32 sdc 747756 10416 196722012 16710692 7023073 177629795 3578645312 1969784176 33 13735260 1987192784
======================
   8      32 sdc 748021 10417 196790108 16743668 7023073 177629795 3578645312 1969784176 33 13736260 1987225888
======================
   8      32 sdc 748317 10417 196866140 16777644 7023073 177629795 3578645312 1969784176 34 13737264 1987259620
======================
   8      32 sdc 748617 10418 196942940 16810020 7023073 177629795 3578645312 1969784176 33 13738264 1987292688
======================
   8      32 sdc 748932 10418 197023836 16844728 7023073 177629795 3578645312 1969784176 34 13739272 1987326584
======================
   8      32 sdc 749206 10419 197093724 16878544 7023073 177629795 3578645312 1969784176 33 13740276 1987360080
======================
   8      32 sdc 749491 10419 197166684 16912644 7023073 177629795 3578645312 1969784176 33 13741280 1987393192
======================
   8      32 sdc 749795 10420 197244508 16943000 7023073 177629795 3578645312 1969784176 33 13742284 1987426304
======================
   8      32 sdc 750091 10421 197320540 16977732 7023073 177629795 3578645312 1969784176 33 13743284 1987459308
======================
   8      32 sdc 750382 10422 197395292 17010680 7023073 177629795 3578645312 1969784176 33 13744288 1987492660
======================
   8      32 sdc 750663 10423 197467484 17043328 7023073 177629795 3578645312 1969784176 33 13745288 1987525668
======================
   8      32 sdc 750967 10424 197545564 17077112 7023073 177629795 3578645312 1969784176 33 13746292 1987558996
======================
   8      32 sdc 751270 10424 197623388 17110524 7023073 177629795 3578645312 1969784176 34 13747292 1987591980
======================
   8      32 sdc 751577 10425 197701980 17140908 7023073 177629795 3578645312 1969784176 33 13748296 1987625108
======================
   8      32 sdc 751877 10426 197778580 17177336 7023073 177629795 3578645312 1969784176 48 13749300 1987659364
======================
   8      32 sdc 752178 10427 197851740 17208628 7023075 177629795 3578645328 1969784480 33 13750304 1987693540
======================
   8      32 sdc 752483 10427 197929820 17241604 7023075 177629795 3578645328 1969784480 33 13751304 1987726508
======================
   8      32 sdc 752777 10427 198005084 17275840 7023075 177629795 3578645328 1969784480 33 13752308 1987759612
======================
   8      32 sdc 753084 10428 198083932 17309668 7023075 177629795 3578645328 1969784480 33 13753308 1987792720
======================
   8      32 sdc 753376 10429 198158940 17345048 7023075 177629795 3578645328 1969784480 33 13754312 1987826036
======================
   8      32 sdc 753736 10430 198251100 17374492 7023075 177629795 3578645328 1969784480 33 13755316 1987859220
======================
   8      32 sdc 754012 10430 198321756 17408540 7023075 177629795 3578645328 1969784480 33 13756316 1987892184
======================
   8      32 sdc 754314 10430 198399068 17444124 7023075 177629795 3578645328 1969784480 33 13757320 1987925292
======================
   8      32 sdc 754618 10430 198476892 17476068 7023075 177629795 3578645328 1969784480 34 13758320 1987958364
======================
   8      32 sdc 754909 10431 198551388 17509240 7023075 177629795 3578645328 1969784480 33 13759324 1987991532
======================
   8      32 sdc 755207 10432 198627932 17542408 7023075 177629795 3578645328 1969784480 33 13760328 1988024664
======================
   8      32 sdc 755517 10433 198707548 17575296 7023075 177629795 3578645328 1969784480 33 13761328 1988057668
======================
   8      32 sdc 755859 10434 198795356 17609832 7023075 177629795 3578645328 1969784480 33 13762332 1988090836
======================
   8      32 sdc 756165 10435 198873948 17641720 7023075 177629795 3578645328 1969784480 33 13763332 1988123816
======================
   8      32 sdc 756439 10436 198944348 17676896 7023075 177629795 3578645328 1969784480 33 13764336 1988157288
======================
   8      32 sdc 756745 10436 199022940 17710328 7023075 177629795 3578645328 1969784480 34 13765336 1988190268
======================
   8      32 sdc 757066 10437 199105116 17740860 7023075 177629795 3578645328 1969784480 33 13766340 1988223412
======================
   8      32 sdc 757342 10438 199176028 17771784 7023075 177629795 3578645328 1969784480 33 13767344 1988256544
======================
   8      32 sdc 757651 10439 199255388 17807572 7023075 177629795 3578645328 1969784480 33 13768348 1988289756
======================
   8      32 sdc 757961 10440 199335004 17841008 7023075 177629795 3578645328 1969784480 33 13769348 1988322736
======================
   8      32 sdc 758260 10440 199411580 17870988 7023075 177629795 3578645328 1969784480 33 13770352 1988355868
======================
   8      32 sdc 758573 10441 199491420 17908264 7023075 177629795 3578645328 1969784480 33 13771352 1988388848
======================
   8      32 sdc 758888 10441 199572060 17940164 7023075 177629795 3578645328 1969784480 33 13772356 1988421948
======================
   8      32 sdc 759173 10442 199645276 17971144 7023075 177629795 3578645328 1969784480 33 13773360 1988455056
======================
   8      32 sdc 759446 10443 199715420 18005000 7023075 177629795 3578645328 1969784480 33 13774360 1988488060
======================
   8      32 sdc 759737 10444 199789916 18037756 7023075 177629795 3578645328 1969784480 32 13775364 1988521208
======================
   8      32 sdc 760025 10445 199863900 18071260 7023075 177629795 3578645328 1969784480 33 13776364 1988554212
======================
   8      32 sdc 760323 10446 199940444 18101752 7023075 177629795 3578645328 1969784480 33 13777368 1988587372
======================
   8      32 sdc 760608 10446 200013436 18138528 7023075 177629795 3578645328 1969784480 33 13778372 1988620576
======================
   8      32 sdc 760902 10446 200088668 18172028 7023075 177629795 3578645328 1969784480 33 13779372 1988653552
======================
   8      32 sdc 761224 10447 200171100 18205640 7023075 177629795 3578645328 1969784480 33 13780376 1988686640
======================
   8      32 sdc 761512 10448 200245340 18240048 7023075 177629795 3578645328 1969784480 8 13781376 1988718712
