======================
   8      16 sdb 12908986 213697 1452567528 31778200 23468691 227811132 7059643536 1022398376 0 8991572 1054131196
======================
   8      16 sdb 12909017 213697 1452568656 31778200 23468691 227811132 7059643536 1022398376 0 8991572 1054131196
======================
   8      16 sdb 12909019 213697 1452568672 31778200 23468691 227811132 7059643536 1022398376 0 8991572 1054131196
======================
   8      16 sdb 12909019 213697 1452568672 31778200 23468691 227811132 7059643536 1022398376 0 8991572 1054131196
======================
   8      16 sdb 12909019 213697 1452568672 31778200 23468691 227811132 7059643536 1022398376 0 8991572 1054131196
======================
   8      16 sdb 12909019 213697 1452568672 31778200 23468691 227811132 7059643536 1022398376 0 8991572 1054131196
======================
started
   8      16 sdb 12909019 213697 1452568672 31778200 23468702 227811141 7059643688 1022398380 0 8991576 1054131200
======================
   8      16 sdb 12909019 213697 1452568672 31778200 23468702 227811141 7059643688 1022398380 0 8991576 1054131200
======================
   8      16 sdb 12909021 213697 1452568688 31778200 23468702 227811141 7059643688 1022398380 0 8991576 1054131200
======================
   8      16 sdb 12909021 213697 1452568688 31778200 23468702 227811141 7059643688 1022398380 0 8991576 1054131200
======================
   8      16 sdb 12909022 213697 1452568696 31778200 23470622 227811141 7060626728 1022401416 0 8991752 1054134232
======================
   8      16 sdb 12909022 213697 1452568696 31778200 23470622 227811141 7060626728 1022401416 0 8991752 1054134232
======================
   8      16 sdb 12909022 213697 1452568696 31778200 23472369 227811157 7061521192 1022457308 110 8992192 1054195000
======================
   8      16 sdb 12909022 213697 1452568696 31778200 23474214 227811157 7062465968 1022592936 151 8993200 1054331588
======================
   8      16 sdb 12909022 213697 1452568696 31778200 23476041 227811157 7063400880 1022733776 148 8994204 1054472040
======================
   8      16 sdb 12909023 213697 1452568704 31778276 23477909 227811163 7064353816 1022869288 138 8995208 1054607364
======================
   8      16 sdb 12909023 213697 1452568704 31778276 23479710 227811163 7065275928 1023010592 129 8996208 1054749872
======================
   8      16 sdb 12909023 213697 1452568704 31778276 23481518 227811185 7066201624 1023153712 89 8997212 1054891776
======================
   8      16 sdb 12909023 213697 1452568704 31778276 23483390 227811185 7067159760 1023292056 129 8998216 1055030472
======================
   8      16 sdb 12909024 213697 1452568712 31778356 23485205 227811201 7068087656 1023427576 146 8999216 1055165424
======================
   8      16 sdb 12909024 213697 1452568712 31778356 23487070 227811201 7069042536 1023569980 137 9000220 1055307888
======================
   8      16 sdb 12909024 213697 1452568712 31778356 23488923 227811201 7069991272 1023712248 140 9001224 1055450296
======================
   8      16 sdb 12909024 213697 1452568712 31778356 23490751 227811223 7070927208 1023855332 44 9002228 1055590892
======================
   8      16 sdb 12909025 213697 1452568720 31778440 23492564 227811239 7071853752 1023985432 151 9003232 1055723508
======================
   8      16 sdb 12909025 213697 1452568720 31778440 23494401 227811239 7072794296 1024127728 138 9004236 1055866464
======================
   8      16 sdb 12909025 213697 1452568720 31778440 23496231 227811239 7073731256 1024269980 132 9005240 1056008920
======================
   8      16 sdb 12909025 213697 1452568720 31778440 23498093 227811239 7074684600 1024413012 137 9006244 1056151408
======================
   8      16 sdb 12909026 213697 1452568728 31778524 23499938 227811262 7075629240 1024546444 13 9007248 1056280388
======================
   8      16 sdb 12909026 213697 1452568728 31778524 23501824 227811262 7076594552 1024683580 153 9008252 1056421964
======================
   8      16 sdb 12909026 213697 1452568728 31778524 23503685 227811262 7077547384 1024826416 148 9009256 1056564836
======================
   8      16 sdb 12909026 213697 1452568728 31778524 23505497 227811262 7078475128 1024968312 128 9010256 1056707192
======================
   8      16 sdb 12909027 213697 1452568736 31778612 23507322 227811262 7079409024 1025104688 140 9011260 1056843288
======================
   8      16 sdb 12909027 213697 1452568736 31778612 23509180 227811299 7080358608 1025247128 97 9012264 1056980248
======================
   8      16 sdb 12909027 213697 1452568736 31778612 23511036 227811299 7081308880 1025384332 131 9013268 1057122724
======================
   8      16 sdb 12909027 213697 1452568736 31778612 23512878 227811299 7082251472 1025525184 145 9014268 1057264620
======================
   8      16 sdb 12909028 213697 1452568744 31778708 23514723 227811299 7083195608 1025658412 137 9015268 1057396936
======================
   8      16 sdb 12909028 213697 1452568744 31778708 23516586 227811315 7084148584 1025799996 130 9016272 1057538424
======================
   8      16 sdb 12909028 213697 1452568744 31778708 23518503 227811337 7085129760 1025940772 156 9017280 1057676164
======================
   8      16 sdb 12909028 213697 1452568744 31778708 23520351 227811337 7086075936 1026074612 132 9018292 1057819448
======================
   8      16 sdb 12909029 213697 1452568752 31778792 23522378 227811337 7087113256 1026215072 143 9019296 1057953288
======================
   8      16 sdb 12909029 213697 1452568752 31778792 23524307 227811353 7088100024 1026357316 134 9020300 1058095488
======================
   8      16 sdb 12909029 213697 1452568752 31778792 23526244 227811353 7089091768 1026500324 149 9021312 1058239044
======================
   8      16 sdb 12909029 213697 1452568752 31778792 23528171 227811376 7090078072 1026637724 152 9022312 1058375604
======================
   8      16 sdb 12909030 213697 1452568760 31778876 23530098 227811376 7091064192 1026772332 130 9023316 1058510784
======================
   8      16 sdb 12909030 213697 1452568760 31778876 23532030 227811393 7092052504 1026914876 150 9024320 1058653128
======================
   8      16 sdb 12909030 213697 1452568760 31778876 23533939 227811393 7093029912 1027056900 129 9025324 1058795264
======================
   8      16 sdb 12909030 213697 1452568760 31778876 23535844 227811393 7094005272 1027198628 144 9026328 1058937036
======================
   8      16 sdb 12909031 213697 1452568768 31778952 23537760 227811417 7094985952 1027332232 147 9027336 1059070916
======================
   8      16 sdb 12909031 213697 1452568768 31778952 23539690 227811417 7095974112 1027474500 137 9028340 1059212980
======================
   8      16 sdb 12909031 213697 1452568768 31778952 23541619 227811417 7096961760 1027616044 128 9029344 1059354408
======================
   8      16 sdb 12909031 213697 1452568768 31778952 23543554 227811417 7097952480 1027758440 145 9030352 1059496920
======================
   8      16 sdb 12909032 213697 1452568776 31779032 23545486 227811417 7098941160 1027892580 153 9031356 1059631020
======================
   8      16 sdb 12909032 213697 1452568776 31779032 23547418 227811457 7099928648 1028030924 150 9032360 1059768168
======================
   8      16 sdb 12909032 213697 1452568776 31779032 23549321 227811457 7100902984 1028171948 135 9033364 1059910400
======================
   8      16 sdb 12909032 213697 1452568776 31779032 23551242 227811457 7101886536 1028314968 134 9034368 1060053752
======================
   8      16 sdb 12909033 213697 1452568784 31779112 23553168 227811457 7102872144 1028450432 149 9035368 1060188796
======================
   8      16 sdb 12909033 213697 1452568784 31779112 23555095 227811474 7103857896 1028592672 142 9036372 1060331284
======================
   8      16 sdb 12909033 213697 1452568784 31779112 23557021 227811496 7104843680 1028730032 146 9037372 1060467976
======================
   8      16 sdb 12909033 213697 1452568784 31779112 23558945 227811496 7105829280 1028872068 142 9038376 1060610632
======================
   8      16 sdb 12909034 213697 1452568792 31779196 23560871 227811496 7106814376 1029007944 156 9039380 1060746796
======================
   8      16 sdb 12909034 213697 1452568792 31779196 23562782 227811512 7107791928 1029150304 134 9040380 1060888672
======================
   8      16 sdb 12909034 213697 1452568792 31779196 23564688 227811512 7108767800 1029292852 148 9041388 1061031680
======================
   8      16 sdb 12909034 213697 1452568792 31779196 23566615 227811536 7109754112 1029429116 129 9042388 1061167380
======================
   8      16 sdb 12909035 213697 1452568800 31779280 23568542 227811536 7110740232 1029564520 140 9043392 1061303012
======================
   8      16 sdb 12909035 213697 1452568800 31779280 23570471 227811553 7111726504 1029706340 131 9044396 1061444856
======================
   8      16 sdb 12909035 213697 1452568800 31779280 23572396 227811553 7112712104 1029848728 142 9045400 1061587520
======================
   8      16 sdb 12909035 213697 1452568800 31779280 23574329 227811553 7113702312 1029991600 145 9046404 1061730112
======================
   8      16 sdb 12909036 213697 1452568808 31779356 23576233 227811576 7114676328 1030126568 150 9047408 1061865160
======================
   8      16 sdb 12909036 213697 1452568808 31779356 23578136 227811576 7115650664 1030268880 135 9048412 1062007600
======================
   8      16 sdb 12909036 213697 1452568808 31779356 23580063 227811576 7116637288 1030411744 128 9049416 1062149976
