======================
   8      32 sdc 844542 12210 225218758 22030332 8157868 193181274 4086669488 2251621308 0 15798376 2274391264
======================
   8      32 sdc 844542 12210 225218758 22030332 8157868 193181274 4086669488 2251621308 0 15798376 2274391264
======================
   8      32 sdc 844544 12210 225218774 22030356 8157868 193181274 4086669488 2251621308 0 15798400 2274391288
======================
   8      32 sdc 844544 12210 225218774 22030356 8157868 193181274 4086669488 2251621308 0 15798400 2274391288
======================
   8      32 sdc 844545 12210 225218782 22030400 8158924 193181274 4087210160 2251626608 148 15798592 2274402268
======================
   8      32 sdc 844545 12210 225218782 22030400 8159241 193181274 4087372464 2251737096 151 15799596 2274546292
======================
   8      32 sdc 844545 12210 225218782 22030400 8159505 193181274 4087507632 2251880976 143 15800600 2274690336
======================
   8      32 sdc 844545 12210 225218782 22030400 8159738 193181274 4087626928 2252016004 135 15801604 2274834484
======================
   8      32 sdc 844545 12210 225218782 22030400 8159912 193181291 4087715144 2252119704 154 15802608 2274980876
======================
   8      32 sdc 844545 12210 225218782 22030400 8160198 193181291 4087861576 2252331780 156 15803608 2275122624
======================
   8      32 sdc 844545 12210 225218782 22030400 8160226 193181291 4087875912 2252355060 128 15804620 2275260440
======================
   8      32 sdc 844545 12210 225218782 22030400 8161416 193181291 4088485192 2252618984 154 15805624 2275403292
======================
   8      32 sdc 844545 12210 225218782 22030400 8161801 193181291 4088682312 2252726824 153 15806628 2275548548
======================
   8      32 sdc 844545 12210 225218782 22030400 8162570 193181291 4089076040 2252908908 152 15807632 2275697680
======================
   8      32 sdc 844545 12210 225218782 22030400 8163185 193181291 4089390920 2253040736 145 15808636 2275843892
======================
   8      32 sdc 844545 12210 225218782 22030400 8163977 193181291 4089796424 2253203664 153 15809644 2275988452
======================
   8      32 sdc 844545 12210 225218782 22030400 8164532 193181291 4090080584 2253359504 142 15810648 2276138428
======================
   8      32 sdc 844545 12210 225218782 22030400 8164967 193181291 4090303304 2253430732 155 15811652 2276287480
======================
   8      32 sdc 844546 12210 225218790 22030504 8165505 193181291 4090578760 2253568028 132 15812656 2276418580
======================
   8      32 sdc 844546 12210 225218790 22030504 8166284 193181291 4090977608 2253755248 153 15813656 2276565692
======================
   8      32 sdc 844546 12210 225218790 22030504 8167227 193181291 4091460424 2253937336 138 15814740 2276723284
======================
   8      32 sdc 844546 12210 225218790 22030504 8167608 193181291 4091655496 2254052424 141 15815776 2276878940
======================
   8      32 sdc 844546 12210 225218790 22030504 8168079 193181291 4091896648 2254197364 150 15816800 2277021992
======================
   8      32 sdc 844546 12210 225218790 22030504 8169116 193181291 4092427592 2254378740 137 15817808 2277165160
======================
   8      32 sdc 844546 12210 225218790 22030504 8169771 193181291 4092762952 2254520692 154 15818812 2277308432
======================
   8      32 sdc 844546 12210 225218790 22030504 8170434 193181291 4093102408 2254667632 131 15819812 2277452884
======================
   8      32 sdc 844546 12210 225218790 22030504 8171049 193181291 4093417288 2254812844 156 15820816 2277597976
======================
   8      32 sdc 844546 12210 225218790 22030504 8171701 193181291 4093751112 2254954988 144 15821820 2277740072
======================
   8      32 sdc 844546 12210 225218790 22030504 8172358 193181291 4094087496 2255095624 136 15822824 2277882668
======================
   8      32 sdc 844547 12210 225218798 22030744 8173021 193181321 4094426184 2255233396 91 15823828 2278006144
======================
   8      32 sdc 844547 12210 225218798 22030744 8173703 193181326 4094771376 2255361604 150 15824832 2278149464
======================
   8      32 sdc 844547 12210 225218798 22030744 8174354 193181326 4095104688 2255503804 139 15825836 2278293184
======================
   8      32 sdc 844547 12210 225218798 22030744 8174978 193181326 4095424176 2255647356 155 15826836 2278436176
======================
   8      32 sdc 844547 12210 225218798 22030744 8175569 193181326 4095726768 2255793516 140 15827840 2278578740
======================
   8      32 sdc 844547 12210 225218798 22030744 8176274 193181326 4096087728 2255933876 139 15828844 2278722884
======================
   8      32 sdc 844547 12210 225218798 22030744 8176915 193181326 4096415920 2256077368 138 15829844 2278865632
======================
   8      32 sdc 844547 12210 225218798 22030744 8177576 193181326 4096754352 2256221048 149 15830848 2279009332
======================
   8      32 sdc 844547 12210 225218798 22030744 8178236 193181326 4097092272 2256364944 129 15831856 2279153492
======================
   8      32 sdc 844547 12210 225218798 22030744 8178882 193181326 4097423024 2256509280 155 15832864 2279297720
======================
   8      32 sdc 844547 12210 225218798 22030744 8179511 193181326 4097745072 2256659092 134 15833876 2279445260
======================
   8      32 sdc 844547 12210 225218798 22030744 8180175 193181326 4098085040 2256801284 142 15834892 2279590968
======================
   8      32 sdc 844548 12210 225218806 22030968 8180803 193181326 4098406576 2256932028 154 15835896 2279720776
======================
   8      32 sdc 844548 12210 225218806 22030968 8181470 193181326 4098748080 2257076148 159 15836904 2279864776
======================
   8      32 sdc 844548 12210 225218806 22030968 8182121 193181326 4099081392 2257219464 148 15837912 2280009140
======================
   8      32 sdc 844548 12210 225218806 22030968 8182699 193181326 4099377328 2257366424 146 15838920 2280155568
======================
   8      32 sdc 844548 12210 225218806 22030968 8183422 193181326 4099747504 2257511316 146 15839932 2280299920
======================
   8      32 sdc 844548 12210 225218806 22030968 8184049 193181326 4100068528 2257653604 140 15840936 2280443548
======================
   8      32 sdc 844548 12210 225218806 22030968 8184327 193181326 4100210864 2257717556 150 15841944 2280591696
======================
   8      32 sdc 844548 12210 225218806 22030968 8185359 193181326 4100739248 2257946852 143 15842948 2280735500
======================
   8      32 sdc 844548 12210 225218806 22030968 8186035 193181326 4101085360 2258090220 139 15843952 2280878892
======================
   8      32 sdc 844548 12210 225218806 22030968 8186711 193181326 4101431472 2258233704 135 15844956 2281022224
======================
   8      32 sdc 844548 12210 225218806 22030968 8187346 193181326 4101756592 2258375664 140 15845960 2281165412
======================
   8      32 sdc 844548 12210 225218806 22030968 8187921 193181326 4102050992 2258521392 141 15846960 2281307120
======================
   8      32 sdc 844549 12210 225218814 22031172 8188613 193181326 4102405296 2258649084 153 15847964 2281437988
======================
   8      32 sdc 844549 12210 225218814 22031172 8189283 193181326 4102748336 2258791736 155 15848968 2281581432
======================
   8      32 sdc 844549 12210 225218814 22031172 8189924 193181326 4103076528 2258935100 154 15849972 2281725228
======================
   8      32 sdc 844549 12210 225218814 22031172 8190539 193181326 4103391408 2259082884 147 15850972 2281868412
======================
   8      32 sdc 844549 12210 225218814 22031172 8191215 193181326 4103737520 2259221644 143 15851976 2282011540
======================
   8      32 sdc 844549 12210 225218814 22031172 8191856 193181326 4104065712 2259364732 142 15852980 2282154908
======================
   8      32 sdc 844549 12210 225218814 22031172 8192498 193181326 4104394416 2259508256 140 15853980 2282297936
======================
   8      32 sdc 844549 12210 225218814 22031172 8193090 193181326 4104697520 2259640912 156 15854984 2282442308
======================
   8      32 sdc 844549 12210 225218814 22031172 8193799 193181326 4105060528 2259800072 151 15855988 2282587604
======================
   8      32 sdc 844549 12210 225218814 22031172 8194463 193181326 4105400496 2259940940 129 15856988 2282729536
======================
   8      32 sdc 844549 12210 225218814 22031172 8195093 193181326 4105723056 2260082348 137 15857992 2282874492
======================
   8      32 sdc 844549 12210 225218814 22031172 8195718 193181326 4106043056 2260221216 152 15858996 2283018108
======================
   8      32 sdc 844550 12210 225218822 22031372 8196406 193181326 4106395312 2260359316 146 15859996 2283148044
======================
   8      32 sdc 844550 12210 225218822 22031372 8197047 193181326 4106723504 2260500912 145 15861000 2283291380
======================
   8      32 sdc 844550 12210 225218822 22031372 8197674 193181326 4107044528 2260645408 158 15862004 2283435072
======================
   8      32 sdc 844550 12210 225218822 22031372 8198349 193181326 4107390128 2260789448 155 15863004 2283578284
======================
   8      32 sdc 844550 12210 225218822 22031372 8199008 193181326 4107727536 2260932748 136 15864008 2283721920
======================
   8      32 sdc 844550 12210 225218822 22031372 8199307 193181326 4107880624 2260996292 157 15865012 2283873376
======================
   8      32 sdc 844550 12210 225218822 22031372 8200285 193181326 4108381360 2261229408 139 15866020 2284019900
======================
   8      32 sdc 844550 12210 225218822 22031372 8200943 193181326 4108718768 2261374324 153 15867024 2284163508
======================
   8      32 sdc 844550 12210 225218822 22031372 8201560 193181326 4109034160 2261520284 144 15868028 2284306928
======================
   8      32 sdc 844550 12210 225218822 22031372 8202258 193181326 4109391536 2261660576 150 15869032 2284450744
======================
   8      32 sdc 844550 12210 225218822 22031372 8202905 193181326 4109722800 2261804820 143 15870040 2284594808
======================
   8      32 sdc 844550 12210 225218822 22031372 8203571 193181326 4110063792 2261948292 102 15871044 2284736884
======================
   8      32 sdc 844551 12210 225218830 22031592 8204173 193181326 4110372016 2262081648 155 15872052 2284869044
======================
   8      32 sdc 844551 12210 225218830 22031592 8204845 193181326 4110716080 2262222212 155 15873060 2285013196
======================
   8      32 sdc 844551 12210 225218830 22031592 8205487 193181326 4111044784 2262366060 153 15874060 2285156592
======================
   8      32 sdc 844551 12210 225218830 22031592 8206130 193181326 4111374000 2262510124 150 15875064 2285300504
======================
   8      32 sdc 844551 12210 225218830 22031592 8206773 193181326 4111703216 2262653572 147 15876068 2285444020
======================
   8      32 sdc 844551 12210 225218830 22031592 8207352 193181326 4111999664 2262798164 144 15877068 2285584776
======================
   8      32 sdc 844551 12210 225218830 22031592 8208063 193181326 4112364208 2262938668 137 15878072 2285728640
======================
   8      32 sdc 844551 12210 225218830 22031592 8208740 193181326 4112710320 2263082328 132 15879076 2285872092
======================
   8      32 sdc 844551 12210 225218830 22031592 8209388 193181326 4113042096 2263224552 156 15880080 2286015632
======================
   8      32 sdc 844551 12210 225218830 22031592 8210012 193181326 4113361584 2263368060 140 15881084 2286159628
======================
   8      32 sdc 844551 12210 225218830 22031592 8210648 193181326 4113687216 2263521012 144 15882084 2286307168
======================
   8      32 sdc 844551 12210 225218830 22031592 8211325 193181326 4114033840 2263664424 28 15883088 2286443372
======================
   8      32 sdc 844551 12210 225218830 22031592 8211326 193181326 4114034352 2263664600 27 15884092 2286470480
======================
   8      32 sdc 844552 12210 225218838 22033120 8212640 193181326 4114707120 2263776044 133 15885096 2286568560
======================
   8      32 sdc 844552 12210 225218838 22033120 8213264 193181326 4115026608 2263919408 149 15886100 2286712284
======================
   8      32 sdc 844552 12210 225218838 22033120 8213753 193181326 4115276976 2264065404 140 15887104 2286857000
======================
   8      32 sdc 844552 12210 225218838 22033120 8214414 193181326 4115615408 2264207908 151 15888104 2286999844
======================
   8      32 sdc 844552 12210 225218838 22033120 8215030 193181326 4115930800 2264349136 143 15889112 2287139172
======================
   8      32 sdc 844552 12210 225218838 22033120 8215705 193181326 4116276400 2264490292 140 15890112 2287282220
======================
   8      32 sdc 844552 12210 225218838 22033120 8216370 193181326 4116616880 2264633784 147 15891116 2287425972
======================
   8      32 sdc 844552 12210 225218838 22033120 8217020 193181326 4116949680 2264776896 137 15892120 2287569572
======================
   8      32 sdc 844552 12210 225218838 22033120 8217662 193181326 4117278384 2264920396 135 15893124 2287713128
======================
   8      32 sdc 844552 12210 225218838 22033120 8218216 193181326 4117562032 2265052996 157 15894128 2287858072
======================
   8      32 sdc 844552 12210 225218838 22033120 8218931 193181326 4117928112 2265212324 70 15895132 2287998996
======================
   8      32 sdc 844553 12210 225218846 22033312 8219583 193181326 4118261936 2265341120 129 15896132 2288133136
======================
   8      32 sdc 844553 12210 225218846 22033312 8220225 193181326 4118590640 2265483240 159 15897136 2288276096
======================
   8      32 sdc 844553 12210 225218846 22033312 8220867 193181326 4118919344 2265626972 157 15898140 2288419992
======================
   8      32 sdc 844553 12210 225218846 22033312 8221518 193181326 4119252656 2265770296 146 15899140 2288563216
======================
   8      32 sdc 844553 12210 225218846 22033312 8222079 193181326 4119539888 2265915348 129 15900144 2288705760
======================
   8      32 sdc 844553 12210 225218846 22033312 8222791 193181326 4119904432 2266056068 153 15901148 2288849436
======================
   8      32 sdc 844553 12210 225218846 22033312 8223420 193181326 4120226480 2266206236 132 15902152 2288994876
======================
   8      32 sdc 844553 12210 225218846 22033312 8224098 193181326 4120573616 2266340500 158 15903156 2289139100
======================
   8      32 sdc 844553 12210 225218846 22033312 8224791 193181326 4120928432 2266503528 137 15904156 2289293656
======================
   8      32 sdc 844553 12210 225218846 22033312 8225453 193181326 4121267376 2266644188 147 15905160 2289437284
======================
   8      32 sdc 844553 12210 225218846 22033312 8226030 193181326 4121562800 2266789104 146 15906160 2289579384
======================
   8      32 sdc 844554 12210 225218854 22033536 8226696 193181326 4121903792 2266923652 152 15907164 2289708260
======================
   8      32 sdc 844554 12210 225218854 22033536 8227372 193181326 4122249904 2267059256 148 15908168 2289851876
======================
   8      32 sdc 844554 12210 225218854 22033536 8228023 193181326 4122583216 2267201916 137 15909168 2289995108
======================
   8      32 sdc 844554 12210 225218854 22033536 8228653 193181326 4122905776 2267345704 147 15910172 2290136280
======================
   8      32 sdc 844554 12210 225218854 22033536 8228999 193181326 4123082928 2267426756 153 15911180 2290284132
======================
   8      32 sdc 844554 12210 225218854 22033536 8229955 193181326 4123572400 2267636612 157 15912184 2290429508
======================
   8      32 sdc 844554 12210 225218854 22033536 8230599 193181326 4123902128 2267780688 153 15913192 2290573896
======================
   8      32 sdc 844554 12210 225218854 22033536 8231241 193181326 4124230832 2267924192 151 15914196 2290717520
======================
   8      32 sdc 844554 12210 225218854 22033536 8231889 193181326 4124562608 2268068248 143 15915196 2290860612
======================
   8      32 sdc 844554 12210 225218854 22033536 8232533 193181326 4124892336 2268207260 139 15916200 2291004076
======================
   8      32 sdc 844554 12210 225218854 22033536 8233205 193181326 4125236400 2268353928 139 15917204 2291147304
======================
   8      32 sdc 844554 12210 225218854 22033536 8233848 193181326 4125565616 2268497816 136 15918208 2291291060
======================
   8      32 sdc 844555 12210 225218862 22033760 8234486 193181326 4125892272 2268627812 139 15919212 2291420776
======================
   8      32 sdc 844555 12210 225218862 22033760 8235162 193181326 4126238384 2268771372 135 15920212 2291563740
======================
   8      32 sdc 844555 12210 225218862 22033760 8235787 193181326 4126558384 2268913604 150 15921216 2291707356
======================
   8      32 sdc 844555 12210 225218862 22033760 8236366 193181326 4126854832 2269059868 147 15922220 2291850040
======================
   8      32 sdc 844555 12210 225218862 22033760 8237069 193181326 4127214768 2269205392 148 15923224 2291995416
======================
   8      32 sdc 844555 12210 225218862 22033760 8237756 193181326 4127566512 2269346044 133 15924224 2292138396
======================
   8      32 sdc 844555 12210 225218862 22033760 8238410 193181326 4127901360 2269489740 151 15925236 2292282932
======================
   8      32 sdc 844555 12210 225218862 22033760 8239019 193181326 4128213168 2269639532 150 15926252 2292430164
======================
   8      32 sdc 844555 12210 225218862 22033760 8239703 193181326 4128563376 2269782560 138 15927272 2292576048
======================
   8      32 sdc 844555 12210 225218862 22033760 8240380 193181326 4128910000 2269926404 133 15928276 2292719536
======================
   8      32 sdc 844555 12210 225218862 22033760 8241022 193181326 4129238704 2270069016 131 15929280 2292862996
======================
   8      32 sdc 844555 12210 225218862 22033760 8241669 193181326 4129569968 2270213332 156 15930284 2293006720
======================
   8      32 sdc 844555 12210 225218862 22033760 8241989 193181326 4129733808 2270282328 52 15931288 2293096508
======================
   8      32 sdc 844556 12210 225218870 22034840 8242963 193181326 4130232496 2270406400 131 15932292 2293201256
======================
   8      32 sdc 844556 12210 225218870 22034840 8243601 193181326 4130559152 2270549372 133 15933300 2293345144
======================
   8      32 sdc 844556 12210 225218870 22034840 8244245 193181326 4130888880 2270694064 129 15934304 2293488848
======================
   8      32 sdc 844556 12210 225218870 22034840 8244745 193181326 4131144880 2270840996 141 15935308 2293635628
======================
   8      32 sdc 844556 12210 225218870 22034840 8245370 193181326 4131464880 2270988732 156 15936312 2293780464
======================
   8      32 sdc 844556 12210 225218870 22034840 8246060 193181326 4131818160 2271128364 138 15937312 2293923272
======================
   8      32 sdc 844556 12210 225218870 22034840 8246701 193181326 4132146352 2271269692 137 15938316 2294064884
======================
   8      32 sdc 844556 12210 225218870 22034840 8247370 193181326 4132488880 2271413036 140 15939320 2294207456
======================
   8      32 sdc 844556 12210 225218870 22034840 8248043 193181326 4132833456 2271556152 139 15940324 2294351052
======================
   8      32 sdc 844556 12210 225218870 22034840 8248667 193181326 4133152944 2271698996 155 15941328 2294494644
======================
   8      32 sdc 844556 12210 225218870 22034840 8249269 193181326 4133461168 2271848868 129 15942328 2294639764
======================
   8      32 sdc 844556 12210 225218870 22034840 8249701 193181326 4133682352 2271930392 20 15943332 2294721632
======================
   8      32 sdc 844557 12210 225218878 22036408 8249781 193181326 4133723312 2271961396 142 15944336 2294742912
======================
   8      32 sdc 844557 12210 225218878 22036408 8250951 193181326 4134322352 2272016916 156 15945340 2294892576
======================
   8      32 sdc 844557 12210 225218878 22036408 8251890 193181326 4134803120 2272247440 145 15946344 2295040580
======================
   8      32 sdc 844557 12210 225218878 22036408 8252574 193181326 4135153328 2272387996 133 15947348 2295183824
======================
   8      32 sdc 844557 12210 225218878 22036408 8253243 193181326 4135495856 2272531256 136 15948352 2295327408
======================
   8      32 sdc 844557 12210 225218878 22036408 8253879 193181326 4135821488 2272676860 140 15949356 2295470440
======================
   8      32 sdc 844557 12210 225218878 22036408 8254536 193181326 4136157872 2272818400 155 15950364 2295614504
======================
   8      32 sdc 844557 12210 225218878 22036408 8255200 193181326 4136497840 2272961820 131 15951368 2295757908
======================
   8      32 sdc 844557 12210 225218878 22036408 8255854 193181326 4136832688 2273104584 149 15952368 2295900776
======================
   8      32 sdc 844557 12210 225218878 22036408 8256495 193181326 4137160880 2273247724 148 15953372 2296044264
======================
   8      32 sdc 844557 12210 225218878 22036408 8257075 193181326 4137457840 2273394172 144 15954376 2296189588
======================
   8      32 sdc 844558 12210 225218886 22036604 8257752 193181326 4137804464 2273528312 130 15955380 2296321372
======================
   8      32 sdc 844558 12210 225218886 22036604 8258413 193181326 4138142896 2273668416 141 15956380 2296464348
======================
   8      32 sdc 844558 12210 225218886 22036604 8259075 193181326 4138481840 2273811392 151 15957384 2296608020
======================
   8      32 sdc 844558 12210 225218886 22036604 8259716 193181326 4138810032 2273954644 150 15958388 2296751640
======================
   8      32 sdc 844558 12210 225218886 22036604 8260372 193181326 4139145904 2274098620 134 15959388 2296894376
======================
   8      32 sdc 844558 12210 225218886 22036604 8261029 193181326 4139482288 2274240660 149 15960392 2297037992
======================
   8      32 sdc 844558 12210 225218886 22036604 8261617 193181326 4139783344 2274386528 137 15961396 2297180700
======================
   8      32 sdc 844558 12210 225218886 22036604 8262302 193181326 4140134064 2274528088 156 15962396 2297323756
======================
   8      32 sdc 844558 12210 225218886 22036604 8262962 193181326 4140471984 2274672328 136 15963400 2297465564
======================
   8      32 sdc 844558 12210 225218886 22036604 8263649 193181326 4140823728 2274812920 153 15964436 2297613104
======================
   8      32 sdc 844558 12210 225218886 22036604 8264316 193181326 4141165232 2274955328 158 15965440 2297756808
======================
   8      32 sdc 844558 12210 225218886 22036604 8264941 193181326 4141485232 2275098944 140 15966444 2297900672
======================
   8      32 sdc 844559 12210 225218894 22036840 8265553 193181326 4141798576 2275230300 137 15967448 2298030884
======================
   8      32 sdc 844559 12210 225218894 22036840 8266228 193181326 4142144176 2275373692 134 15968452 2298174544
======================
   8      32 sdc 844559 12210 225218894 22036840 8266845 193181326 4142460080 2275521044 157 15969452 2298319176
======================
   8      32 sdc 844559 12210 225218894 22036840 8267527 193181326 4142809264 2275661484 147 15970456 2298462668
======================
   8      32 sdc 844559 12210 225218894 22036840 8268043 193181326 4143073456 2275801892 143 15971460 2298603196
======================
   8      32 sdc 844559 12210 225218894 22036840 8268672 193181326 4143395504 2275948592 154 15972460 2298746908
======================
   8      32 sdc 844559 12210 225218894 22036840 8269336 193181326 4143735472 2276088716 130 15973464 2298890000
======================
   8      32 sdc 844559 12210 225218894 22036840 8269979 193181326 4144064688 2276232484 157 15974468 2299033476
======================
   8      32 sdc 844559 12210 225218894 22036840 8270624 193181326 4144394928 2276376616 154 15975476 2299177824
======================
   8      32 sdc 844559 12210 225218894 22036840 8271285 193181326 4144733360 2276521064 133 15976484 2299321992
======================
   8      32 sdc 844559 12210 225218894 22036840 8271898 193181326 4145047216 2276669080 128 15977492 2299467248
======================
   8      32 sdc 844559 12210 225218894 22036840 8272588 193181326 4145400496 2276809056 142 15978492 2299610352
======================
   8      32 sdc 844560 12210 225218902 22037072 8273220 193181326 4145724080 2276939620 153 15979496 2299740356
======================
   8      32 sdc 844560 12210 225218902 22037072 8273896 193181326 4146070192 2277083084 149 15980500 2299884076
======================
   8      32 sdc 844560 12210 225218902 22037072 8274509 193181326 4146384048 2277230620 144 15981504 2300029660
======================
   8      32 sdc 844560 12210 225218902 22037072 8275164 193181326 4146719408 2277371112 129 15982508 2300172964
======================
   8      32 sdc 844560 12210 225218902 22037072 8275819 193181326 4147054768 2277514884 146 15983508 2300315988
======================
   8      32 sdc 844560 12210 225218902 22037072 8276489 193181326 4147397808 2277659028 148 15984516 2300459960
======================
   8      32 sdc 844560 12210 225218902 22037072 8277143 193181326 4147732656 2277803712 134 15985520 2300603492
======================
   8      32 sdc 844560 12210 225218902 22037072 8277734 193181326 4148035248 2277946524 153 15986520 2300744792
======================
   8      32 sdc 844560 12210 225218902 22037072 8278415 193181326 4148383920 2278089388 144 15987524 2300889116
======================
   8      32 sdc 844560 12210 225218902 22037072 8279090 193181326 4148729520 2278231460 141 15988528 2301032360
======================
   8      32 sdc 844560 12210 225218902 22037072 8279744 193181326 4149064368 2278374084 128 15989532 2301175424
======================
   8      32 sdc 844560 12210 225218902 22037072 8280371 193181326 4149385392 2278513896 38 15990532 2301307572
======================
   8      32 sdc 844561 12210 225218910 22037300 8280688 193181326 4149547696 2278575404 142 15991536 2301447520
======================
   8      32 sdc 844561 12210 225218910 22037300 8281676 193181326 4150053552 2278789124 146 15992536 2301590352
======================
   8      32 sdc 844561 12210 225218910 22037300 8282316 193181326 4150381232 2278931656 146 15993540 2301733636
======================
   8      32 sdc 844561 12210 225218910 22037300 8282864 193181326 4150661808 2279066404 142 15994540 2301879028
======================
   8      32 sdc 844561 12210 225218910 22037300 8283443 193181326 4150958256 2279220092 139 15995544 2302021868
======================
   8      32 sdc 844561 12210 225218910 22037300 8284107 193181326 4151298224 2279363852 147 15996544 2302164820
======================
   8      32 sdc 844561 12210 225218910 22037300 8284766 193181326 4151635632 2279506620 128 15997548 2302308184
======================
   8      32 sdc 844561 12210 225218910 22037300 8285407 193181326 4151963824 2279650124 153 15998552 2302451884
======================
   8      32 sdc 844561 12210 225218910 22037300 8286012 193181326 4152273584 2279799272 130 15999556 2302597524
======================
   8      32 sdc 844561 12210 225218910 22037300 8286741 193181326 4152646832 2279940108 137 16000560 2302740896
======================
   8      32 sdc 844561 12210 225218910 22037300 8287379 193181326 4152973488 2280081580 139 16001564 2302884128
======================
   8      32 sdc 844561 12210 225218910 22037300 8288006 193181326 4153294512 2280225672 83 16002568 2303024844
======================
   8      32 sdc 844562 12210 225218918 22037540 8288651 193181326 4153624752 2280356336 149 16003580 2303157740
======================
   8      32 sdc 844562 12210 225218918 22037540 8289289 193181326 4153951408 2280491832 151 16004584 2303301716
======================
   8      32 sdc 844562 12210 225218918 22037540 8290004 193181326 4154317488 2280647824 140 16005588 2303448464
======================
   8      32 sdc 844562 12210 225218918 22037540 8290635 193181326 4154640560 2280788108 149 16006592 2303591884
======================
   8      32 sdc 844562 12210 225218918 22037540 8291282 193181326 4154971824 2280934400 142 16007596 2303735660
======================
   8      32 sdc 844562 12210 225218918 22037540 8291958 193181326 4155317936 2281078016 138 16008600 2303879476
======================
   8      32 sdc 844562 12210 225218918 22037540 8292575 193181326 4155633840 2281228336 129 16009604 2304017092
======================
   8      32 sdc 844562 12210 225218918 22037540 8293250 193181326 4155979440 2281358396 158 16010604 2304160132
======================
   8      32 sdc 844562 12210 225218918 22037540 8293912 193181326 4156318384 2281502124 136 16011608 2304303748
======================
   8      32 sdc 844562 12210 225218918 22037540 8294575 193181326 4156657840 2281645520 145 16012612 2304447556
======================
   8      32 sdc 844562 12210 225218918 22037540 8295220 193181326 4156988080 2281789932 140 16013620 2304591924
======================
   8      32 sdc 844563 12210 225218926 22037764 8295768 193181326 4157268656 2281914060 136 16014624 2304720704
======================
   8      32 sdc 844563 12210 225218926 22037764 8296461 193181326 4157623472 2282064520 147 16015632 2304865152
======================
   8      32 sdc 844563 12210 225218926 22037764 8297133 193181326 4157967536 2282212900 147 16016648 2305011412
======================
   8      32 sdc 844563 12210 225218926 22037764 8297810 193181326 4158314160 2282352664 142 16017648 2305154348
======================
   8      32 sdc 844563 12210 225218926 22037764 8298441 193181326 4158637232 2282495464 151 16018652 2305297704
======================
   8      32 sdc 844563 12210 225218926 22037764 8299085 193181326 4158966960 2282645024 147 16019656 2305443800
======================
   8      32 sdc 844563 12210 225218926 22037764 8299785 193181326 4159325360 2282786180 151 16020664 2305588032
======================
   8      32 sdc 844563 12210 225218926 22037764 8300409 193181326 4159644848 2282929072 135 16021668 2305731408
======================
   8      32 sdc 844563 12210 225218926 22037764 8301043 193181326 4159969456 2283073316 141 16022672 2305875140
======================
   8      32 sdc 844563 12210 225218926 22037764 8301719 193181326 4160315568 2283216780 137 16023672 2306018108
======================
   8      32 sdc 844563 12210 225218926 22037764 8302395 193181326 4160661680 2283360528 133 16024676 2306161816
======================
   8      32 sdc 844563 12210 225218926 22037764 8303071 193181326 4161007792 2283505136 129 16025680 2306306208
======================
   8      32 sdc 844563 12210 225218926 22037764 8303412 193181326 4161182384 2283580488 37 16026684 2306391392
======================
   8      32 sdc 844563 12210 225218926 22037764 8303412 193181326 4161182384 2283580488 37 16027684 2306428392
======================
   8      32 sdc 844564 12210 225218934 22039468 8304962 193181326 4161975984 2283762324 155 16028692 2306565860
======================
   8      32 sdc 844564 12210 225218934 22039468 8305629 193181326 4162317488 2283904940 128 16029692 2306708880
======================
   8      32 sdc 844564 12210 225218934 22039468 8306177 193181326 4162598064 2284035064 156 16030696 2306853824
======================
   8      32 sdc 844564 12210 225218934 22039468 8306898 193181326 4162967216 2284196520 139 16031700 2306998144
======================
   8      32 sdc 844564 12210 225218934 22039468 8307555 193181326 4163303600 2284336692 154 16032700 2307140976
======================
   8      32 sdc 844564 12210 225218934 22039468 8308197 193181326 4163632304 2284480344 152 16033704 2307284736
======================
   8      32 sdc 844564 12210 225218934 22039468 8308825 193181326 4163953840 2284625080 132 16034708 2307426076
======================
   8      32 sdc 844564 12210 225218934 22039468 8309480 193181326 4164289200 2284764936 149 16035712 2307569712
======================
   8      32 sdc 844564 12210 225218934 22039468 8310140 193181326 4164627120 2284908988 129 16036712 2307712524
======================
   8      32 sdc 844564 12210 225218934 22039468 8310803 193181326 4164966576 2285052084 138 16037716 2307856188
======================
   8      32 sdc 844565 12210 225218942 22039676 8311417 193181326 4165280944 2285183544 150 16038720 2307988672
======================
   8      32 sdc 844565 12210 225218942 22039676 8312014 193181326 4165586608 2285329364 129 16039720 2308129724
======================
   8      32 sdc 844565 12210 225218942 22039676 8312741 193181326 4165958832 2285469236 138 16040724 2308273392
======================
   8      32 sdc 844565 12210 225218942 22039676 8313392 193181326 4166292144 2285611632 144 16041728 2308416544
======================
   8      32 sdc 844565 12210 225218942 22039676 8314031 193181326 4166619312 2285757728 128 16042740 2308561232
======================
   8      32 sdc 844565 12210 225218942 22039676 8314714 193181326 4166969008 2285902304 149 16043756 2308706424
======================
   8      32 sdc 844565 12210 225218942 22039676 8315366 193181326 4167302832 2286040296 137 16044760 2308849256
======================
   8      32 sdc 844565 12210 225218942 22039676 8316042 193181326 4167648944 2286190388 133 16045768 2308990484
======================
   8      32 sdc 844565 12210 225218942 22039676 8316689 193181326 4167980208 2286329044 158 16046772 2309133772
======================
   8      32 sdc 844565 12210 225218942 22039676 8317303 193181326 4168294576 2286477292 152 16047780 2309278212
======================
   8      32 sdc 844565 12210 225218942 22039676 8318008 193181326 4168655536 2286617968 151 16048788 2309422012
======================
   8      32 sdc 844565 12210 225218942 22039676 8318659 193181326 4168988848 2286760252 140 16049792 2309565260
======================
   8      32 sdc 844566 12210 225218950 22039904 8319274 193181326 4169303728 2286885696 135 16050792 2309690020
======================
   8      32 sdc 844566 12210 225218950 22039904 8319932 193181326 4169640624 2287029132 149 16051796 2309833640
======================
   8      32 sdc 844566 12210 225218950 22039904 8320504 193181326 4169933488 2287152796 153 16052800 2309978576
======================
   8      32 sdc 844566 12210 225218950 22039904 8321229 193181326 4170304688 2287320392 132 16053800 2310122208
======================
   8      32 sdc 844566 12210 225218950 22039904 8321864 193181326 4170629808 2287462804 137 16054804 2310265824
======================
   8      32 sdc 844566 12210 225218950 22039904 8322504 193181326 4170957488 2287608104 137 16055808 2310410256
======================
   8      32 sdc 844566 12210 225218950 22039904 8323133 193181326 4171279536 2287752256 148 16056812 2310553284
======================
   8      32 sdc 844566 12210 225218950 22039904 8323824 193181326 4171633328 2287891204 129 16057816 2310696196
======================
   8      32 sdc 844566 12210 225218950 22039904 8324425 193181326 4171941040 2288035084 136 16058816 2310840520
======================
   8      32 sdc 844566 12210 225218950 22039904 8325110 193181326 4172291760 2288178784 155 16059820 2310984252
======================
   8      32 sdc 844566 12210 225218950 22039904 8325793 193181326 4172641456 2288324024 144 16060824 2311128112
======================
   8      32 sdc 844566 12210 225218950 22039904 8326423 193181326 4172964016 2288466284 34 16061828 2311262012
======================
   8      32 sdc 844567 12210 225218958 22040132 8327026 193181326 4173272752 2288591436 142 16062832 2311396920
======================
   8      32 sdc 844567 12210 225218958 22040132 8327696 193181326 4173615792 2288736048 129 16063832 2311540048
======================
   8      32 sdc 844567 12210 225218958 22040132 8328366 193181326 4173958832 2288879412 131 16064836 2311683556
======================
   8      32 sdc 844567 12210 225218958 22040132 8328903 193181326 4174233776 2289007444 138 16065840 2311828568
======================
   8      32 sdc 844567 12210 225218958 22040132 8329468 193181326 4174523056 2289171300 149 16066840 2311973104
======================
   8      32 sdc 844567 12210 225218958 22040132 8330159 193181326 4174876848 2289311992 130 16067844 2312116088
======================
   8      32 sdc 844567 12210 225218958 22040132 8330832 193181326 4175221424 2289455300 129 16068852 2312260116
======================
   8      32 sdc 844567 12210 225218958 22040132 8331478 193181326 4175552176 2289597944 155 16069852 2312403232
======================
   8      32 sdc 844567 12210 225218958 22040132 8332114 193181326 4175877808 2289741476 142 16070856 2312546964
======================
   8      32 sdc 844567 12210 225218958 22040132 8332772 193181326 4176214704 2289884436 141 16071860 2312690676
======================
   8      32 sdc 844567 12210 225218958 22040132 8333406 193181326 4176539312 2290025812 148 16072860 2312827704
======================
   8      32 sdc 844567 12210 225218958 22040132 8334063 193181326 4176875696 2290165304 42 16073864 2312963076
======================
   8      32 sdc 844568 12210 225218966 22040376 8334678 193181326 4177190576 2290288620 128 16074868 2313094384
======================
   8      32 sdc 844568 12210 225218966 22040376 8335319 193181326 4177518768 2290431824 159 16075872 2313237792
======================
   8      32 sdc 844568 12210 225218966 22040376 8335982 193181326 4177858224 2290575632 136 16076872 2313380916
======================
   8      32 sdc 844568 12210 225218966 22040376 8336550 193181326 4178149040 2290705364 144 16077876 2313522592
======================
   8      32 sdc 844568 12210 225218966 22040376 8337145 193181326 4178453680 2290859140 157 16078876 2313664544
======================
   8      32 sdc 844568 12210 225218966 22040376 8337801 193181326 4178789552 2291007784 141 16079880 2313809792
======================
   8      32 sdc 844568 12210 225218966 22040376 8338483 193181326 4179138736 2291147024 131 16080884 2313953096
======================
   8      32 sdc 844568 12210 225218966 22040376 8339107 193181326 4179458224 2291290176 147 16081888 2314096644
======================
   8      32 sdc 844568 12210 225218966 22040376 8339750 193181326 4179787440 2291434708 144 16082892 2314239968
======================
   8      32 sdc 844568 12210 225218966 22040376 8340426 193181326 4180133552 2291578020 140 16083896 2314383376
======================
   8      32 sdc 844568 12210 225218966 22040376 8341103 193181326 4180480176 2291721636 135 16084900 2314526844
======================
   8      32 sdc 844568 12210 225218966 22040376 8341749 193181326 4180810928 2291867684 36 16085904 2314663276
======================
   8      32 sdc 844569 12210 225218974 22040580 8342369 193181326 4181128368 2291988892 159 16086904 2314795264
======================
   8      32 sdc 844569 12210 225218974 22040580 8342999 193181326 4181451440 2292133252 137 16087908 2314938940
======================
   8      32 sdc 844569 12210 225218974 22040580 8343675 193181326 4181797040 2292281784 133 16088908 2315085688
======================
   8      32 sdc 844569 12210 225218974 22040580 8344250 193181326 4182091440 2292403920 134 16089912 2315228024
======================
   8      32 sdc 844569 12210 225218974 22040580 8344826 193181326 4182386352 2292564876 134 16090916 2315370536
======================
   8      32 sdc 844569 12210 225218974 22040580 8345491 193181326 4182726832 2292708268 141 16091920 2315514116
======================
   8      32 sdc 844569 12210 225218974 22040580 8346148 193181326 4183063216 2292851544 156 16092924 2315657544
======================
   8      32 sdc 844569 12210 225218974 22040580 8346774 193181326 4183383728 2292999736 138 16093928 2315802076
======================
   8      32 sdc 844569 12210 225218974 22040580 8347433 193181326 4183721136 2293142004 151 16094932 2315946080
======================
   8      32 sdc 844569 12210 225218974 22040580 8348075 193181326 4184049840 2293283416 149 16095936 2316089544
======================
   8      32 sdc 844569 12210 225218974 22040580 8348734 193181326 4184387248 2293427356 130 16096940 2316233068
======================
   8      32 sdc 844569 12210 225218974 22040580 8349347 193181326 4184701104 2293570204 118 16097944 2316372636
======================
   8      32 sdc 844570 12210 225218982 22040784 8350003 193181326 4185036976 2293701068 155 16098948 2316504096
======================
   8      32 sdc 844570 12210 225218982 22040784 8350664 193181326 4185375408 2293842080 134 16099952 2316647528
======================
   8      32 sdc 844570 12210 225218982 22040784 8351326 193181326 4185714352 2293990180 144 16100956 2316793744
======================
   8      32 sdc 844570 12210 225218982 22040784 8351930 193181326 4186023600 2294116388 148 16101956 2316935800
======================
   8      32 sdc 844570 12210 225218982 22040784 8352464 193181326 4186297008 2294274580 158 16102960 2317079868
======================
   8      32 sdc 844570 12210 225218982 22040784 8352797 193181326 4186467504 2294345132 145 16103964 2317224620
======================
   8      32 sdc 844570 12210 225218982 22040784 8353815 193181326 4186988720 2294561992 151 16104964 2317367080
======================
   8      32 sdc 844570 12210 225218982 22040784 8354491 193181326 4187334832 2294704880 147 16105968 2317510400
======================
   8      32 sdc 844570 12210 225218982 22040784 8355123 193181326 4187658416 2294847412 155 16106976 2317654520
======================
   8      32 sdc 844570 12210 225218982 22040784 8355750 193181326 4187979440 2294991508 136 16107980 2317798000
======================
   8      32 sdc 844570 12210 225218982 22040784 8356420 193181326 4188322480 2295135936 138 16108984 2317941684
======================
   8      32 sdc 844570 12210 225218982 22040784 8357089 193181326 4188665008 2295278936 56 16109992 2318078800
======================
   8      32 sdc 844570 12210 225218982 22040784 8357125 193181326 4188683440 2295290660 20 16111000 2318104028
======================
   8      32 sdc 844571 12210 225218990 22042692 8358326 193181326 4189298352 2295353396 153 16112004 2318151152
======================
   8      32 sdc 844571 12210 225218990 22042692 8358988 193181326 4189637296 2295486136 131 16113008 2318294104
======================
   8      32 sdc 844571 12210 225218990 22042692 8359610 193181326 4189955760 2295624560 149 16114008 2318437028
======================
   8      32 sdc 844571 12210 225218990 22042692 8360121 193181326 4190217392 2295773296 150 16115012 2318581264
======================
   8      32 sdc 844571 12210 225218990 22042692 8360759 193181326 4190544048 2295916508 152 16116012 2318723684
======================
   8      32 sdc 844571 12210 225218990 22042692 8361423 193181326 4190884016 2296059576 128 16117016 2318866828
======================
   8      32 sdc 844571 12210 225218990 22042692 8362070 193181326 4191215280 2296199584 153 16118020 2319010100
======================
   8      32 sdc 844571 12210 225218990 22042692 8362716 193181326 4191546032 2296349488 147 16119020 2319154900
======================
   8      32 sdc 844571 12210 225218990 22042692 8363381 193181326 4191886512 2296491396 154 16120024 2319296400
======================
   8      32 sdc 844571 12210 225218990 22042692 8364057 193181326 4192232624 2296632276 150 16121028 2319439604
======================
   8      32 sdc 844571 12210 225218990 22042692 8364689 193181326 4192556208 2296774012 136 16122032 2319582588
======================
   8      32 sdc 844571 12210 225218990 22042692 8364790 193181326 4192607920 2296797032 35 16123036 2319625724
======================
   8      32 sdc 844572 12210 225218998 22044324 8365952 193181326 4193202864 2296891764 150 16124044 2319700984
======================
   8      32 sdc 844572 12210 225218998 22044324 8366383 193181326 4193424048 2297043912 135 16125060 2319838348
======================
   8      32 sdc 844572 12210 225218998 22044324 8367290 193181326 4193887920 2297167348 156 16126080 2319984104
======================
   8      32 sdc 844572 12210 225218998 22044324 8367812 193181326 4194155184 2297319924 146 16127092 2320130960
======================
   8      32 sdc 844572 12210 225218998 22044324 8368455 193181326 4194484400 2297464964 143 16128104 2320275488
======================
   8      32 sdc 844572 12210 225218998 22044324 8369126 193181326 4194827952 2297607752 144 16129108 2320418644
======================
   8      32 sdc 844572 12210 225218998 22044324 8369682 193181326 4195112624 2297751184 132 16130112 2320564160
======================
   8      32 sdc 844572 12210 225218998 22044324 8370382 193181326 4195471024 2297899952 136 16131112 2320707584
======================
   8      32 sdc 844572 12210 225218998 22044324 8371078 193181326 4195827376 2298040528 144 16132116 2320851004
======================
   8      32 sdc 844572 12210 225218998 22044324 8371742 193181326 4196167344 2298183696 152 16133120 2320994328
======================
   8      32 sdc 844572 12210 225218998 22044324 8372382 193181326 4196495024 2298326276 123 16134120 2321136788
======================
   8      32 sdc 844573 12210 225219006 22045228 8372986 193181326 4196804272 2298383128 131 16135124 2321182124
======================
   8      32 sdc 844573 12210 225219006 22045228 8373407 193181326 4197020336 2298523536 137 16136184 2321328608
======================
   8      32 sdc 844573 12210 225219006 22045228 8374277 193181326 4197465264 2298654284 152 16137188 2321473168
======================
   8      32 sdc 844573 12210 225219006 22045228 8374925 193181326 4197797040 2298794020 144 16138192 2321614552
======================
   8      32 sdc 844573 12210 225219006 22045228 8375436 193181326 4198058672 2298934084 145 16139192 2321754044
======================
   8      32 sdc 844573 12210 225219006 22045228 8376091 193181326 4198394032 2299079252 130 16140196 2321897748
======================
   8      32 sdc 844573 12210 225219006 22045228 8376767 193181326 4198740144 2299222332 153 16141200 2322041344
======================
   8      32 sdc 844573 12210 225219006 22045228 8377375 193181326 4199051440 2299364584 158 16142204 2322187040
======================
   8      32 sdc 844573 12210 225219006 22045228 8378033 193181326 4199388336 2299510992 140 16143208 2322330516
======================
   8      32 sdc 844573 12210 225219006 22045228 8378699 193181326 4199729328 2299654088 146 16144212 2322474172
======================
   8      32 sdc 844573 12210 225219006 22045228 8379375 193181326 4200075440 2299797768 142 16145216 2322617828
======================
   8      32 sdc 844573 12210 225219006 22045228 8380052 193181326 4200422064 2299941388 133 16146220 2322761184
======================
   8      32 sdc 844573 12210 225219006 22045228 8380141 193181326 4200467632 2299960220 44 16147224 2322811188
======================
   8      32 sdc 844574 12210 225219014 22046940 8381300 193181326 4201061040 2300067048 144 16148232 2322887396
======================
   8      32 sdc 844574 12210 225219014 22046940 8381958 193181326 4201397936 2300209148 158 16149240 2323030216
======================
   8      32 sdc 844574 12210 225219014 22046940 8382635 193181326 4201744560 2300352756 153 16150244 2323173556
======================
   8      32 sdc 844574 12210 225219014 22046940 8383117 193181326 4201991344 2300500880 186 16151248 2323341932
======================
   8      32 sdc 844574 12210 225219014 22046940 8383781 193181326 4202331824 2300650332 162 16152252 2323514504
======================
   8      32 sdc 844574 12210 225219014 22046940 8384446 193181326 4202671792 2300811200 169 16153256 2323680432
======================
   8      32 sdc 844574 12210 225219014 22046940 8385090 193181326 4203001520 2300979112 165 16154256 2323837296
======================
   8      32 sdc 844574 12210 225219014 22046940 8385732 193181326 4203330224 2301159396 131 16155260 2323981280
======================
   8      32 sdc 844574 12210 225219014 22046940 8386374 193181326 4203658928 2301302524 129 16156264 2324124564
======================
   8      32 sdc 844574 12210 225219014 22046940 8387011 193181326 4203985072 2301450200 132 16157268 2324269608
======================
   8      32 sdc 844574 12210 225219014 22046940 8387680 193181326 4204327600 2301591096 135 16158268 2324412668
======================
   8      32 sdc 844575 12210 225219022 22047200 8388307 193181753 4204648008 2301711184 145 16159268 2324534044
======================
   8      32 sdc 844575 12210 225219022 22047200 8388948 193181753 4204976200 2301854760 144 16160268 2324677220
======================
   8      32 sdc 844575 12210 225219022 22047200 8389612 193181753 4205316168 2301998972 152 16161272 2324820620
======================
   8      32 sdc 844575 12210 225219022 22047200 8390252 193181753 4205643848 2302142904 152 16162276 2324961920
======================
   8      32 sdc 844575 12210 225219022 22047200 8390896 193181753 4205973576 2302280248 148 16163280 2325104544
======================
   8      32 sdc 844575 12210 225219022 22047200 8391572 193181753 4206319688 2302426764 144 16164284 2325248484
======================
   8      32 sdc 844575 12210 225219022 22047200 8392243 193181753 4206663240 2302570504 145 16165288 2325392256
======================
   8      32 sdc 844575 12210 225219022 22047200 8392914 193181753 4207006792 2302714124 146 16166292 2325535776
======================
   8      32 sdc 844575 12210 225219022 22047200 8393562 193181753 4207338568 2302856364 138 16167296 2325679332
======================
   8      32 sdc 844575 12210 225219022 22047200 8394186 193181753 4207658056 2302999784 154 16168300 2325822784
======================
   8      32 sdc 844575 12210 225219022 22047200 8394844 193181753 4207994952 2303144184 136 16169300 2325965796
======================
   8      32 sdc 844575 12210 225219022 22047200 8395519 193181753 4208340552 2303287372 34 16170304 2326100320
======================
   8      32 sdc 844576 12210 225219030 22047476 8396137 193181772 4208656112 2303401996 155 16171308 2326225004
======================
   8      32 sdc 844576 12210 225219030 22047476 8396782 193181772 4208986352 2303545968 150 16172308 2326368104
======================
   8      32 sdc 844576 12210 225219030 22047476 8397441 193181772 4209323760 2303689876 131 16173312 2326511776
======================
   8      32 sdc 844576 12210 225219030 22047476 8398013 193181772 4209616624 2303816512 135 16174316 2326652548
======================
   8      32 sdc 844576 12210 225219030 22047476 8398595 193181772 4209914608 2303972744 129 16175320 2326795268
======================
   8      32 sdc 844576 12210 225219030 22047476 8399239 193181772 4210244336 2304116704 157 16176328 2326939520
======================
   8      32 sdc 844576 12210 225219030 22047476 8399888 193181772 4210576624 2304260404 148 16177328 2327082600
======================
   8      32 sdc 844576 12210 225219030 22047476 8400546 193181772 4210913520 2304403048 130 16178332 2327225984
======================
   8      32 sdc 844576 12210 225219030 22047476 8401182 193181772 4211239152 2304546032 134 16179336 2327368896
======================
   8      32 sdc 844576 12210 225219030 22047476 8401826 193181772 4211568880 2304689512 130 16180340 2327512368
======================
   8      32 sdc 844576 12210 225219030 22047476 8402497 193181772 4211912432 2304832904 131 16181340 2327655500
======================
   8      32 sdc 844576 12210 225219030 22047476 8403145 193181772 4212244208 2304975992 90 16182344 2327796976
======================
   8      32 sdc 844577 12210 225219038 22047784 8403695 193182247 4212506912 2305077536 0 16183224 2327884612
======================
   8      32 sdc 844577 12210 225219038 22047784 8403695 193182247 4212506912 2305077536 0 16183224 2327884612
======================
   8      32 sdc 844577 12210 225219038 22047784 8403695 193182247 4212506912 2305077536 0 16183224 2327884612
======================
   8      32 sdc 844577 12210 225219038 22047784 8403695 193182247 4212506912 2305077536 0 16183224 2327884612
======================
   8      32 sdc 844577 12210 225219038 22047784 8403695 193182247 4212506912 2305077536 0 16183224 2327884612
======================
   8      32 sdc 844577 12210 225219038 22047784 8403695 193182247 4212506912 2305077536 0 16183224 2327884612
started
======================
   8      32 sdc 844815 12210 225220936 22049140 8403714 193182247 4212506984 2305077536 0 16183252 2327885968
======================
   8      32 sdc 844821 12210 225220984 22049140 8403714 193182247 4212506984 2305077536 0 16183252 2327885968
======================
   8      32 sdc 844821 12210 225220984 22049140 8403714 193182247 4212506984 2305077536 0 16183252 2327885968
======================
   8      32 sdc 844821 12210 225220984 22049140 8403714 193182247 4212506984 2305077536 0 16183252 2327885968
======================
   8      32 sdc 844821 12210 225220984 22049140 8408427 193182247 4213782632 2305100280 139 16183880 2327959608
======================
   8      32 sdc 844821 12210 225220984 22049140 8408533 193182247 4213812584 2305193404 129 16184880 2328101676
======================
   8      32 sdc 844821 12210 225220984 22049140 8408709 193182247 4213859688 2305381588 146 16185884 2328246512
======================
   8      32 sdc 844821 12210 225220984 22049140 8408920 193182249 4213920144 2305553440 129 16186944 2328396192
======================
   8      32 sdc 844821 12210 225220984 22049140 8409207 193182249 4213998480 2305688208 130 16187952 2328539904
======================
   8      32 sdc 844821 12210 225220984 22049140 8409513 193182249 4214084240 2305838648 144 16188956 2328686180
======================
   8      32 sdc 844821 12210 225220984 22049140 8409808 193182249 4214165904 2305981880 137 16189960 2328830688
======================
   8      32 sdc 844821 12210 225220984 22049140 8410082 193182249 4214242968 2306113392 151 16190964 2328974668
======================
   8      32 sdc 844821 12210 225220984 22049140 8410353 193182250 4214318256 2306268596 138 16191964 2329117956
======================
   8      32 sdc 844821 12210 225220984 22049140 8410640 193182250 4214398384 2306408672 139 16192968 2329260800
======================
   8      32 sdc 844821 12210 225220984 22049140 8410926 193182250 4214479536 2306557160 141 16193976 2329406220
======================
   8      32 sdc 844821 12210 225220984 22049140 8411215 193182250 4214562736 2306696008 140 16194980 2329550232
======================
   8      32 sdc 844821 12210 225220984 22049140 8411455 193182250 4214630576 2306832852 156 16195984 2329691112
======================
   8      32 sdc 844821 12210 225220984 22049140 8411739 193182251 4214710728 2306983368 130 16196988 2329835724
======================
   8      32 sdc 844821 12210 225220984 22049140 8412020 193182251 4214790856 2307123304 137 16197988 2329978876
======================
   8      32 sdc 844821 12210 225220984 22049140 8412285 193182251 4214866376 2307268580 128 16198992 2330121636
======================
   8      32 sdc 844821 12210 225220984 22049140 8412586 193182251 4214951624 2307414980 147 16199996 2330265588
======================
   8      32 sdc 844821 12210 225220984 22049140 8412760 193182251 4215000776 2307537132 133 16200996 2330409180
======================
   8      32 sdc 844821 12210 225220984 22049140 8412924 193182252 4215047904 2307688084 131 16202000 2330550556
======================
   8      32 sdc 844821 12210 225220984 22049140 8413251 193182252 4215138528 2307849152 156 16203004 2330691272
======================
   8      32 sdc 844821 12210 225220984 22049140 8413431 193182252 4215189472 2307946148 136 16204008 2330835560
======================
   8      32 sdc 844821 12210 225220984 22049140 8413670 193182252 4215257824 2308126348 153 16205012 2330980296
======================
   8      32 sdc 844821 12210 225220984 22049140 8413884 193182252 4215319264 2308257452 131 16206020 2331125064
======================
   8      32 sdc 844821 12210 225220984 22049140 8414158 193182253 4215396344 2308415288 147 16207024 2331269304
======================
   8      32 sdc 844821 12210 225220984 22049140 8414364 193182253 4215455224 2308540068 133 16208028 2331412348
======================
   8      32 sdc 844821 12210 225220984 22049140 8414659 193182254 4215539192 2308704620 158 16209032 2331555476
======================
   8      32 sdc 844821 12210 225220984 22049140 8414910 193182254 4215612408 2308862056 131 16210036 2331701036
======================
   8      32 sdc 844821 12210 225220984 22049140 8415174 193182254 4215688184 2308990868 155 16211036 2331838884
======================
   8      32 sdc 844821 12210 225220984 22049140 8415400 193182255 4215752464 2309151456 155 16212052 2331988476
======================
   8      32 sdc 844821 12210 225220984 22049140 8415689 193182255 4215831824 2309280268 154 16213056 2332132704
======================
   8      32 sdc 844821 12210 225220984 22049140 8415818 193182255 4215869200 2309396524 153 16214060 2332281732
======================
   8      32 sdc 844821 12210 225220984 22049140 8415930 193182255 4215901712 2309519780 137 16215064 2332425732
======================
   8      32 sdc 844821 12210 225220984 22049140 8416151 193182255 4215966480 2309704732 140 16216068 2332570416
======================
   8      32 sdc 844821 12210 225220984 22049140 8416357 193182256 4216025360 2309830764 159 16217068 2332714624
======================
   8      32 sdc 844821 12210 225220984 22049140 8416603 193182256 4216095784 2310008492 138 16218072 2332855768
======================
   8      32 sdc 844821 12210 225220984 22049140 8416787 193182256 4216149544 2310137108 146 16219076 2333000728
======================
   8      32 sdc 844821 12210 225220984 22049140 8417048 193182256 4216224808 2310300232 141 16220080 2333146060
======================
   8      32 sdc 844821 12210 225220984 22049140 8417295 193182256 4216294440 2310461388 150 16221088 2333297508
======================
   8      32 sdc 844821 12210 225220984 22049140 8417567 193182257 4216371264 2310585768 136 16222096 2333443104
======================
   8      32 sdc 844821 12210 225220984 22049140 8417780 193182257 4216431936 2310722412 147 16223108 2333589036
======================
   8      32 sdc 844821 12210 225220984 22049140 8417993 193182257 4216492608 2310850236 158 16224120 2333734092
======================
   8      32 sdc 844821 12210 225220984 22049140 8418254 193182257 4216570176 2311027020 153 16225120 2333877740
======================
   8      32 sdc 844821 12210 225220984 22049140 8418440 193182257 4216621376 2311180644 141 16226132 2334024292
======================
   8      32 sdc 844821 12210 225220984 22049140 8418691 193182259 4216692568 2311316696 134 16227136 2334165828
======================
   8      32 sdc 844821 12210 225220984 22049140 8418832 193182259 4216733016 2311433004 153 16228140 2334311268
======================
   8      32 sdc 844821 12210 225220984 22049140 8419079 193182259 4216804440 2311603104 130 16229144 2334455336
======================
   8      32 sdc 844821 12210 225220984 22049140 8419322 193182259 4216875608 2311737056 143 16230144 2334598456
======================
   8      32 sdc 844821 12210 225220984 22049140 8419505 193182259 4216927576 2311847236 152 16231148 2334742128
======================
   8      32 sdc 844821 12210 225220984 22049140 8419604 193182260 4216956248 2311963744 150 16232152 2334886924
======================
   8      32 sdc 844821 12210 225220984 22049140 8419781 193182260 4217006192 2312162404 134 16233152 2335030920
======================
   8      32 sdc 844821 12210 225220984 22049140 8420003 193182261 4217070192 2312348768 141 16234156 2335180752
======================
   8      32 sdc 844821 12210 225220984 22049140 8420286 193182261 4217153136 2312462920 146 16235160 2335324416
======================
   8      32 sdc 844821 12210 225220984 22049140 8420547 193182261 4217226864 2312610532 141 16236164 2335468328
======================
   8      32 sdc 844821 12210 225220984 22049140 8420745 193182262 4217284488 2312759052 137 16237168 2335613212
======================
   8      32 sdc 844821 12210 225220984 22049140 8420886 193182262 4217327240 2312852592 156 16238172 2335757052
======================
   8      32 sdc 844821 12210 225220984 22049140 8420965 193182262 4217349256 2312948052 141 16239176 2335901024
======================
   8      32 sdc 844821 12210 225220984 22049140 8420965 193182262 4217349256 2312948052 141 16240180 2336042588
======================
   8      32 sdc 844821 12210 225220984 22049140 8421418 193182263 4217478536 2313326224 149 16241188 2336186800
======================
   8      32 sdc 844821 12210 225220984 22049140 8421527 193182264 4217511048 2313414024 137 16242192 2336331760
======================
   8      32 sdc 844821 12210 225220984 22049140 8421750 193182264 4217573280 2313605912 139 16243200 2336473976
