======================
   8      16 sdb 12909810 213697 1452577712 31785256 24242875 243871510 7452868424 1081266020 0 9391728 1113004728
======================
   8      16 sdb 12909841 213697 1452578840 31785260 24242875 243871510 7452868424 1081266020 0 9391732 1113004732
======================
   8      16 sdb 12909843 213697 1452578856 31785260 24242875 243871510 7452868424 1081266020 0 9391732 1113004732
======================
   8      16 sdb 12909843 213697 1452578856 31785260 24242875 243871510 7452868424 1081266020 0 9391732 1113004732
======================
   8      16 sdb 12909843 213697 1452578856 31785260 24242875 243871510 7452868424 1081266020 0 9391732 1113004732
======================
   8      16 sdb 12909843 213697 1452578856 31785260 24242875 243871510 7452868424 1081266020 0 9391732 1113004732
======================
   8      16 sdb 12909843 213697 1452578856 31785260 24242886 243871519 7452868576 1081266024 0 9391736 1113004736
started
======================
   8      16 sdb 12909843 213697 1452578856 31785260 24242886 243871519 7452868576 1081266024 0 9391736 1113004736
======================
   8      16 sdb 12909845 213697 1452578872 31785260 24243405 243871519 7453134224 1081269100 0 9391776 1113007808
======================
   8      16 sdb 12909845 213697 1452578872 31785260 24247211 243871577 7455053880 1081386500 151 9392776 1113130544
======================
   8      16 sdb 12909845 213697 1452578872 31785260 24249154 243871577 7456048216 1081529228 151 9393788 1113273104
======================
   8      16 sdb 12909846 213697 1452578880 31785344 24251062 243871577 7457025112 1081665132 143 9394796 1113409244
======================
   8      16 sdb 12909846 213697 1452578880 31785344 24252983 243871606 7458008392 1081807492 151 9395800 1113546980
======================
   8      16 sdb 12909846 213697 1452578880 31785344 24254906 243871606 7458992464 1081946024 149 9396804 1113690028
======================
   8      16 sdb 12909846 213697 1452578880 31785344 24256825 243871606 7459974992 1082088952 150 9397808 1113833020
======================
   8      16 sdb 12909847 213697 1452578888 31785428 24258569 243871606 7460867920 1082224356 134 9398812 1113968792
======================
   8      16 sdb 12909847 213697 1452578888 31785428 24260326 243871606 7461767504 1082366860 137 9399812 1114111164
======================
   8      16 sdb 12909847 213697 1452578888 31785428 24262103 243871629 7462677008 1082509712 102 9400816 1114248704
======================
   8      16 sdb 12909847 213697 1452578888 31785428 24263854 243871629 7463573016 1082646868 137 9401824 1114391992
======================
   8      16 sdb 12909848 213697 1452578896 31785520 24265598 243871629 7464465944 1082782336 139 9402824 1114526644
======================
   8      16 sdb 12909848 213697 1452578896 31785520 24267353 243871629 7465364504 1082924312 144 9403828 1114669596
======================
   8      16 sdb 12909848 213697 1452578896 31785520 24269061 243871629 7466239000 1083067164 132 9404828 1114812152
======================
   8      16 sdb 12909848 213697 1452578896 31785520 24270892 243871652 7467176016 1083207588 127 9405832 1114948888
======================
   8      16 sdb 12909848 213697 1452578896 31785520 24272773 243871652 7468138360 1083346996 135 9406832 1115091248
======================
   8      16 sdb 12909849 213697 1452578904 31785612 24274653 243871655 7469100064 1083482308 132 9407836 1115226844
======================
   8      16 sdb 12909849 213697 1452578904 31785612 24276416 243871661 7470000416 1083624608 129 9408836 1115368732
======================
   8      16 sdb 12909849 213697 1452578904 31785612 24278195 243871661 7470910920 1083766576 142 9409840 1115511056
======================
   8      16 sdb 12909849 213697 1452578904 31785612 24279930 243871702 7471798528 1083907644 147 9410844 1115647868
======================
   8      16 sdb 12909850 213697 1452578912 31785700 24281679 243871702 7472693448 1084038436 135 9411848 1115783052
======================
   8      16 sdb 12909850 213697 1452578912 31785700 24283496 243871702 7473623752 1084181464 142 9412852 1115926312
======================
   8      16 sdb 12909850 213697 1452578912 31785700 24285401 243871702 7474599112 1084324820 154 9413852 1116069040
======================
   8      16 sdb 12909850 213697 1452578912 31785700 24287297 243871702 7475569864 1084467864 149 9414856 1116212184
======================
   8      16 sdb 12909851 213697 1452578920 31785796 24289149 243871737 7476517864 1084597388 129 9415856 1116340876
======================
   8      16 sdb 12909851 213697 1452578920 31785796 24290960 243871737 7477444160 1084738896 143 9416860 1116483320
======================
   8      16 sdb 12909851 213697 1452578920 31785796 24292826 243871737 7478398472 1084881228 133 9417864 1116625780
======================
   8      16 sdb 12909851 213697 1452578920 31785796 24294667 243871737 7479340320 1085022960 148 9418864 1116767408
======================
   8      16 sdb 12909852 213697 1452578928 31785876 24296477 243871737 7480265824 1085154088 150 9419868 1116899444
======================
   8      16 sdb 12909852 213697 1452578928 31785876 24298319 243871854 7481202032 1085291864 145 9420868 1117035968
======================
   8      16 sdb 12909852 213697 1452578928 31785876 24300176 243871854 7482151440 1085434204 145 9421872 1117178728
======================
   8      16 sdb 12909852 213697 1452578928 31785876 24301903 243871854 7483035192 1085576424 146 9422872 1117321060
======================
   8      16 sdb 12909853 213697 1452578936 31785972 24303622 243871854 7483914464 1085715072 148 9423880 1117457620
======================
   8      16 sdb 12909853 213697 1452578936 31785972 24305497 243871854 7484873112 1085855168 131 9424880 1117600172
======================
   8      16 sdb 12909853 213697 1452578936 31785972 24307265 243871900 7485777112 1085992716 147 9425884 1117736896
======================
   8      16 sdb 12909853 213697 1452578936 31785972 24309125 243871900 7486728184 1086134300 144 9426884 1117879360
======================
   8      16 sdb 12909853 213697 1452578936 31785972 24310880 243871900 7487625528 1086277284 149 9427888 1118021832
======================
   8      16 sdb 12909854 213697 1452578944 31786056 24312659 243871900 7488535376 1086412336 143 9428888 1118157032
======================
   8      16 sdb 12909854 213697 1452578944 31786056 24314435 243871900 7489443688 1086550832 156 9429892 1118295816
======================
   8      16 sdb 12909854 213697 1452578944 31786056 24316155 243871947 7490323080 1086685928 139 9430892 1118432848
======================
   8      16 sdb 12909854 213697 1452578944 31786056 24318038 243871947 7491285992 1086830548 145 9431896 1118575224
======================
   8      16 sdb 12909855 213697 1452578952 31786152 24319834 243871947 7492204216 1086966608 156 9432900 1118711092
======================
   8      16 sdb 12909855 213697 1452578952 31786152 24321748 243871947 7493183456 1087109380 130 9433900 1118853696
======================
   8      16 sdb 12909855 213697 1452578952 31786152 24323536 243871947 7494097552 1087251212 134 9434904 1118996488
======================
   8      16 sdb 12909855 213697 1452578952 31786152 24325411 243871994 7495056576 1087387732 144 9435904 1119132244
======================
   8      16 sdb 12909856 213697 1452578960 31786256 24327153 243871994 7495946944 1087523160 156 9436908 1119267644
======================
   8      16 sdb 12909856 213697 1452578960 31786256 24328985 243871994 7496884128 1087665304 148 9437912 1119410324
======================
   8      16 sdb 12909856 213697 1452578960 31786256 24330887 243871994 7497856952 1087811044 152 9438916 1119555744
======================
   8      16 sdb 12909856 213697 1452578960 31786256 24332745 243871994 7498807008 1087953088 150 9439916 1119697908
======================
   8      16 sdb 12909857 213697 1452578968 31786336 24334625 243872039 7499768512 1088087220 146 9440920 1119832268
======================
   8      16 sdb 12909857 213697 1452578968 31786336 24336406 243872039 7500678784 1088229628 147 9441924 1119974816
======================
   8      16 sdb 12909857 213697 1452578968 31786336 24338253 243872039 7501623680 1088372684 135 9442924 1120117136
======================
   8      16 sdb 12909857 213697 1452578968 31786336 24340102 243872039 7502569224 1088515524 142 9443928 1120260476
======================
   8      16 sdb 12909857 213697 1452578968 31786336 24341915 243872039 7503496352 1088657692 153 9444928 1120402176
======================
   8      16 sdb 12909858 213697 1452578976 31786428 24343730 243872085 7504424488 1088790196 135 9445932 1120531660
======================
   8      16 sdb 12909858 213697 1452578976 31786428 24345528 243872220 7505330760 1088925160 138 9446936 1120670144
======================
   8      16 sdb 12909858 213697 1452578976 31786428 24347440 243872220 7506308296 1089068536 146 9447940 1120813252
======================
   8      16 sdb 12909858 213697 1452578976 31786428 24349361 243872220 7507290984 1089210872 145 9448948 1120956780
======================
   8      16 sdb 12909859 213697 1452578984 31786500 24351302 243872220 7508283592 1089347376 129 9449952 1121092400
======================
   8      16 sdb 12909859 213697 1452578984 31786500 24353204 243872266 7509256656 1089486640 132 9450952 1121230796
======================
   8      16 sdb 12909859 213697 1452578984 31786500 24355094 243872266 7510222624 1089628792 147 9451960 1121374320
======================
   8      16 sdb 12909859 213697 1452578984 31786500 24357018 243872266 7511206680 1089769552 154 9452960 1121516144
