======================
   8      32 sdc 209018 1837 32654846 573536 1267678 31065357 630252952 341049984 0 2448916 341622128
======================
   8      32 sdc 209018 1837 32654846 573536 1267678 31065357 630252952 341049984 0 2448916 341622128
======================
   8      32 sdc 209020 1837 32654862 573568 1267678 31065357 630252952 341049984 0 2448948 341622160
======================
   8      32 sdc 209020 1837 32654862 573568 1267678 31065357 630252952 341049984 0 2448948 341622160
======================
   8      32 sdc 209021 1837 32654870 573592 1268832 31065357 630843800 341063200 130 2449336 341663228
======================
   8      32 sdc 209021 1837 32654870 573592 1269103 31065357 630982552 341195276 147 2450340 341806768
======================
   8      32 sdc 209021 1837 32654870 573592 1269288 31065357 631077272 341294236 154 2451340 341952956
======================
   8      32 sdc 209021 1837 32654870 573592 1269587 31065357 631230360 341482348 144 2452344 342100008
======================
   8      32 sdc 209021 1837 32654870 573592 1269807 31065374 631342128 341601436 149 2453348 342246252
======================
   8      32 sdc 209021 1837 32654870 573592 1269809 31065374 631343152 341603412 147 2454352 342394560
======================
   8      32 sdc 209021 1837 32654870 573592 1269809 31065374 631343152 341603412 147 2455356 342542148
======================
   8      32 sdc 209021 1837 32654870 573592 1270282 31065374 631585328 342105832 154 2456360 342686948
======================
   8      32 sdc 209021 1837 32654870 573592 1271673 31065374 632297520 342249776 139 2457360 342829168
======================
   8      32 sdc 209021 1837 32654870 573592 1272764 31065374 632856112 342385076 136 2458364 342972384
======================
   8      32 sdc 209021 1837 32654870 573592 1273406 31065374 633184816 342527548 134 2459368 343115780
======================
   8      32 sdc 209021 1837 32654870 573592 1274048 31065374 633513520 342670952 132 2460372 343259200
======================
   8      32 sdc 209021 1837 32654870 573592 1274701 31065374 633847856 342814716 151 2461376 343402432
======================
   8      32 sdc 209022 1837 32654878 573976 1275211 31065374 634108976 342938316 149 2462380 343521940
======================
   8      32 sdc 209022 1837 32654878 573976 1275853 31065374 634437680 343076328 147 2463380 343665040
======================
   8      32 sdc 209022 1837 32654878 573976 1276495 31065374 634766384 343220036 145 2464384 343808920
======================
   8      32 sdc 209022 1837 32654878 573976 1277137 31065374 635095088 343363528 143 2465388 343952272
======================
   8      32 sdc 209022 1837 32654878 573976 1277772 31065374 635420208 343506812 148 2466392 344096068
======================
   8      32 sdc 209022 1837 32654878 573976 1278429 31065374 635756592 343650976 131 2467396 344239620
======================
   8      32 sdc 209022 1837 32654878 573976 1279071 31065374 636085296 343794560 129 2468400 344383112
======================
   8      32 sdc 209022 1837 32654878 573976 1279731 31065374 636423216 343938676 141 2469404 344526884
======================
   8      32 sdc 209022 1837 32654878 573976 1280407 31065374 636769328 344082152 137 2470404 344669928
======================
   8      32 sdc 209022 1837 32654878 573976 1281040 31065374 637093424 344224380 144 2471408 344813484
======================
   8      32 sdc 209022 1837 32654878 573976 1281664 31065374 637412912 344367708 128 2472412 344956456
======================
   8      32 sdc 209022 1837 32654878 573976 1282317 31065374 637747248 344512608 147 2473416 345100804
======================
   8      32 sdc 209023 1837 32654886 574400 1282832 31065374 638010928 344634044 132 2474420 345215688
======================
   8      32 sdc 209023 1837 32654886 574400 1283507 31065374 638356528 344770524 129 2475420 345358552
======================
   8      32 sdc 209023 1837 32654886 574400 1284160 31065374 638690864 344912804 148 2476424 345502284
======================
   8      32 sdc 209023 1837 32654886 574400 1284785 31065374 639010864 345056744 131 2477428 345646000
======================
   8      32 sdc 209023 1837 32654886 574400 1285428 31065374 639340080 345201676 128 2478432 345789508
======================
   8      32 sdc 209023 1837 32654886 574400 1286077 31065374 639672368 345344200 151 2479436 345933300
======================
   8      32 sdc 209023 1837 32654886 574400 1286718 31065374 640000560 345487836 150 2480436 346076660
======================
   8      32 sdc 209023 1837 32654886 574400 1287379 31065374 640338992 345632036 129 2481440 346220080
======================
   8      32 sdc 209023 1837 32654886 574400 1288042 31065374 640678448 345775040 138 2482444 346363584
======================
   8      32 sdc 209023 1837 32654886 574400 1288684 31065374 641007152 345918088 136 2483448 346507008
======================
   8      32 sdc 209023 1837 32654886 574400 1289326 31065374 641335856 346061548 134 2484452 346650500
======================
   8      32 sdc 209023 1837 32654886 574400 1289967 31065374 641664048 346205028 133 2485456 346794200
======================
   8      32 sdc 209024 1837 32654894 574624 1290598 31065374 641987120 346332888 131 2486460 346920748
======================
   8      32 sdc 209024 1837 32654894 574624 1291257 31065374 642324528 346475404 144 2487464 347064328
======================
   8      32 sdc 209024 1837 32654894 574624 1291907 31065374 642657328 346618336 134 2488464 347207228
======================
   8      32 sdc 209024 1837 32654894 574624 1292548 31065374 642985520 346761700 133 2489468 347350856
======================
   8      32 sdc 209024 1837 32654894 574624 1293203 31065374 643320880 346905832 150 2490472 347494372
======================
   8      32 sdc 209024 1837 32654894 574624 1293831 31065374 643642416 347048356 130 2491476 347637904
======================
   8      32 sdc 209024 1837 32654894 574624 1294459 31065374 643963952 347192576 142 2492480 347781836
======================
   8      32 sdc 209024 1837 32654894 574624 1295129 31065374 644306992 347336664 144 2493480 347925008
======================
   8      32 sdc 209024 1837 32654894 574624 1295805 31065374 644653104 347479904 140 2494484 348068404
======================
   8      32 sdc 209024 1837 32654894 574624 1296481 31065374 644999216 347623612 136 2495488 348211988
======================
   8      32 sdc 209024 1837 32654894 574624 1297119 31065374 645325872 347766108 138 2496492 348355728
======================
   8      32 sdc 209024 1837 32654894 574624 1297743 31065374 645645360 347909716 154 2497496 348499484
======================
   8      32 sdc 209024 1837 32654894 574624 1298110 31065374 645833264 347991440 35 2498500 348586672
======================
   8      32 sdc 209024 1837 32654894 574624 1298110 31065374 645833264 347991440 35 2499504 348621812
======================
   8      32 sdc 209025 1837 32654902 576424 1299538 31065374 646564400 348153616 139 2500508 348744996
======================
   8      32 sdc 209025 1837 32654902 576424 1300177 31065374 646891568 348297260 140 2501508 348887952
======================
   8      32 sdc 209025 1837 32654902 576424 1300830 31065374 647225904 348441084 139 2502512 349031536
======================
   8      32 sdc 209025 1837 32654902 576424 1301472 31065374 647554608 348584432 157 2503516 349175260
======================
   8      32 sdc 209025 1837 32654902 576424 1302114 31065374 647883312 348727764 155 2504520 349318680
======================
   8      32 sdc 209025 1837 32654902 576424 1302756 31065374 648212016 348871268 153 2505524 349462224
======================
   8      32 sdc 209025 1837 32654902 576424 1303392 31065374 648537648 349014388 157 2506528 349605508
======================
   8      32 sdc 209025 1837 32654902 576424 1304051 31065374 648875056 349158072 138 2507532 349749360
======================
   8      32 sdc 209025 1837 32654902 576424 1304701 31065374 649207856 349302044 128 2508536 349892920
======================
   8      32 sdc 209025 1837 32654902 576424 1305343 31065374 649536560 349445336 158 2509540 350036332
======================
   8      32 sdc 209025 1837 32654902 576424 1305797 31065374 649769008 349543048 28 2510544 350132520
======================
   8      32 sdc 209025 1837 32654902 576424 1305797 31065374 649769008 349543048 28 2511544 350160520
======================
   8      32 sdc 209026 1837 32654910 577980 1307275 31065374 650525744 349701868 153 2512548 350294792
======================
   8      32 sdc 209026 1837 32654910 577980 1307938 31065374 650865200 349846816 130 2513552 350438276
======================
   8      32 sdc 209026 1837 32654910 577980 1308598 31065374 651203120 349989016 142 2514556 350581612
======================
   8      32 sdc 209026 1837 32654910 577980 1309264 31065374 651544112 350132000 148 2515560 350724980
======================
   8      32 sdc 209026 1837 32654910 577980 1309888 31065374 651863600 350275604 132 2516564 350868744
======================
   8      32 sdc 209026 1837 32654910 577980 1310530 31065374 652192304 350420704 130 2517568 351012500
======================
   8      32 sdc 209026 1837 32654910 577980 1311206 31065374 652538416 350564480 154 2518572 351156212
======================
   8      32 sdc 209026 1837 32654910 577980 1311860 31065374 652873264 350706976 144 2519576 351300100
======================
   8      32 sdc 209026 1837 32654910 577980 1312495 31065374 653198384 350851056 149 2520576 351443132
======================
   8      32 sdc 209026 1837 32654910 577980 1313160 31065374 653538864 350994928 156 2521580 351586612
======================
   8      32 sdc 209027 1837 32654918 578180 1313789 31065374 653860912 351127192 142 2522584 351720116
======================
   8      32 sdc 209027 1837 32654918 578180 1314431 31065374 654189616 351271044 140 2523588 351863900
======================
   8      32 sdc 209027 1837 32654918 578180 1315074 31065374 654518832 351414784 137 2524592 352007444
======================
   8      32 sdc 209027 1837 32654918 578180 1315715 31065374 654847024 351558152 136 2525596 352151108
======================
   8      32 sdc 209027 1837 32654918 578180 1316359 31065374 655176752 351702456 132 2526600 352294488
======================
   8      32 sdc 209027 1837 32654918 578180 1317007 31065374 655508528 351845272 156 2527604 352438124
======================
   8      32 sdc 209027 1837 32654918 578180 1317647 31065374 655836208 351988408 156 2528608 352581768
======================
   8      32 sdc 209027 1837 32654918 578180 1318317 31065374 656179248 352133548 158 2529612 352725400
======================
   8      32 sdc 209027 1837 32654918 578180 1318977 31065374 656517168 352275476 138 2530612 352868620
======================
   8      32 sdc 209027 1837 32654918 578180 1319602 31065374 656837168 352419244 153 2531616 353012236
======================
   8      32 sdc 209027 1837 32654918 578180 1320243 31065374 657165360 352564124 152 2532620 353155912
======================
   8      32 sdc 209027 1837 32654918 578180 1320919 31065374 657511472 352707576 148 2533624 353299668
======================
   8      32 sdc 209028 1837 32654926 578596 1321438 31065374 657777200 352814176 142 2534628 353406644
======================
   8      32 sdc 209028 1837 32654926 578596 1322114 31065374 658123312 352957668 138 2535632 353550312
======================
   8      32 sdc 209028 1837 32654926 578596 1322750 31065374 658448944 353099372 142 2536636 353693340
======================
   8      32 sdc 209028 1837 32654926 578596 1323375 31065374 658768944 353243328 157 2537640 353837040
======================
   8      32 sdc 209028 1837 32654926 578596 1324034 31065374 659106352 353387932 138 2538644 353980616
======================
   8      32 sdc 209028 1837 32654926 578596 1324678 31065374 659436080 353530640 134 2539644 354123524
======================
   8      32 sdc 209028 1837 32654926 578596 1325322 31065374 659765808 353674704 130 2540648 354267164
======================
   8      32 sdc 209028 1837 32654926 578596 1325987 31065374 660106288 353818256 137 2541652 354410860
======================
   8      32 sdc 209028 1837 32654926 578596 1326642 31065374 660441648 353960876 154 2542656 354554352
======================
   8      32 sdc 209028 1837 32654926 578596 1327284 31065374 660770352 354104344 152 2543660 354697876
======================
   8      32 sdc 209028 1837 32654926 578596 1327926 31065374 661099056 354247892 150 2544660 354840936
======================
   8      32 sdc 209028 1837 32654926 578596 1328568 31065374 661427760 354391260 148 2545664 354984440
======================
   8      32 sdc 209028 1837 32654926 578596 1328769 31065374 661530672 354436260 32 2546668 355041824
======================
   8      32 sdc 209029 1837 32654934 580412 1329159 31065374 661730352 354499740 137 2547672 355080180
======================
   8      32 sdc 209029 1837 32654934 580412 1330364 31065374 662347312 354628448 136 2548676 355223380
======================
   8      32 sdc 209029 1837 32654934 580412 1331006 31065374 662676016 354771828 134 2549680 355366756
======================
   8      32 sdc 209029 1837 32654934 580412 1331673 31065374 663017520 354915352 139 2550684 355510136
======================
   8      32 sdc 209029 1837 32654934 580412 1332297 31065374 663337008 355057552 155 2551688 355653188
======================
   8      32 sdc 209029 1837 32654934 580412 1332931 31065374 663661616 355202372 129 2552692 355796496
======================
   8      32 sdc 209029 1837 32654934 580412 1333607 31065374 664007728 355345720 157 2553696 355940104
======================
   8      32 sdc 209029 1837 32654934 580412 1334284 31065374 664354352 355489308 152 2554700 356083744
======================
   8      32 sdc 209029 1837 32654934 580412 1334960 31065374 664700464 355632728 148 2555704 356227220
======================
   8      32 sdc 209029 1837 32654934 580412 1335592 31065374 665024048 355775024 156 2556704 356369992
======================
   8      32 sdc 209029 1837 32654934 580412 1336216 31065374 665343536 355918348 140 2557708 356513692
======================
   8      32 sdc 209030 1837 32654942 580608 1336864 31065374 665675312 356052860 150 2558712 356647144
======================
   8      32 sdc 209030 1837 32654942 580608 1337526 31065374 666014256 356195392 128 2559716 356790276
======================
   8      32 sdc 209030 1837 32654942 580608 1338168 31065374 666342960 356338864 158 2560720 356933892
======================
   8      32 sdc 209030 1837 32654942 580608 1338821 31065374 666677296 356483120 145 2561724 357077676
======================
   8      32 sdc 209030 1837 32654942 580608 1339461 31065374 667004976 356625812 145 2562728 357220932
======================
   8      32 sdc 209030 1837 32654942 580608 1340103 31065374 667333680 356769212 143 2563732 357364384
======================
   8      32 sdc 209030 1837 32654942 580608 1340745 31065374 667662384 356912472 141 2564736 357507756
======================
   8      32 sdc 209030 1837 32654942 580608 1341387 31065374 667991088 357056020 139 2565740 357651312
======================
   8      32 sdc 209030 1837 32654942 580608 1342042 31065374 668326448 357199528 156 2566740 357794252
======================
   8      32 sdc 209030 1837 32654942 580608 1342705 31065374 668665904 357343244 133 2567744 357937860
======================
   8      32 sdc 209030 1837 32654942 580608 1343347 31065374 668994608 357486500 131 2568748 358081456
======================
   8      32 sdc 209030 1837 32654942 580608 1343998 31065374 669327920 357630964 152 2569752 358225084
======================
   8      32 sdc 209031 1837 32654950 581036 1344512 31065374 669591088 357731756 151 2570756 358326276
======================
   8      32 sdc 209031 1837 32654950 581036 1345172 31065374 669929008 357873920 131 2571760 358469732
======================
   8      32 sdc 209031 1837 32654950 581036 1345796 31065374 670248496 358017172 147 2572764 358613112
======================
   8      32 sdc 209031 1837 32654950 581036 1346438 31065374 670577200 358160304 145 2573768 358756100
======================
   8      32 sdc 209031 1837 32654950 581036 1347102 31065374 670917168 358304608 153 2574772 358899328
======================
   8      32 sdc 209031 1837 32654950 581036 1347778 31065374 671263280 358447660 149 2575776 359042560
======================
   8      32 sdc 209031 1837 32654950 581036 1348410 31065374 671586864 358589504 157 2576780 359185436
======================
   8      32 sdc 209031 1837 32654950 581036 1349034 31065374 671906352 358732356 141 2577784 359328676
======================
   8      32 sdc 209031 1837 32654950 581036 1349710 31065374 672252464 358876972 137 2578788 359472036
======================
   8      32 sdc 209031 1837 32654950 581036 1350406 31065374 672608816 359025908 145 2579836 359621412
======================
   8      32 sdc 209031 1837 32654950 581036 1351047 31065374 672937008 359168744 144 2580840 359764664
======================
   8      32 sdc 209031 1837 32654950 581036 1351702 31065374 673272368 359312732 129 2581844 359907804
======================
   8      32 sdc 209032 1837 32654958 581256 1352345 31065374 673601584 359438952 158 2582848 360034196
======================
   8      32 sdc 209032 1837 32654958 581256 1352993 31065374 673933360 359581480 150 2583852 360177452
======================
   8      32 sdc 209032 1837 32654958 581256 1353634 31065374 674261552 359724328 149 2584852 360320052
======================
   8      32 sdc 209032 1837 32654958 581256 1354276 31065374 674590256 359867524 147 2585856 360463224
======================
   8      32 sdc 209032 1837 32654958 581256 1354928 31065374 674924080 360011284 135 2586860 360606448
======================
   8      32 sdc 209032 1837 32654958 581256 1355583 31065374 675259952 360153784 152 2587864 360749580
======================
   8      32 sdc 209032 1837 32654958 581256 1356225 31065374 675588144 360296716 150 2588868 360892804
======================
   8      32 sdc 209032 1837 32654958 581256 1356879 31065374 675922992 360440676 136 2589868 361035456
======================
   8      32 sdc 209032 1837 32654958 581256 1357555 31065374 676269104 360583916 132 2590872 361178656
======================
   8      32 sdc 209032 1837 32654958 581256 1358198 31065374 676598320 360726032 129 2591876 361321812
======================
   8      32 sdc 209032 1837 32654958 581256 1358822 31065374 676917808 360868888 145 2592880 361465084
======================
   8      32 sdc 209032 1837 32654958 581256 1359487 31065374 677258288 361013476 34 2593884 361599532
======================
   8      32 sdc 209033 1837 32654966 581476 1360135 31065374 677590064 361139424 145 2594888 361734792
======================
   8      32 sdc 209033 1837 32654966 581476 1360805 31065374 677933104 361282396 147 2595888 361877404
======================
   8      32 sdc 209033 1837 32654966 581476 1361459 31065374 678267952 361424340 133 2596892 362020736
======================
   8      32 sdc 209033 1837 32654966 581476 1362076 31065374 678583856 361567844 156 2597896 362164568
======================
   8      32 sdc 209033 1837 32654966 581476 1362752 31065374 678929968 361712820 152 2598900 362308104
======================
   8      32 sdc 209033 1837 32654966 581476 1363406 31065374 679264816 361855244 138 2599904 362451640
======================
   8      32 sdc 209033 1837 32654966 581476 1364048 31065374 679593520 361998828 136 2600904 362594752
======================
   8      32 sdc 209033 1837 32654966 581476 1364703 31065374 679928880 362143140 153 2601908 362738352
======================
   8      32 sdc 209033 1837 32654966 581476 1365361 31065374 680265776 362286072 135 2602912 362881856
======================
   8      32 sdc 209033 1837 32654966 581476 1366003 31065374 680594480 362429340 133 2603916 363025340
======================
   8      32 sdc 209033 1837 32654966 581476 1366645 31065374 680923184 362572756 131 2604920 363168736
======================
   8      32 sdc 209034 1837 32654974 581708 1367260 31065374 681238064 362701732 154 2605924 363294212
======================
   8      32 sdc 209034 1837 32654974 581708 1367911 31065374 681571376 362841320 143 2606928 363437460
======================
   8      32 sdc 209034 1837 32654974 581708 1368576 31065374 681911856 362984560 150 2607928 363579980
======================
   8      32 sdc 209034 1837 32654974 581708 1369226 31065374 682244656 363126752 140 2608932 363722868
======================
   8      32 sdc 209034 1837 32654974 581708 1369861 31065374 682569776 363270880 145 2609936 363866440
======================
   8      32 sdc 209034 1837 32654974 581708 1370537 31065374 682915888 363414280 141 2610940 364009860
======================
   8      32 sdc 209034 1837 32654974 581708 1371167 31065374 683238448 363556508 151 2611944 364153380
======================
   8      32 sdc 209034 1837 32654974 581708 1371793 31065374 683558960 363700440 133 2612948 364296960
======================
   8      32 sdc 209034 1837 32654974 581708 1372468 31065374 683904560 363844428 130 2613948 364439484
======================
   8      32 sdc 209034 1837 32654974 581708 1373144 31065374 684250672 363987764 158 2614952 364582956
======================
   8      32 sdc 209034 1837 32654974 581708 1373820 31065374 684596784 364131252 154 2615956 364726692
======================
   8      32 sdc 209034 1837 32654974 581708 1374460 31065374 684924464 364273020 154 2616960 364869820
======================
   8      32 sdc 209035 1837 32654982 581944 1375063 31065374 685233200 364398112 128 2617960 364994496
======================
   8      32 sdc 209035 1837 32654982 581944 1375729 31065374 685574192 364542356 134 2618964 365137784
======================
   8      32 sdc 209035 1837 32654982 581944 1376401 31065374 685918256 364684644 134 2619968 365280784
======================
   8      32 sdc 209035 1837 32654982 581944 1377043 31065374 686246960 364827536 132 2620972 365423920
======================
   8      32 sdc 209035 1837 32654982 581944 1377682 31065374 686574128 364971220 133 2621976 365567120
======================
   8      32 sdc 209035 1837 32654982 581944 1378335 31065374 686908464 365113776 152 2622980 365710316
======================
   8      32 sdc 209035 1837 32654982 581944 1378976 31065374 687236656 365256704 151 2623980 365852996
======================
   8      32 sdc 209035 1837 32654982 581944 1379618 31065374 687565360 365399948 149 2624984 365996260
======================
   8      32 sdc 209035 1837 32654982 581944 1380260 31065374 687894064 365543052 147 2625988 366139492
======================
   8      32 sdc 209035 1837 32654982 581944 1380918 31065374 688230960 365687036 129 2626992 366282516
======================
   8      32 sdc 209035 1837 32654982 581944 1381582 31065374 688570928 365829816 137 2627996 366425804
======================
   8      32 sdc 209035 1837 32654982 581944 1382226 31065374 688900656 365972372 133 2629000 366568852
======================
   8      32 sdc 209036 1837 32654990 582172 1382849 31065374 689219632 366097524 153 2630000 366693500
======================
   8      32 sdc 209036 1837 32654990 582172 1383520 31065374 689563184 366241248 154 2631004 366836324
======================
   8      32 sdc 209036 1837 32654990 582172 1384176 31065374 689899056 366383028 138 2632008 366980112
======================
   8      32 sdc 209036 1837 32654990 582172 1384801 31065374 690219056 366526616 153 2633012 367123640
======================
   8      32 sdc 209036 1837 32654990 582172 1385444 31065374 690548272 366671188 150 2634016 367267212
======================
   8      32 sdc 209036 1837 32654990 582172 1386052 31065374 690859568 366800192 150 2635020 367411464
======================
   8      32 sdc 209036 1837 32654990 582172 1386647 31065374 691164208 366959816 131 2636024 367555768
======================
   8      32 sdc 209036 1837 32654990 582172 1387286 31065374 691491376 367102344 132 2637028 367699080
======================
   8      32 sdc 209036 1837 32654990 582172 1387910 31065374 691810864 367245716 148 2638032 367842796
======================
   8      32 sdc 209036 1837 32654990 582172 1388581 31065374 692154416 367390304 149 2639036 367986036
======================
   8      32 sdc 209036 1837 32654990 582172 1389245 31065374 692494384 367532796 157 2640040 368129440
======================
   8      32 sdc 209036 1837 32654990 582172 1389887 31065374 692823088 367676288 155 2641044 368272944
======================
   8      32 sdc 209037 1837 32654998 582404 1390516 31065374 693145136 367801440 136 2642048 368397936
======================
   8      32 sdc 209037 1837 32654998 582404 1391181 31065374 693485616 367944956 143 2643052 368541348
======================
   8      32 sdc 209037 1837 32654998 582404 1391831 31065374 693818928 368087552 133 2644056 368684764
======================
   8      32 sdc 209037 1837 32654998 582404 1392474 31065374 694147632 368231240 130 2645060 368828196
======================
   8      32 sdc 209037 1837 32654998 582404 1393100 31065374 694468144 368374916 144 2646064 368972144
======================
   8      32 sdc 209037 1837 32654998 582404 1393759 31065374 694806064 368519072 157 2647068 369115764
======================
   8      32 sdc 209037 1837 32654998 582404 1394424 31065374 695146032 368662584 132 2648072 369259204
======================
   8      32 sdc 209037 1837 32654998 582404 1395067 31065374 695475248 368805744 129 2649072 369402176
======================
   8      32 sdc 209037 1837 32654998 582404 1395715 31065374 695807024 368949764 153 2650076 369545732
======================
   8      32 sdc 209037 1837 32654998 582404 1396392 31065374 696153648 369093148 148 2651080 369689036
======================
   8      32 sdc 209037 1837 32654998 582404 1397042 31065374 696486448 369235108 138 2652084 369832432
======================
   8      32 sdc 209037 1837 32654998 582404 1397667 31065374 696806448 369378488 153 2653088 369975660
======================
   8      32 sdc 209038 1837 32655006 582848 1398161 31065374 697059376 369476976 139 2654092 370073496
======================
   8      32 sdc 209038 1837 32655006 582848 1398837 31065374 697405488 369620240 135 2655096 370216916
======================
   8      32 sdc 209038 1837 32655006 582848 1399513 31065374 697751600 369763796 131 2656100 370360332
======================
   8      32 sdc 209038 1837 32655006 582848 1400186 31065374 698096176 369906628 130 2657104 370503668
======================
   8      32 sdc 209038 1837 32655006 582848 1400796 31065374 698408496 370049716 128 2658108 370647424
======================
   8      32 sdc 209038 1837 32655006 582848 1401472 31065374 698754608 370194228 156 2659112 370790892
======================
   8      32 sdc 209038 1837 32655006 582848 1402138 31065374 699095600 370336660 130 2660112 370933568
======================
   8      32 sdc 209038 1837 32655006 582848 1402780 31065374 699424304 370480140 128 2661116 371077032
======================
   8      32 sdc 209038 1837 32655006 582848 1403433 31065374 699758640 370623656 147 2662120 371220484
======================
   8      32 sdc 209038 1837 32655006 582848 1404097 31065374 700098608 370766840 155 2663124 371363748
======================
   8      32 sdc 209038 1837 32655006 582848 1404745 31065374 700430384 370909444 147 2664128 371507176
======================
   8      32 sdc 209038 1837 32655006 582848 1405387 31065374 700759088 371052936 145 2665128 371650068
======================
   8      32 sdc 209039 1837 32655014 583072 1406007 31065374 701076528 371177652 132 2666132 371775016
======================
   8      32 sdc 209039 1837 32655014 583072 1406652 31065374 701406768 371321748 140 2667136 371918512
======================
   8      32 sdc 209039 1837 32655014 583072 1407311 31065374 701744176 371464880 140 2668140 372061804
======================
   8      32 sdc 209039 1837 32655014 583072 1407967 31065374 702080048 371607480 156 2669144 372205280
======================
   8      32 sdc 209039 1837 32655014 583072 1408603 31065374 702405680 371752200 128 2670144 372348456
======================
   8      32 sdc 209039 1837 32655014 583072 1409279 31065374 702751792 371895516 156 2671148 372492032
======================
   8      32 sdc 209039 1837 32655014 583072 1409924 31065374 703082032 372037608 151 2672152 372635660
======================
   8      32 sdc 209039 1837 32655014 583072 1410548 31065374 703401520 372180968 135 2673156 372778884
======================
   8      32 sdc 209039 1837 32655014 583072 1411210 31065374 703740464 372325432 145 2674156 372921840
======================
   8      32 sdc 209039 1837 32655014 583072 1411880 31065374 704083504 372468540 147 2675160 373065196
======================
   8      32 sdc 209039 1837 32655014 583072 1412556 31065374 704429616 372611932 143 2676164 373208776
======================
   8      32 sdc 209039 1837 32655014 583072 1413212 31065374 704765488 372754516 37 2677168 373343256
======================
   8      32 sdc 209040 1837 32655022 583304 1413815 31065374 705074224 372877524 136 2678172 373475760
======================
   8      32 sdc 209040 1837 32655022 583304 1414466 31065374 705407536 373022192 157 2679176 373618800
======================
   8      32 sdc 209040 1837 32655022 583304 1415141 31065374 705753136 373164744 154 2680180 373761768
======================
   8      32 sdc 209040 1837 32655022 583304 1415774 31065374 706077232 373304832 129 2681184 373905020
======================
   8      32 sdc 209040 1837 32655022 583304 1416428 31065374 706412080 373450812 147 2682184 374047816
======================
   8      32 sdc 209040 1837 32655022 583304 1417092 31065374 706752048 373593832 155 2683188 374190816
======================
   8      32 sdc 209040 1837 32655022 583304 1417734 31065374 707080752 373736236 153 2684192 374333876
======================
   8      32 sdc 209040 1837 32655022 583304 1418376 31065374 707409456 373879120 151 2685196 374476936
======================
   8      32 sdc 209040 1837 32655022 583304 1419017 31065374 707737648 374022068 150 2686196 374619616
======================
   8      32 sdc 209040 1837 32655022 583304 1419668 31065374 708070960 374165988 139 2687200 374762908
======================
   8      32 sdc 209040 1837 32655022 583304 1420326 31065374 708407856 374308360 153 2688204 374905836
======================
   8      32 sdc 209041 1837 32655030 583536 1420949 31065374 708726832 374441464 138 2689204 375028612
======================
   8      32 sdc 209041 1837 32655030 583536 1421591 31065374 709056048 374573744 136 2690208 375171632
======================
   8      32 sdc 209041 1837 32655030 583536 1422261 31065374 709398576 374717808 138 2691212 375314752
======================
   8      32 sdc 209041 1837 32655030 583536 1422933 31065374 709742640 374859952 138 2692216 375457692
======================
   8      32 sdc 209041 1837 32655030 583536 1423540 31065374 710053424 375002208 139 2693220 375601312
======================
   8      32 sdc 209041 1837 32655030 583536 1424218 31065374 710400560 375147104 133 2694224 375744464
======================
   8      32 sdc 209041 1837 32655030 583536 1424888 31065374 710743600 375289304 135 2695224 375887160
======================
   8      32 sdc 209041 1837 32655030 583536 1425564 31065374 711089712 375433232 131 2696228 376030212
======================
   8      32 sdc 209041 1837 32655030 583536 1426205 31065374 711417904 375575000 130 2697232 376173140
======================
   8      32 sdc 209041 1837 32655030 583536 1426829 31065374 711737392 375717584 146 2698236 376316216
======================
   8      32 sdc 209041 1837 32655030 583536 1427495 31065374 712078384 375861744 152 2699236 376458668
======================
   8      32 sdc 209041 1837 32655030 583536 1428168 31065374 712422960 376004164 151 2700244 376602116
======================
   8      32 sdc 209042 1837 32655038 583768 1428788 31065374 712740400 376127104 140 2701244 376725320
======================
   8      32 sdc 209042 1837 32655038 583768 1429437 31065374 713072688 376271424 131 2702248 376868888
======================
   8      32 sdc 209042 1837 32655038 583768 1430095 31065374 713410096 376414624 145 2703252 377012748
======================
   8      32 sdc 209042 1837 32655038 583768 1430743 31065374 713741360 376557892 137 2704256 377156452
======================
   8      32 sdc 209042 1837 32655038 583768 1431229 31065374 713990192 376703856 131 2705256 377302672
======================
   8      32 sdc 209042 1837 32655038 583768 1431871 31065374 714318896 376848192 129 2706260 377446220
======================
   8      32 sdc 209042 1837 32655038 583768 1432523 31065374 714652720 376992276 149 2707264 377590068
======================
   8      32 sdc 209042 1837 32655038 583768 1433187 31065374 714992688 377135820 157 2708268 377733780
======================
   8      32 sdc 209042 1837 32655038 583768 1433836 31065374 715324976 377278960 148 2709268 377877184
======================
   8      32 sdc 209042 1837 32655038 583768 1434467 31065374 715648048 377422976 157 2710272 378021036
======================
   8      32 sdc 209042 1837 32655038 583768 1435135 31065374 715990064 377567504 129 2711276 378164744
======================
   8      32 sdc 209042 1837 32655038 583768 1435795 31065374 716327984 377709580 141 2712280 378308356
======================
   8      32 sdc 209043 1837 32655046 583996 1436403 31065374 716639280 377840224 144 2713284 378439484
======================
   8      32 sdc 209043 1837 32655046 583996 1437043 31065374 716966960 377984852 144 2714284 378582492
======================
   8      32 sdc 209043 1837 32655046 583996 1437719 31065374 717313072 378128244 140 2715288 378726004
======================
   8      32 sdc 209043 1837 32655046 583996 1438395 31065374 717659184 378271584 136 2716292 378869348
======================
   8      32 sdc 209043 1837 32655046 583996 1438901 31065374 717918256 378417652 142 2717296 379016780
======================
   8      32 sdc 209043 1837 32655046 583996 1439522 31065374 718236208 378561384 129 2718300 379160324
======================
   8      32 sdc 209043 1837 32655046 583996 1440189 31065374 718577712 378705680 134 2719300 379303248
======================
   8      32 sdc 209043 1837 32655046 583996 1440855 31065374 718918704 378848180 140 2720304 379446784
======================
   8      32 sdc 209043 1837 32655046 583996 1441497 31065374 719247408 378991816 138 2721308 379590396
======================
   8      32 sdc 209043 1837 32655046 583996 1442147 31065374 719580208 379136152 128 2722312 379733916
======================
   8      32 sdc 209043 1837 32655046 583996 1442809 31065374 719919152 379279356 138 2723316 379877652
======================
   8      32 sdc 209043 1837 32655046 583996 1443456 31065374 720250416 379422648 131 2724316 380020668
======================
   8      32 sdc 209043 1837 32655046 583996 1443866 31065374 720460336 379515648 39 2725320 380119472
======================
   8      32 sdc 209044 1837 32655054 585056 1444699 31065374 720886832 379608596 130 2726324 380207908
======================
   8      32 sdc 209044 1837 32655054 585056 1445347 31065374 721218608 379752360 154 2727328 380351104
======================
   8      32 sdc 209044 1837 32655054 585056 1446011 31065374 721558576 379895500 130 2728332 380494484
======================
   8      32 sdc 209044 1837 32655054 585056 1446515 31065374 721816624 380038244 138 2729336 380640444
======================
   8      32 sdc 209044 1837 32655054 585056 1447165 31065374 722149424 380185000 128 2730336 380783312
======================
   8      32 sdc 209044 1837 32655054 585056 1447841 31065374 722495536 380328156 156 2731340 380926812
======================
   8      32 sdc 209044 1837 32655054 585056 1448489 31065374 722827312 380470500 148 2732344 381070508
======================
   8      32 sdc 209044 1837 32655054 585056 1449113 31065374 723146800 380613756 132 2733348 381213752
======================
   8      32 sdc 209044 1837 32655054 585056 1449773 31065374 723484720 380758248 144 2734352 381357232
======================
   8      32 sdc 209044 1837 32655054 585056 1450449 31065374 723830832 380901576 140 2735352 381499996
======================
   8      32 sdc 209044 1837 32655054 585056 1451125 31065374 724176944 381044852 136 2736356 381643396
======================
   8      32 sdc 209045 1837 32655062 585272 1451761 31065374 724502576 381169252 136 2737360 381769480
======================
   8      32 sdc 209045 1837 32655062 585272 1452385 31065374 724822064 381312672 152 2738364 381912992
======================
   8      32 sdc 209045 1837 32655062 585272 1453028 31065374 725151280 381457352 149 2739368 382056524
======================
   8      32 sdc 209045 1837 32655062 585272 1453698 31065374 725494320 381600328 151 2740368 382198976
======================
   8      32 sdc 209045 1837 32655062 585272 1454194 31065374 725748272 381742832 135 2741372 382344168
======================
   8      32 sdc 209045 1837 32655062 585272 1454844 31065374 726081072 381888240 157 2742376 382487796
======================
   8      32 sdc 209045 1837 32655062 585272 1455511 31065374 726422576 382032212 130 2743380 382631228
======================
   8      32 sdc 209045 1837 32655062 585272 1456159 31065374 726754352 382174980 154 2744380 382774220
======================
   8      32 sdc 209045 1837 32655062 585272 1456800 31065374 727082544 382318188 153 2745384 382917780
======================
   8      32 sdc 209045 1837 32655062 585272 1457442 31065374 727411248 382461824 151 2746388 383061600
======================
   8      32 sdc 209045 1837 32655062 585272 1458087 31065374 727741488 382605860 146 2747392 383205192
======================
   8      32 sdc 209045 1837 32655062 585272 1458751 31065374 728081456 382749180 154 2748396 383348492
======================
   8      32 sdc 209045 1837 32655062 585272 1459249 31065374 728336432 382857016 16 2749400 383447976
======================
   8      32 sdc 209045 1837 32655062 585272 1459249 31065374 728336432 382857016 16 2750400 383463976
======================
   8      32 sdc 209046 1837 32655070 586940 1460661 31065374 729059376 382975736 134 2751404 383575968
======================
   8      32 sdc 209046 1837 32655070 586940 1461337 31065374 729405488 383118836 130 2752408 383718952
======================
   8      32 sdc 209046 1837 32655070 586940 1461963 31065374 729726000 383261064 144 2753412 383862800
======================
   8      32 sdc 209046 1837 32655070 586940 1462616 31065374 730060336 383403776 131 2754416 384005932
======================
   8      32 sdc 209046 1837 32655070 586940 1463295 31065374 730407984 383548556 156 2755420 384149112
======================
   8      32 sdc 209046 1837 32655070 586940 1463971 31065374 730754096 383691864 152 2756420 384292204
======================
   8      32 sdc 209046 1837 32655070 586940 1464626 31065374 731089456 383833852 137 2757424 384435612
======================
   8      32 sdc 209046 1837 32655070 586940 1465250 31065374 731408944 383977288 153 2758428 384579012
======================
   8      32 sdc 209046 1837 32655070 586940 1465902 31065374 731742768 384121948 141 2759432 384722732
======================
   8      32 sdc 209046 1837 32655070 586940 1466578 31065374 732088880 384265304 137 2760436 384866036
======================
   8      32 sdc 209047 1837 32655078 587144 1467199 31065374 732406832 384392980 141 2761436 384994356
======================
   8      32 sdc 209047 1837 32655078 587144 1467831 31065374 732730416 384535516 149 2762440 385137936
======================
   8      32 sdc 209047 1837 32655078 587144 1468494 31065374 733069872 384680536 158 2763444 385281112
======================
   8      32 sdc 209047 1837 32655078 587144 1469143 31065374 733402160 384823228 149 2764448 385424700
======================
   8      32 sdc 209047 1837 32655078 587144 1469629 31065374 733650992 384964588 143 2765452 385566560
======================
   8      32 sdc 209047 1837 32655078 587144 1470271 31065374 733979696 385108156 141 2766456 385710204
======================
   8      32 sdc 209047 1837 32655078 587144 1470927 31065374 734315568 385252372 157 2767456 385853200
======================
   8      32 sdc 209047 1837 32655078 587144 1471586 31065374 734652976 385395624 138 2768460 385996672
======================
   8      32 sdc 209047 1837 32655078 587144 1472231 31065374 734983216 385538692 133 2769464 386140216
======================
   8      32 sdc 209047 1837 32655078 587144 1472876 31065374 735313456 385682808 128 2770468 386283676
======================
   8      32 sdc 209047 1837 32655078 587144 1473552 31065374 735659568 385826504 156 2771472 386427260
======================
   8      32 sdc 209047 1837 32655078 587144 1474208 31065374 735995440 385968404 140 2772472 386570136
======================
   8      32 sdc 209048 1837 32655086 587384 1474812 31065374 736304688 386095192 149 2773476 386697152
======================
   8      32 sdc 209048 1837 32655086 587384 1475461 31065374 736636976 386239828 140 2774480 386840840
======================
   8      32 sdc 209048 1837 32655086 587384 1476137 31065374 736983088 386383324 136 2775484 386984172
======================
   8      32 sdc 209048 1837 32655086 587384 1476807 31065374 737326128 386526552 138 2776488 387127360
======================
   8      32 sdc 209048 1837 32655086 587384 1477440 31065374 737650224 386668244 145 2777492 387270900
======================
   8      32 sdc 209048 1837 32655086 587384 1478067 31065374 737971248 386812380 158 2778492 387413756
======================
   8      32 sdc 209048 1837 32655086 587384 1478743 31065374 738317360 386956624 154 2779496 387557320
======================
   8      32 sdc 209048 1837 32655086 587384 1479407 31065374 738657328 387099096 130 2780500 387700748
======================
   8      32 sdc 209048 1837 32655086 587384 1480049 31065374 738986032 387242528 128 2781504 387844112
======================
   8      32 sdc 209048 1837 32655086 587384 1480703 31065374 739320880 387386276 146 2782508 387987708
======================
   8      32 sdc 209048 1837 32655086 587384 1481367 31065374 739660848 387529824 154 2783508 388130976
======================
   8      32 sdc 209048 1837 32655086 587384 1482014 31065374 739992112 387672812 147 2784512 388274696
======================
   8      32 sdc 209049 1837 32655094 587632 1482602 31065374 740293168 387798108 135 2785516 388400340
======================
   8      32 sdc 209049 1837 32655094 587632 1483244 31065374 740621872 387941752 133 2786520 388543884
======================
   8      32 sdc 209049 1837 32655094 587632 1483888 31065374 740951600 388085808 129 2787524 388687400
======================
   8      32 sdc 209049 1837 32655094 587632 1484553 31065374 741292080 388229380 136 2788528 388830996
======================
   8      32 sdc 209049 1837 32655094 587632 1485050 31065374 741546544 388371908 151 2789532 388974252
======================
   8      32 sdc 209049 1837 32655094 587632 1485695 31065374 741876784 388516184 146 2790532 389117516
======================
   8      32 sdc 209049 1837 32655094 587632 1486373 31065374 742223920 388660472 140 2791540 389261756
======================
   8      32 sdc 209049 1837 32655094 587632 1487029 31065374 742559792 388802728 156 2792544 389405208
======================
   8      32 sdc 209049 1837 32655094 587632 1487653 31065374 742879280 388946028 140 2793548 389548908
======================
   8      32 sdc 209049 1837 32655094 587632 1488304 31065374 743212592 389090992 129 2794548 389691780
======================
   8      32 sdc 209049 1837 32655094 587632 1488980 31065374 743558704 389234472 157 2795552 389835300
======================
   8      32 sdc 209049 1837 32655094 587632 1489656 31065374 743904816 389378068 153 2796556 389979164
======================
   8      32 sdc 209050 1837 32655102 588092 1490250 31065374 744208944 389475780 139 2797560 390078136
======================
   8      32 sdc 209050 1837 32655102 588092 1490874 31065374 744528432 389618480 155 2798564 390221408
======================
   8      32 sdc 209050 1837 32655102 588092 1491509 31065374 744853552 389763172 128 2799568 390364792
======================
   8      32 sdc 209050 1837 32655102 588092 1492185 31065374 745199664 389899976 246 2800572 390521944
======================
   8      32 sdc 209050 1837 32655102 588092 1492700 31065374 745463344 390113324 147 2801576 390736596
======================
   8      32 sdc 209050 1837 32655102 588092 1493349 31065374 745795632 390265616 170 2802576 390895036
======================
   8      32 sdc 209050 1837 32655102 588092 1494013 31065374 746135600 390427236 146 2803580 391048188
======================
   8      32 sdc 209050 1837 32655102 588092 1494666 31065374 746469936 390592228 133 2804584 391194216
======================
   8      32 sdc 209050 1837 32655102 588092 1495308 31065374 746798640 390735288 131 2805588 391337544
======================
   8      32 sdc 209050 1837 32655102 588092 1495929 31065374 747116592 390878136 150 2806592 391481212
======================
   8      32 sdc 209050 1837 32655102 588092 1496571 31065374 747445296 391021948 148 2807596 391624420
======================
   8      32 sdc 209050 1837 32655102 588092 1497233 31065374 747784240 391166040 151 2808600 391767772
======================
   8      32 sdc 209051 1837 32655110 588344 1497881 31065826 748115096 391287976 147 2809604 391890600
======================
   8      32 sdc 209051 1837 32655110 588344 1498523 31065826 748443800 391431228 145 2810608 392034212
======================
   8      32 sdc 209051 1837 32655110 588344 1499175 31065826 748777624 391575516 133 2811608 392177112
======================
   8      32 sdc 209051 1837 32655110 588344 1499851 31065826 749123736 391719052 129 2812612 392320624
======================
   8      32 sdc 209051 1837 32655110 588344 1500482 31065826 749446808 391861052 138 2813616 392463996
======================
   8      32 sdc 209051 1837 32655110 588344 1501133 31065826 749780120 392005600 156 2814620 392607348
======================
   8      32 sdc 209051 1837 32655110 588344 1501810 31065826 750126744 392149136 154 2815624 392750924
======================
   8      32 sdc 209051 1837 32655110 588344 1502486 31065826 750472856 392292596 150 2816628 392894500
======================
   8      32 sdc 209051 1837 32655110 588344 1503152 31065826 750813848 392434816 156 2817632 393037844
======================
   8      32 sdc 209051 1837 32655110 588344 1503776 31065826 751133336 392578104 140 2818636 393181580
======================
   8      32 sdc 209051 1837 32655110 588344 1504418 31065826 751462040 392723004 138 2819640 393325172
======================
   8      32 sdc 209051 1837 32655110 588344 1505094 31065826 751808152 392866584 134 2820644 393468860
======================
   8      32 sdc 209051 1837 32655110 588344 1505354 31065826 751940768 392921668 1 2821644 393509132
======================
   8      32 sdc 209052 1837 32655118 590052 1506356 31065845 752452936 392926144 156 2822648 393521508
======================
   8      32 sdc 209052 1837 32655118 590052 1507011 31065845 752788296 393061656 141 2823652 393665248
======================
   8      32 sdc 209052 1837 32655118 590052 1507675 31065845 753128264 393205108 149 2824656 393809024
======================
   8      32 sdc 209052 1837 32655118 590052 1508172 31065845 753382728 393346492 132 2825660 393950872
======================
   8      32 sdc 209052 1837 32655118 590052 1508814 31065845 753711432 393490348 130 2826664 394094740
======================
   8      32 sdc 209052 1837 32655118 590052 1509456 31065857 754040136 393633880 61 2827668 394232888
======================
   8      32 sdc 209052 1837 32655118 590052 1510122 31065857 754380216 393762060 134 2828672 394366096
======================
   8      32 sdc 209052 1837 32655118 590052 1510760 31065857 754706872 393905152 136 2829676 394509932
======================
   8      32 sdc 209052 1837 32655118 590052 1511402 31065857 755035576 394048992 134 2830676 394653212
======================
   8      32 sdc 209052 1837 32655118 590052 1512075 31065857 755380152 394193476 133 2831680 394796740
======================
   8      32 sdc 209052 1837 32655118 590052 1512741 31065867 755721144 394335636 74 2832684 394936572
======================
   8      32 sdc 209053 1837 32655126 590360 1513342 31066323 756027928 394438980 154 2833688 395045164
======================
   8      32 sdc 209053 1837 32655126 590360 1513505 31066330 756090376 394475012 0 2833892 395063620
======================
   8      32 sdc 209053 1837 32655126 590360 1513505 31066330 756090376 394475012 0 2833892 395063620
======================
   8      32 sdc 209053 1837 32655126 590360 1513505 31066330 756090376 394475012 0 2833892 395063620
======================
   8      32 sdc 209053 1837 32655126 590360 1513505 31066330 756090376 394475012 0 2833892 395063620
======================
   8      32 sdc 209053 1837 32655126 590360 1513505 31066330 756090376 394475012 0 2833892 395063620
======================
   8      32 sdc 209289 1837 32657008 597812 1513522 31066330 756090440 394475012 1 2834348 395071460
started
======================
   8      32 sdc 209291 1837 32657024 598608 1513524 31066330 756090448 394475012 0 2834756 395071868
======================
   8      32 sdc 209646 1838 32699816 599940 1513524 31066330 756090448 394475012 1 2835044 395073200
======================
   8      32 sdc 210723 1848 32911416 604224 1513524 31066330 756090448 394475012 21 2836032 395077688
======================
   8      32 sdc 211950 1859 33083688 608924 1513524 31066330 756090448 394475012 22 2837012 395082220
======================
   8      32 sdc 213138 1866 33275712 613568 1513524 31066330 756090448 394475012 5 2838004 395086872
======================
   8      32 sdc 214386 1869 33450152 619024 1513524 31066330 756090448 394475012 1 2838996 395092492
======================
   8      32 sdc 215579 1874 33650344 624264 1513527 31066332 756090488 394475012 1 2839984 395098280
======================
   8      32 sdc 216845 1880 33856680 629816 1513527 31066332 756090488 394475012 1 2840972 395103900
======================
   8      32 sdc 217904 1887 34040584 634676 1513527 31066332 756090488 394475012 16 2841960 395108876
======================
   8      32 sdc 219286 1895 34201256 641152 1513527 31066332 756090488 394475012 1 2842944 395115440
======================
   8      32 sdc 220504 1903 34372264 646316 1513527 31066332 756090488 394475012 2 2843936 395120604
======================
   8      32 sdc 221515 1908 34584232 650604 1513527 31066332 756090488 394475012 1 2844936 395124952
======================
   8      32 sdc 222709 1917 34771624 656104 1513527 31066332 756090488 394475012 29 2845908 395130756
======================
   8      32 sdc 224110 1925 34922664 661612 1513527 31066332 756090488 394475012 2 2846888 395136400
======================
   8      32 sdc 225175 1930 35121144 665516 1513527 31066332 756090488 394475012 18 2847864 395140352
======================
   8      32 sdc 226319 1939 35299496 670264 1513527 31066332 756090488 394475012 1 2848848 395145216
======================
   8      32 sdc 227592 1948 35474472 676264 1513527 31066332 756090488 394475012 11 2849824 395151244
======================
   8      32 sdc 228690 1952 35648936 680824 1513527 31066332 756090488 394475012 2 2850812 395155844
======================
   8      32 sdc 230197 1959 35807200 687048 1513527 31066332 756090488 394475012 3 2851796 395162072
======================
   8      32 sdc 231467 1967 35977896 692276 1513527 31066332 756090488 394475012 1 2852800 395167532
======================
   8      32 sdc 232470 1978 36165760 698052 1513527 31066332 756090488 394475012 15 2853772 395173440
======================
   8      32 sdc 233750 1989 36342440 703868 1513527 31066332 756090488 394475012 2 2854764 395179196
======================
   8      32 sdc 234953 2007 36516008 709788 1513527 31066332 756090488 394475012 2 2855744 395185144
======================
   8      32 sdc 236176 2014 36697768 714076 1513527 31066332 756090488 394475012 2 2856732 395189428
======================
   8      32 sdc 237653 2019 36871336 720420 1513527 31066332 756090488 394475012 2 2857716 395195848
======================
   8      32 sdc 238944 2032 37047312 726032 1513527 31066332 756090488 394475012 12 2858704 395201588
======================
   8      32 sdc 240040 2034 37255000 730560 1513527 31066332 756090488 394475012 3 2859688 395206128
======================
   8      32 sdc 241462 2042 37419136 736896 1513527 31066332 756090488 394475012 1 2860668 395212484
======================
   8      32 sdc 242409 2047 37652648 740540 1513527 31066332 756090488 394475012 2 2861640 395216168
======================
   8      32 sdc 243559 2055 37856936 744396 1513527 31066332 756090488 394475012 2 2862636 395220168
======================
   8      32 sdc 244773 2076 38035112 749420 1513527 31066332 756090488 394475012 2 2863640 395225240
======================
   8      32 sdc 246005 2098 38202536 754780 1513527 31066332 756090488 394475012 1 2864624 395230700
======================
   8      32 sdc 247322 2109 38350960 760976 1513527 31066332 756090488 394475012 2 2865600 395236896
======================
   8      32 sdc 248454 2118 38537256 765520 1513527 31066332 756090488 394475012 3 2866576 395241452
======================
   8      32 sdc 249602 2126 38703096 771072 1513527 31066332 756090488 394475012 9 2867560 395247028
======================
   8      32 sdc 250768 2132 38897344 775416 1513527 31066332 756090488 394475012 6 2868548 395251396
======================
   8      32 sdc 252029 2144 39073456 781056 1513527 31066332 756090488 394475012 1 2869536 395257164
======================
   8      32 sdc 253145 2148 39265960 785196 1513529 31066332 756090504 394475020 2 2870516 395261604
======================
   8      32 sdc 254295 2154 39477368 789208 1513529 31066332 756090504 394475020 6 2871508 395265656
======================
   8      32 sdc 255573 2168 39620512 795164 1513529 31066332 756090504 394475020 1 2872496 395271788
======================
   8      32 sdc 256553 2172 39746224 799184 1513529 31066332 756090504 394475020 22 2873480 395275840
======================
   8      32 sdc 258086 2183 39871408 806108 1513529 31066332 756090504 394475020 26 2874472 395283028
======================
   8      32 sdc 259233 2189 40064424 811272 1513529 31066332 756090504 394475020 2 2875464 395288324
======================
   8      32 sdc 260580 2200 40216752 817156 1513529 31066332 756090504 394475020 2 2876440 395294248
======================
   8      32 sdc 261710 2207 40406696 822492 1513529 31066332 756090504 394475020 2 2877436 395299572
======================
   8      32 sdc 263050 2216 40560784 829040 1513529 31066332 756090504 394475020 5 2878436 395306260
======================
   8      32 sdc 264415 2227 40744912 835132 1513529 31066332 756090504 394475020 12 2879432 395312552
======================
   8      32 sdc 265486 2238 40923488 839772 1513529 31066332 756090504 394475020 15 2880412 395317184
======================
   8      32 sdc 266832 2241 41082720 846496 1513529 31066332 756090504 394475020 34 2881396 395324076
======================
   8      32 sdc 267954 2251 41292456 850500 1513529 31066332 756090504 394475020 1 2882384 395327976
======================
   8      32 sdc 269035 2256 41472688 856060 1513529 31066332 756090504 394475020 2 2883372 395333636
======================
   8      32 sdc 270416 2265 41622680 861336 1513529 31066332 756090504 394475020 5 2884356 395339052
======================
   8      32 sdc 272046 2274 41787560 868224 1513529 31066332 756090504 394475020 2 2885352 395346096
======================
   8      32 sdc 273393 2279 41951408 874412 1513529 31066332 756090504 394475020 4 2886336 395352456
======================
   8      32 sdc 274607 2284 42152616 879884 1513529 31066332 756090504 394475020 1 2887328 395357968
======================
   8      32 sdc 275809 2288 42334880 884808 1513529 31066332 756090504 394475020 1 2888312 395362900
======================
   8      32 sdc 277159 2294 42501808 890948 1513529 31066332 756090504 394475020 18 2889300 395369312
======================
   8      32 sdc 278714 2303 42663848 897292 1513529 31066332 756090504 394475020 23 2890276 395375824
======================
   8      32 sdc 280045 2327 42796712 904156 1513529 31066332 756090504 394475020 1 2891268 395382684
======================
   8      32 sdc 281376 2332 42955688 910396 1513529 31066332 756090504 394475020 2 2892248 395389028
======================
   8      32 sdc 282342 2340 43156904 914564 1513529 31066332 756090504 394475020 2 2893232 395393196
======================
   8      32 sdc 283798 2344 43308968 921780 1513529 31066332 756090504 394475020 0 2894228 395400672
======================
   8      32 sdc 284555 2348 43379752 925516 1513529 31066332 756090504 394475020 0 2894736 395404444
