======================
   8      16 sdb 12909634 213697 1452576286 31783368 24040742 239857215 7350586736 1065979604 0 9287292 1097717092
======================
   8      16 sdb 12909634 213697 1452576286 31783368 24040742 239857215 7350586736 1065979604 0 9287292 1097717092
======================
   8      16 sdb 12909636 213697 1452576302 31783368 24040742 239857215 7350586736 1065979604 0 9287292 1097717092
======================
   8      16 sdb 12909636 213697 1452576302 31783368 24040742 239857215 7350586736 1065979604 0 9287292 1097717092
======================
   8      16 sdb 12909636 213697 1452576302 31783368 24040742 239857215 7350586736 1065979604 0 9287292 1097717092
======================
   8      16 sdb 12909636 213697 1452576302 31783368 24040742 239857215 7350586736 1065979604 0 9287292 1097717092
======================
   8      16 sdb 12909636 213697 1452576302 31783368 24040742 239857215 7350586736 1065979604 0 9287292 1097717092
======================
   8      16 sdb 12909636 213697 1452576302 31783368 24040752 239857224 7350586888 1065979608 0 9287296 1097717096
started
======================
   8      16 sdb 12909636 213697 1452576302 31783368 24040752 239857224 7350586888 1065979608 0 9287296 1097717096
======================
   8      16 sdb 12909639 213697 1452576326 31783372 24040752 239857224 7350586888 1065979608 0 9287300 1097717100
======================
   8      16 sdb 12909639 213697 1452576326 31783372 24040752 239857224 7350586888 1065979608 0 9287300 1097717100
======================
   8      16 sdb 12909640 213697 1452576334 31783372 24043882 239857224 7352189448 1065998000 139 9287708 1097739828
======================
   8      16 sdb 12909640 213697 1452576334 31783372 24045892 239857224 7353218568 1066139424 145 9288712 1097882352
======================
   8      16 sdb 12909640 213697 1452576334 31783372 24047793 239857224 7354191880 1066281928 132 9289712 1098024448
======================
   8      16 sdb 12909641 213697 1452576342 31783452 24049706 239857260 7355167592 1066409828 135 9290716 1098152496
======================
   8      16 sdb 12909641 213697 1452576342 31783452 24051631 239857260 7356153704 1066551196 130 9291720 1098294024
======================
   8      16 sdb 12909641 213697 1452576342 31783452 24053550 239857260 7357135720 1066692776 131 9292720 1098435324
======================
   8      16 sdb 12909641 213697 1452576342 31783452 24055482 239857260 7358124904 1066834576 151 9293724 1098577352
======================
   8      16 sdb 12909642 213697 1452576350 31783528 24057408 239857260 7359111016 1066968292 150 9294724 1098711124
======================
   8      16 sdb 12909642 213697 1452576350 31783528 24059334 239857283 7360096808 1067104360 131 9295724 1098846944
======================
   8      16 sdb 12909642 213697 1452576350 31783528 24061260 239857283 7361082920 1067246208 141 9296728 1098988932
======================
   8      16 sdb 12909642 213697 1452576350 31783528 24063162 239857283 7362056744 1067388156 143 9297732 1099130888
======================
   8      16 sdb 12909643 213697 1452576358 31783604 24065063 239857299 7363028168 1067522372 151 9298732 1099265344
======================
   8      16 sdb 12909643 213697 1452576358 31783604 24066992 239857321 7364015816 1067664660 142 9299736 1099407668
======================
   8      16 sdb 12909643 213697 1452576358 31783604 24068921 239857321 7365003136 1067801340 135 9300740 1099544200
======================
   8      16 sdb 12909643 213697 1452576358 31783604 24070860 239857321 7365995904 1067944528 148 9301748 1099687172
======================
   8      16 sdb 12909644 213697 1452576366 31783692 24072797 239857338 7366986272 1068078936 129 9302756 1099821344
======================
   8      16 sdb 12909644 213697 1452576366 31783692 24074733 239857338 7367977504 1068220204 145 9303764 1099962964
======================
   8      16 sdb 12909644 213697 1452576366 31783692 24076646 239857361 7368956960 1068362024 60 9304768 1100103044
======================
   8      16 sdb 12909644 213697 1452576366 31783692 24078572 239857361 7369942752 1068499384 137 9305780 1100242244
======================
   8      16 sdb 12909645 213697 1452576374 31783772 24080502 239857377 7370929024 1068633852 140 9306784 1100376868
======================
   8      16 sdb 12909645 213697 1452576374 31783772 24082437 239857377 7371919744 1068775760 145 9307792 1100518780
======================
   8      16 sdb 12909645 213697 1452576374 31783772 24084364 239857377 7372906368 1068917500 150 9308796 1100660724
======================
   8      16 sdb 12909645 213697 1452576374 31783772 24086292 239857400 7373893504 1069056060 19 9309800 1100794988
======================
   8      16 sdb 12909646 213697 1452576382 31783852 24088224 239857417 7374880992 1069185696 137 9310804 1100928732
======================
   8      16 sdb 12909646 213697 1452576382 31783852 24090139 239857417 7375861472 1069326564 142 9311808 1101069376
======================
   8      16 sdb 12909646 213697 1452576382 31783852 24092041 239857417 7376835296 1069467800 128 9312812 1101210364
======================
   8      16 sdb 12909646 213697 1452576382 31783852 24093943 239857417 7377809120 1069608132 146 9313812 1101350712
======================
   8      16 sdb 12909647 213697 1452576390 31783928 24095855 239857440 7378788064 1069741060 28 9314816 1101480860
======================
   8      16 sdb 12909647 213697 1452576390 31783928 24097777 239857440 7379771808 1069876644 141 9315820 1101620740
======================
   8      16 sdb 12909647 213697 1452576390 31783928 24099721 239857440 7380767136 1070019100 149 9316820 1101761848
======================
   8      16 sdb 12909647 213697 1452576390 31783928 24101646 239857440 7381752736 1070161196 144 9317824 1101903952
======================
   8      16 sdb 12909648 213697 1452576398 31784004 24103571 239857456 7382737832 1070294024 152 9318824 1102036616
======================
   8      16 sdb 12909648 213697 1452576398 31784004 24105477 239857479 7383712000 1070433732 138 9319828 1102172248
======================
   8      16 sdb 12909648 213697 1452576398 31784004 24107377 239857479 7384684800 1070569580 127 9320832 1102312596
======================
   8      16 sdb 12909648 213697 1452576398 31784004 24109302 239857479 7385670400 1070710308 153 9321832 1102452860
======================
   8      16 sdb 12909649 213697 1452576406 31784080 24111228 239857495 7386656008 1070843064 148 9322836 1102585916
======================
   8      16 sdb 12909649 213697 1452576406 31784080 24113155 239857495 7387641760 1070984412 141 9323836 1102727236
======================
   8      16 sdb 12909649 213697 1452576406 31784080 24115086 239857518 7388629600 1071122288 155 9324844 1102862868
======================
   8      16 sdb 12909649 213697 1452576406 31784080 24117015 239857518 7389617248 1071261352 146 9325848 1103004472
======================
   8      16 sdb 12909650 213697 1452576414 31784432 24118945 239857535 7390604032 1071374612 128 9326860 1103117988
======================
   8      16 sdb 12909650 213697 1452576414 31784432 24120857 239857535 7391582976 1071518020 136 9327868 1103261372
======================
   8      16 sdb 12909650 213697 1452576414 31784432 24122782 239857535 7392568576 1071659764 131 9328868 1103403064
======================
   8      16 sdb 12909650 213697 1452576414 31784432 24124708 239857558 7393554368 1071801724 131 9329872 1103545168
======================
   8      16 sdb 12909651 213697 1452576422 31784460 24126634 239857558 7394540992 1071942992 153 9330876 1103686616
======================
   8      16 sdb 12909651 213697 1452576422 31784460 24128560 239857558 7395526592 1072080640 134 9331876 1103823848
======================
   8      16 sdb 12909651 213697 1452576422 31784460 24130486 239857558 7396512704 1072220812 128 9332880 1103963820
======================
   8      16 sdb 12909651 213697 1452576422 31784460 24132394 239857558 7397489600 1072361764 140 9333884 1104105332
======================
   8      16 sdb 12909652 213697 1452576430 31784504 24134296 239857558 7398463424 1072500696 138 9334884 1104243936
======================
   8      16 sdb 12909652 213697 1452576430 31784504 24136220 239857558 7399448512 1072642984 134 9335888 1104386492
======================
   8      16 sdb 12909652 213697 1452576430 31784504 24138144 239857558 7400433600 1072778380 158 9336892 1104521692
======================
   8      16 sdb 12909652 213697 1452576430 31784504 24140070 239857558 7401419712 1072920428 151 9337896 1104664076
======================
   8      16 sdb 12909653 213697 1452576438 31784572 24141996 239857558 7402405824 1073057184 135 9338896 1104800528
======================
   8      16 sdb 12909653 213697 1452576438 31784572 24143920 239857558 7403391424 1073198672 131 9339900 1104942260
======================
   8      16 sdb 12909653 213697 1452576438 31784572 24145823 239857558 7404365248 1073340084 148 9340900 1105083272
======================
   8      16 sdb 12909653 213697 1452576438 31784572 24147729 239857558 7405341120 1073482308 130 9341904 1105225488
======================
   8      16 sdb 12909654 213697 1452576446 31784648 24149643 239857626 7406320488 1073610668 154 9342908 1105354060
======================
   8      16 sdb 12909654 213697 1452576446 31784648 24151531 239857626 7407286272 1073750636 157 9343908 1105495828
======================
   8      16 sdb 12909654 213697 1452576446 31784648 24153513 239857626 7408301056 1073898116 152 9344936 1105641540
======================
   8      16 sdb 12909654 213697 1452576446 31784648 24155362 239857626 7409247744 1074034056 159 9345944 1105783768
