======================
   8      32 sdc 619622 8 154992850 1813152 3148242 7793063 1606910960 700192984 0 5474092 702545928
======================
   8      32 sdc 619622 8 154992850 1813152 3148242 7793063 1606910960 700192984 0 5474092 702545928
======================
   8      32 sdc 619625 8 154992874 1813164 3148242 7793063 1606910960 700192984 0 5474104 702545940
======================
   8      32 sdc 619625 8 154992874 1813164 3148245 7793074 1606911072 700193012 0 5474132 702545968
======================
   8      32 sdc 619625 8 154992874 1813164 3148245 7793074 1606911072 700193012 0 5474132 702545968
======================
   8      32 sdc 619625 8 154992874 1813164 3148245 7793074 1606911072 700193012 0 5474132 702545968
======================
   8      32 sdc 619625 8 154992874 1813164 3148245 7793074 1606911072 700193012 0 5474132 702545968
======================
   8      32 sdc 619625 8 154992874 1813164 3148245 7793074 1606911072 700193012 0 5474132 702545968
======================
   8      32 sdc 619625 8 154992874 1813164 3148245 7793074 1606911072 700193012 0 5474132 702545968
======================
started
   8      32 sdc 619625 8 154992874 1813164 3148256 7793075 1606911160 700193012 0 5474132 702545968
======================
   8      32 sdc 619630 8 154992914 1813172 3148256 7793075 1606911160 700193012 0 5474140 702545976
======================
   8      32 sdc 619633 8 154992938 1813172 3148256 7793075 1606911160 700193012 0 5474140 702545976
======================
   8      32 sdc 619633 8 154992938 1813172 3148256 7793075 1606911160 700193012 0 5474140 702545976
======================
   8      32 sdc 619633 8 154992938 1813172 3148256 7793075 1606911160 700193012 0 5474140 702545976
======================
   8      32 sdc 619669 8 154993226 1813424 3148256 7793075 1606911160 700193012 1 5474392 702546228
======================
   8      32 sdc 619702 8 154993490 1813704 3148576 7793075 1607075000 700195996 0 5474704 702549488
======================
   8      32 sdc 619702 8 154993490 1813704 3148578 7793082 1607075072 700195996 0 5474704 702549488
======================
   8      32 sdc 619702 8 154993490 1813704 3148578 7793082 1607075072 700195996 0 5474704 702549488
======================
   8      32 sdc 619702 8 154993490 1813704 3148578 7793082 1607075072 700195996 0 5474704 702549488
======================
   8      32 sdc 619702 8 154993490 1813704 3148578 7793082 1607075072 700195996 0 5474704 702549488
======================
   8      32 sdc 619707 8 154993530 1814116 3150724 7793082 1608173824 700220124 127 5475348 702581440
======================
   8      32 sdc 619708 8 154993538 1814704 3151211 7793093 1608422752 700306264 153 5476352 702720024
======================
   8      32 sdc 619711 8 154993562 1815672 3152406 7793093 1609034592 700498172 141 5477356 702869288
======================
   8      32 sdc 619712 8 154993570 1815704 3153064 7793093 1609371488 700641956 155 5478360 703012976
======================
   8      32 sdc 619713 8 154993578 1815744 3153728 7793093 1609711456 700786316 131 5479364 703157400
======================
   8      32 sdc 619714 8 154993586 1815784 3154388 7793093 1610048872 700929756 0 5480368 703285320
======================
   8      32 sdc 619714 8 154993586 1815784 3154390 7793103 1610048968 700929756 0 5480368 703285320
======================
   8      32 sdc 619714 8 154993586 1815784 3154390 7793103 1610048968 700929756 0 5480368 703285320
======================
   8      32 sdc 619714 8 154993586 1815784 3154390 7793103 1610048968 700929756 0 5480368 703285320
======================
   8      32 sdc 619714 8 154993586 1815784 3154390 7793103 1610048968 700929756 0 5480368 703285320
======================
   8      32 sdc 619714 8 154993586 1815784 3154438 7793103 1610073544 700929796 1 5480556 703285544
======================
   8      32 sdc 619716 8 154993602 1816956 3154542 7793108 1610126328 700930184 135 5481560 703287784
======================
   8      32 sdc 619721 8 154993642 1816996 3157349 7793108 1611563512 701057532 130 5482560 703429760
======================
   8      32 sdc 619723 8 154993658 1817048 3157995 7793108 1611894264 701200980 156 5483564 703573580
======================
   8      32 sdc 619723 8 154993658 1817048 3158402 7793108 1612102648 701290260 134 5484568 703714032
======================
   8      32 sdc 619723 8 154993658 1817048 3158402 7793108 1612102648 701290260 134 5485572 703848568
======================
   8      32 sdc 619725 8 154993674 1819264 3159411 7793108 1612619256 701630096 149 5486576 703996732
======================
   8      32 sdc 619726 8 154993682 1820052 3159962 7793122 1612899968 701759772 0 5487416 704119592
======================
   8      32 sdc 619726 8 154993682 1820052 3159962 7793122 1612899968 701759772 0 5487416 704119592
======================
   8      32 sdc 619726 8 154993682 1820052 3159962 7793122 1612899968 701759772 0 5487416 704119592
======================
   8      32 sdc 619726 8 154993682 1820052 3159962 7793122 1612899968 701759772 0 5487416 704119592
======================
   8      32 sdc 619726 8 154993682 1820052 3159962 7793122 1612899968 701759772 0 5487416 704119592
======================
   8      32 sdc 619728 8 154993698 1820188 3160811 7793127 1613333688 701766000 97 5487616 704126404
======================
   8      32 sdc 619730 8 154993714 1820332 3161624 7793127 1613749944 701890948 158 5488616 704264968
======================
   8      32 sdc 619732 8 154993730 1820476 3162252 7793127 1614071480 702027176 154 5489620 704403332
======================
   8      32 sdc 619733 8 154993738 1820504 3162893 7793127 1614399672 702171884 131 5490624 704546896
======================
   8      32 sdc 619734 8 154993746 1820540 3163545 7793149 1614731160 702313988 122 5491624 704689696
======================
   8      32 sdc 619736 8 154993762 1820624 3164190 7793162 1615060888 702455752 117 5492628 704831536
======================
   8      32 sdc 619737 8 154993770 1820868 3164672 7793162 1615307272 702588508 157 5493632 704970264
======================
   8      32 sdc 619737 8 154993770 1820868 3165012 7793162 1615480848 702669416 0 5494156 705030036
======================
   8      32 sdc 619737 8 154993770 1820868 3165012 7793162 1615480848 702669416 0 5494156 705030036
======================
   8      32 sdc 619737 8 154993770 1820868 3165012 7793162 1615480848 702669416 0 5494156 705030036
======================
   8      32 sdc 619737 8 154993770 1820868 3165014 7793167 1615480904 702669416 0 5494156 705030036
======================
   8      32 sdc 619737 8 154993770 1820868 3165014 7793167 1615480904 702669416 0 5494156 705030036
======================
   8      32 sdc 619740 8 154993794 1821196 3166383 7793167 1616181832 702712388 135 5494872 705088580
======================
   8      32 sdc 619741 8 154993802 1821228 3166923 7793167 1616458312 702829696 139 5495876 705232016
======================
   8      32 sdc 619743 8 154993818 1821304 3167644 7793167 1616827464 702996564 154 5496880 705375252
======================
   8      32 sdc 619744 8 154993826 1821376 3168255 7793178 1617140296 703141564 120 5497884 705518484
======================
   8      32 sdc 619745 8 154993834 1821400 3168908 7793178 1617474216 703280536 139 5498888 705657660
======================
   8      32 sdc 619746 8 154993842 1821432 3169544 7793178 1617799848 703424080 143 5499892 705801608
======================
   8      32 sdc 619748 8 154993858 1821536 3170164 7793178 1618117288 703567012 151 5500892 705943876
======================
   8      32 sdc 619748 8 154993858 1821536 3170218 7793178 1618144936 703579264 110 5501896 706056304
======================
   8      32 sdc 619751 8 154993882 1823048 3171413 7793178 1618756776 703804144 18 5502900 706170484
======================
   8      32 sdc 619751 8 154993882 1823048 3171434 7793188 1618766096 703807956 0 5502928 706170744
======================
   8      32 sdc 619751 8 154993882 1823048 3171434 7793188 1618766096 703807956 0 5502928 706170744
======================
   8      32 sdc 619751 8 154993882 1823048 3171434 7793188 1618766096 703807956 0 5502928 706170744
======================
   8      32 sdc 619751 8 154993882 1823048 3171434 7793188 1618766096 703807956 0 5502928 706170744
======================
   8      32 sdc 619751 8 154993882 1823048 3171836 7793188 1618971920 703808844 31 5503124 706176964
======================
   8      32 sdc 619754 8 154993906 1823684 3173089 7793193 1619612992 703891512 154 5504128 706271140
======================
   8      32 sdc 619755 8 154993914 1823708 3173726 7793193 1619939136 704035944 157 5505132 706414980
======================
   8      32 sdc 619757 8 154993930 1823800 3174370 7793193 1620268864 704178804 153 5506136 706558840
======================
   8      32 sdc 619758 8 154993938 1823836 3175005 7793193 1620593984 704322688 158 5507140 706702360
