======================
   8      32 sdc 280241 149 80580950 674684 1835927 53240393 936062064 525887068 0 3634368 526661688
======================
   8      32 sdc 280241 149 80580950 674684 1835927 53240393 936062064 525887068 0 3634368 526661688
======================
   8      32 sdc 280243 149 80580966 674708 1835927 53240393 936062064 525887068 0 3634392 526661712
======================
   8      32 sdc 280244 149 80580974 674728 1836087 53240393 936143984 525888648 0 3634428 526663312
======================
   8      32 sdc 280244 149 80580974 674728 1838606 53240393 937433712 525912112 140 3635140 526741080
======================
   8      32 sdc 280244 149 80580974 674728 1838849 53240393 937558128 526059068 153 3636140 526885184
======================
   8      32 sdc 280244 149 80580974 674728 1840062 53240393 938179184 526240856 156 3637144 527028596
======================
   8      32 sdc 280244 149 80580974 674728 1840520 53240416 938413176 526328548 145 3638144 527168364
======================
   8      32 sdc 280244 149 80580974 674728 1841445 53240416 938885952 526523176 141 3639148 527310700
======================
   8      32 sdc 280244 149 80580974 674728 1842031 53240426 939185984 526665832 149 3640152 527451896
======================
   8      32 sdc 280244 149 80580974 674728 1842350 53240426 939345360 526721144 150 3641152 527599136
======================
   8      32 sdc 280244 149 80580974 674728 1842798 53240426 939574736 526948880 150 3642156 527747488
======================
   8      32 sdc 280245 149 80580982 674792 1843590 53240442 939980240 527084432 125 3643156 527887944
======================
   8      32 sdc 280245 149 80580982 674792 1844556 53240442 940473952 527240208 151 3644160 528032692
======================
   8      32 sdc 280245 149 80580982 674792 1844879 53240442 940639328 527377824 148 3645164 528171456
======================
   8      32 sdc 280245 149 80580982 674792 1845829 53240446 941123240 527524672 158 3646168 528314504
======================
   8      32 sdc 280245 149 80580982 674792 1846598 53240446 941516968 527671788 157 3647176 528458256
======================
   8      32 sdc 280245 149 80580982 674792 1847240 53240460 941845672 527799844 114 3648184 528599360
======================
   8      32 sdc 280245 149 80580982 674792 1847951 53240460 942208808 527950704 134 3649188 528741168
======================
   8      32 sdc 280245 149 80580982 674792 1848628 53240460 942555432 528094404 129 3650192 528884580
======================
   8      32 sdc 280245 149 80580982 674792 1849266 53240460 942882088 528237280 131 3651200 529028932
======================
   8      32 sdc 280245 149 80580982 674792 1849747 53240465 943127392 528347664 130 3652204 529169736
======================
   8      32 sdc 280245 149 80580982 674792 1850517 53240481 943521256 528521604 143 3653208 529307396
======================
   8      32 sdc 280245 149 80580982 674792 1850973 53240481 943754224 528607556 99 3654212 529433096
======================
   8      32 sdc 280245 149 80580982 674792 1850973 53240481 943754224 528607556 99 3655216 529532492
======================
   8      32 sdc 280246 149 80580990 676260 1852515 53240481 944543728 528880616 129 3656216 529674292
======================
   8      32 sdc 280246 149 80580990 676260 1853139 53240481 944863216 529024812 145 3657220 529818032
======================
   8      32 sdc 280246 149 80580990 676260 1853673 53240481 945136624 529144652 155 3658224 529963576
======================
   8      32 sdc 280246 149 80580990 676260 1854437 53240502 945525440 529316408 138 3659224 530109092
======================
   8      32 sdc 280246 149 80580990 676260 1855040 53240502 945833672 529463356 143 3660228 530253672
======================
   8      32 sdc 280246 149 80580990 676260 1855743 53240502 946193608 529604056 144 3661232 530397180
======================
   8      32 sdc 280246 149 80580990 676260 1856338 53240502 946498248 529748332 157 3662236 530539076
======================
   8      32 sdc 280246 149 80580990 676260 1857023 53240502 946848968 529887564 144 3663236 530682120
======================
   8      32 sdc 280246 149 80580990 676260 1857670 53240524 947177384 530026616 157 3664240 530819140
======================
   8      32 sdc 280246 149 80580990 676260 1858307 53240524 947503528 530170280 130 3665244 530962864
======================
   8      32 sdc 280247 149 80580998 676324 1858950 53240524 947832744 530313384 153 3666248 531106020
======================
   8      32 sdc 280247 149 80580998 676324 1859614 53240524 948172712 530457100 129 3667248 531248984
======================
   8      32 sdc 280247 149 80580998 676324 1860227 53240524 948486568 530601872 156 3668252 531391920
======================
   8      32 sdc 280247 149 80580998 676324 1860902 53240542 948831808 530741452 139 3669256 531534652
======================
   8      32 sdc 280247 149 80580998 676324 1861566 53240555 949167344 530879124 150 3670256 531674012
======================
   8      32 sdc 280247 149 80580998 676324 1862190 53240555 949486832 531024092 134 3671260 531817432
======================
   8      32 sdc 280247 149 80580998 676324 1862644 53240555 949719280 531128288 128 3672260 531956004
======================
   8      32 sdc 280247 149 80580998 676324 1863494 53240555 950154480 531302608 142 3673264 532094676
======================
   8      32 sdc 280247 149 80580998 676324 1864149 53240573 950488976 531438612 157 3674268 532230820
======================
   8      32 sdc 280247 149 80580998 676324 1864797 53240573 950820752 531575116 149 3675276 532376412
======================
   8      32 sdc 280247 149 80580998 676324 1865453 53240573 951156624 531728944 133 3676280 532519912
======================
   8      32 sdc 280247 149 80580998 676324 1866100 53240573 951487888 531868756 158 3677280 532662728
======================
   8      32 sdc 280248 149 80581006 676424 1866753 53240573 951822224 532011664 131 3678284 532804216
======================
   8      32 sdc 280248 149 80581006 676424 1867354 53240608 952124680 532137192 151 3679288 532946024
======================
   8      32 sdc 280248 149 80581006 676424 1868072 53240608 952492296 532296268 137 3680292 533089404
======================
   8      32 sdc 280248 149 80581006 676424 1868679 53240608 952803080 532442468 138 3681292 533231740
======================
   8      32 sdc 280248 149 80581006 676424 1869364 53240608 953153800 532582328 157 3682296 533374724
======================
   8      32 sdc 280248 149 80581006 676424 1869927 53240608 953442056 532707936 138 3683300 533517768
======================
   8      32 sdc 280248 149 80581006 676424 1870639 53240624 953805720 532861640 128 3684304 533654252
======================
   8      32 sdc 280248 149 80581006 676424 1871224 53240624 954105240 533000536 151 3685308 533797496
======================
   8      32 sdc 280248 149 80581006 676424 1871941 53240624 954472344 533148768 138 3686312 533940804
======================
   8      32 sdc 280248 149 80581006 676424 1872600 53240624 954809752 533291596 151 3687312 534083796
======================
   8      32 sdc 280248 149 80581006 676424 1873240 53240626 955137432 533434348 151 3688316 534227304
======================
   8      32 sdc 280248 149 80581006 676424 1873895 53240645 955470440 533576368 154 3689320 534368568
======================
   8      32 sdc 280249 149 80581014 676548 1874555 53240645 955807856 533716152 140 3690324 534508616
======================
   8      32 sdc 280249 149 80581014 676548 1875045 53240645 956058736 533822068 130 3691328 534649000
======================
   8      32 sdc 280249 149 80581014 676548 1875829 53240645 956460144 533994752 146 3692328 534787288
======================
   8      32 sdc 280249 149 80581014 676548 1876505 53240645 956806256 534138372 142 3693332 534930704
======================
   8      32 sdc 280249 149 80581014 676548 1877098 53240663 957109008 534282764 141 3694336 535073764
======================
   8      32 sdc 280249 149 80581014 676548 1877810 53240677 957469128 534422916 156 3695336 535216236
======================
   8      32 sdc 280249 149 80581014 676548 1878434 53240677 957788616 534566508 140 3696340 535360060
======================
   8      32 sdc 280249 149 80581014 676548 1879095 53240677 958127048 534711432 151 3697344 535503680
======================
   8      32 sdc 280249 149 80581014 676548 1879770 53240677 958472648 534854768 148 3698348 535647240
======================
   8      32 sdc 280249 149 80581014 676548 1880360 53240697 958774384 534980448 131 3699348 535783908
======================
   8      32 sdc 280249 149 80581014 676548 1881005 53240697 959104120 535117896 128 3700352 535919824
======================
   8      32 sdc 280250 149 80581022 676632 1881698 53240697 959458936 535266820 137 3701356 536062264
======================
   8      32 sdc 280250 149 80581022 676632 1882346 53240697 959790712 535412368 129 3702360 536205564
======================
   8      32 sdc 280250 149 80581022 676632 1882988 53240697 960119416 535555956 131 3703360 536348704
======================
   8      32 sdc 280250 149 80581022 676632 1883631 53240715 960447768 535697224 143 3704364 536490464
======================
   8      32 sdc 280250 149 80581022 676632 1884262 53240715 960770840 535838300 152 3705368 536634288
======================
   8      32 sdc 280250 149 80581022 676632 1884870 53240727 961082136 535976432 152 3706372 536780320
======================
   8      32 sdc 280250 149 80581022 676632 1885421 53240727 961361320 536094684 145 3707372 536923632
======================
   8      32 sdc 280250 149 80581022 676632 1886221 53240727 961770920 536274868 145 3708376 537067296
======================
   8      32 sdc 280250 149 80581022 676632 1886893 53240744 962114112 536412096 132 3709380 537204436
======================
   8      32 sdc 280250 149 80581022 676632 1887539 53240744 962444864 536553472 158 3710380 537347420
======================
   8      32 sdc 280250 149 80581022 676632 1888163 53240744 962764352 536697608 142 3711384 537491180
======================
   8      32 sdc 280250 149 80581022 676632 1888781 53240751 963080320 536830888 132 3712388 537633884
======================
   8      32 sdc 280250 149 80581022 676632 1889373 53240751 963383424 536952696 102 3713388 537762188
======================
   8      32 sdc 280250 149 80581022 676632 1889373 53240751 963383424 536952696 102 3714392 537864596
======================
   8      32 sdc 280251 149 80581030 678088 1890807 53240769 964116768 537204204 144 3715396 537999500
======================
   8      32 sdc 280251 149 80581030 678088 1891412 53240769 964426528 537343504 147 3716400 538143308
======================
   8      32 sdc 280251 149 80581030 678088 1892059 53240769 964758304 537494356 140 3717400 538286812
======================
   8      32 sdc 280251 149 80581030 678088 1892730 53240773 965098856 537635976 141 3718404 538430420
======================
   8      32 sdc 280251 149 80581030 678088 1893371 53240773 965427048 537778968 140 3719404 538573432
======================
   8      32 sdc 280251 149 80581030 678088 1894030 53240792 965763600 537921404 155 3720408 538715264
======================
   8      32 sdc 280251 149 80581030 678088 1894581 53240792 966045712 538040024 148 3721408 538858840
======================
   8      32 sdc 280251 149 80581030 678088 1895315 53240792 966421520 538205452 150 3722412 539004824
======================
   8      32 sdc 280251 149 80581030 678088 1895982 53240792 966763024 538355228 155 3723420 539149324
======================
   8      32 sdc 280251 149 80581030 678088 1896625 53240797 967092240 538498808 152 3724428 539293444
======================
   8      32 sdc 280251 149 80581030 678088 1896981 53240816 967272184 538570192 140 3725432 539428308
======================
   8      32 sdc 280252 149 80581038 679512 1897261 53240816 967415544 538788068 147 3726440 539569388
======================
   8      32 sdc 280252 149 80581038 679512 1898568 53240816 968084728 538916460 152 3727444 539712344
======================
   8      32 sdc 280252 149 80581038 679512 1899213 53240816 968414968 539060572 147 3728456 539855240
======================
   8      32 sdc 280252 149 80581038 679512 1899875 53240816 968753912 539203052 157 3729456 539998008
======================
   8      32 sdc 280252 149 80581038 679512 1900511 53240835 969078688 539345988 131 3730464 540142212
======================
   8      32 sdc 280252 149 80581038 679512 1901106 53240850 969378912 539476996 131 3731468 540282976
======================
   8      32 sdc 280252 149 80581038 679512 1901802 53240850 969735264 539626180 139 3732480 540426352
======================
   8      32 sdc 280252 149 80581038 679512 1902504 53240850 970094176 539774292 142 3733484 540569500
======================
   8      32 sdc 280252 149 80581038 679512 1903185 53240850 970443360 539919008 132 3734496 540714012
======================
   8      32 sdc 280252 149 80581038 679512 1903835 53240867 970775288 540058492 143 3735512 540855056
======================
   8      32 sdc 280252 149 80581038 679512 1904463 53240867 971096824 540202816 155 3736520 540998976
======================
   8      32 sdc 280253 149 80581046 679712 1905107 53240867 971426552 540331836 139 3737524 541127244
======================
   8      32 sdc 280253 149 80581046 679712 1905753 53240867 971757304 540471524 133 3738528 541270796
======================
   8      32 sdc 280253 149 80581046 679712 1906421 53240867 972099320 540618528 137 3739536 541414576
======================
   8      32 sdc 280253 149 80581046 679712 1907072 53240893 972431328 540762208 153 3740540 541557580
======================
   8      32 sdc 280253 149 80581046 679712 1907716 53240893 972760552 540905104 150 3741544 541701400
======================
   8      32 sdc 280253 149 80581046 679712 1908357 53240893 973088744 541048500 149 3742548 541845112
======================
   8      32 sdc 280253 149 80581046 679712 1908999 53240893 973417448 541191980 147 3743548 541988016
======================
   8      32 sdc 280253 149 80581046 679712 1909614 53240893 973732328 541337300 140 3744552 542130832
======================
   8      32 sdc 280253 149 80581046 679712 1910294 53240909 974079608 541477008 147 3745556 542272884
======================
   8      32 sdc 280253 149 80581046 679712 1910773 53240921 974320416 541571960 145 3746560 542409228
======================
   8      32 sdc 280253 149 80581046 679712 1911606 53240921 974746912 541756908 147 3747560 542552844
======================
   8      32 sdc 280253 149 80581046 679712 1912250 53240921 975076640 541900744 143 3748564 542696512
======================
   8      32 sdc 280254 149 80581054 679932 1912904 53240921 975411488 542029192 133 3749568 542824616
======================
   8      32 sdc 280254 149 80581054 679932 1913564 53240942 975748568 542171596 147 3750572 542968436
======================
   8      32 sdc 280254 149 80581054 679932 1914135 53240942 976040920 542302988 152 3751576 543112856
======================
   8      32 sdc 280254 149 80581054 679932 1914837 53240942 976400344 542466088 154 3752580 543261656
======================
   8      32 sdc 280254 149 80581054 679932 1915495 53240942 976737240 542609672 136 3753584 543405624
======================
   8      32 sdc 280254 149 80581054 679932 1916171 53240942 977083352 542753380 132 3754584 543548700
======================
   8      32 sdc 280254 149 80581054 679932 1916806 53240967 977406152 542892948 132 3755588 543689484
======================
   8      32 sdc 280254 149 80581054 679932 1917432 53240967 977726160 543036444 147 3756592 543833096
======================
   8      32 sdc 280254 149 80581054 679932 1918098 53240967 978067152 543184776 153 3757596 543977884
======================
   8      32 sdc 280254 149 80581054 679932 1918771 53240967 978411728 543323888 152 3758596 544120356
======================
   8      32 sdc 280254 149 80581054 679932 1919414 53240967 978740944 543467120 149 3759600 544264668
======================
   8      32 sdc 280254 149 80581054 679932 1920033 53240984 979057000 543597944 150 3760604 544401056
======================
   8      32 sdc 280255 149 80581062 680900 1920577 53240999 979333128 543768168 149 3761612 544551292
======================
   8      32 sdc 280255 149 80581062 680900 1921357 53240999 979732488 543897188 137 3762616 544694736
======================
   8      32 sdc 280255 149 80581062 680900 1922004 53240999 980063752 544041876 130 3763624 544838716
======================
   8      32 sdc 280255 149 80581062 680900 1922648 53240999 980393480 544185764 158 3764632 544982792
======================
   8      32 sdc 280255 149 80581062 680900 1923305 53241018 980729512 544330016 134 3765644 545127020
======================
   8      32 sdc 280255 149 80581062 680900 1923936 53241018 981052080 544466260 144 3766644 545270076
======================
   8      32 sdc 280255 149 80581062 680900 1924596 53241018 981390000 544612700 156 3767648 545412568
======================
   8      32 sdc 280255 149 80581062 680900 1925261 53241018 981730480 544759456 131 3768652 545555988
======================
   8      32 sdc 280255 149 80581062 680900 1925931 53241018 982073520 544902756 133 3769652 545698996
======================
   8      32 sdc 280255 149 80581062 680900 1926529 53241040 982376344 545044404 133 3770656 545839172
======================
   8      32 sdc 280255 149 80581062 680900 1927172 53241040 982705560 545177680 130 3771660 545981704
======================
   8      32 sdc 280256 149 80581070 680988 1927839 53241040 983047064 545324092 139 3772660 546122004
======================
   8      32 sdc 280256 149 80581070 680988 1928515 53241040 983393176 545466900 135 3773664 546265460
======================
   8      32 sdc 280256 149 80581070 680988 1928910 53241040 983595416 545552736 156 3774668 546414236
======================
   8      32 sdc 280256 149 80581070 680988 1929848 53241057 984074800 545761780 132 3775672 546559760
======================
   8      32 sdc 280256 149 80581070 680988 1930416 53241069 984363696 545906800 145 3776676 546701100
======================
   8      32 sdc 280256 149 80581070 680988 1931139 53241069 984733872 546049628 151 3777680 546845340
======================
   8      32 sdc 280256 149 80581070 680988 1931801 53241069 985072816 546191268 136 3778684 546988616
======================
   8      32 sdc 280256 149 80581070 680988 1932443 53241069 985401520 546334456 134 3779688 547131832
======================
   8      32 sdc 280256 149 80581070 680988 1933107 53241091 985741160 546472320 150 3780696 547269396
======================
   8      32 sdc 280256 149 80581070 680988 1933772 53241091 986081136 546614988 158 3781700 547412520
======================
   8      32 sdc 280256 149 80581070 680988 1934347 53241091 986376048 546753356 153 3782704 547556276
======================
   8      32 sdc 280256 149 80581070 680988 1935056 53241091 986738544 546901992 154 3783708 547699444
======================
   8      32 sdc 280257 149 80581078 681096 1935646 53241091 987040624 547043952 139 3784712 547838572
======================
   8      32 sdc 280257 149 80581078 681096 1936329 53241126 987389456 547182092 123 3785712 547978596
======================
   8      32 sdc 280257 149 80581078 681096 1936999 53241126 987729608 547322196 149 3786716 548119272
======================
   8      32 sdc 280257 149 80581078 681096 1937648 53241126 988061896 547465000 140 3787720 548262796
======================
   8      32 sdc 280257 149 80581078 681096 1938232 53241126 988360904 547618836 132 3788720 548407992
======================
   8      32 sdc 280257 149 80581078 681096 1938965 53241126 988736200 547754852 135 3789724 548551656
======================
   8      32 sdc 280257 149 80581078 681096 1939593 53241146 989057392 547890288 154 3790728 548688464
======================
   8      32 sdc 280257 149 80581078 681096 1940221 53241146 989378424 548034272 135 3791728 548831520
======================
   8      32 sdc 280257 149 80581078 681096 1940897 53241146 989724536 548178368 131 3792732 548974868
======================
   8      32 sdc 280257 149 80581078 681096 1941572 53241146 990070136 548321464 128 3793736 549118124
======================
   8      32 sdc 280257 149 80581078 681096 1942248 53241146 990416248 548454268 156 3794736 549251524
======================
   8      32 sdc 280257 149 80581078 681096 1942894 53241169 990743656 548596436 136 3795744 549394564
======================
   8      32 sdc 280257 149 80581078 681096 1943218 53241169 990909544 548671104 76 3796748 549502080
======================
   8      32 sdc 280258 149 80581086 682228 1944156 53241169 991389800 548810580 133 3797752 549608128
======================
   8      32 sdc 280258 149 80581086 682228 1944831 53241169 991735400 548953956 130 3798760 549752208
======================
   8      32 sdc 280258 149 80581086 682228 1945457 53241169 992055912 549099096 144 3799772 549895636
======================
   8      32 sdc 280258 149 80581086 682228 1946093 53241185 992380664 549244992 146 3800776 550040484
======================
   8      32 sdc 280258 149 80581086 682228 1946731 53241199 992705416 549384780 156 3801780 550180724
======================
   8      32 sdc 280258 149 80581086 682228 1947427 53241199 993061768 549525280 132 3802784 550324148
======================
   8      32 sdc 280258 149 80581086 682228 1948069 53241199 993390472 549668900 130 3803784 550467176
======================
   8      32 sdc 280258 149 80581086 682228 1948710 53241199 993718664 549809916 129 3804788 550610772
======================
   8      32 sdc 280258 149 80581086 682228 1949370 53241219 994056240 549953356 156 3805792 550751080
======================
   8      32 sdc 280258 149 80581086 682228 1949863 53241219 994308656 550059580 145 3806796 550895256
======================
   8      32 sdc 280258 149 80581086 682228 1950678 53241219 994725432 550239960 131 3807800 551038628
======================
   8      32 sdc 280259 149 80581094 682444 1951303 53241219 995045432 550372028 138 3808800 551170432
======================
   8      32 sdc 280259 149 80581094 682444 1951978 53241219 995391032 550515208 135 3809804 551313816
======================
   8      32 sdc 280259 149 80581094 682444 1952640 53241239 995726104 550657456 141 3810808 551457056
======================
   8      32 sdc 280259 149 80581094 682444 1953264 53241239 996045592 550800944 143 3811812 551601096
======================
   8      32 sdc 280259 149 80581094 682444 1953910 53241239 996376344 550947208 137 3812812 551745380
======================
   8      32 sdc 280259 149 80581094 682444 1954576 53241239 996717336 551089604 143 3813816 551889040
======================
   8      32 sdc 280259 149 80581094 682444 1955252 53241239 997063448 551232000 139 3814820 552032640
======================
   8      32 sdc 280259 149 80581094 682444 1955876 53241259 997382088 551373056 132 3815820 552172088
======================
   8      32 sdc 280259 149 80581094 682444 1956508 53241270 997701728 551520308 140 3816824 552317152
======================
   8      32 sdc 280259 149 80581094 682444 1957186 53241270 998048864 551661452 134 3817828 552460564
======================
   8      32 sdc 280259 149 80581094 682444 1957847 53241270 998387296 551804600 145 3818832 552603956
======================
   8      32 sdc 280259 149 80581094 682444 1958489 53241270 998716000 551947876 127 3819836 552747228
======================
   8      32 sdc 280260 149 80581102 682668 1959059 53241291 999007000 552078288 151 3820836 552893584
======================
   8      32 sdc 280260 149 80581102 682668 1959789 53241291 999380760 552219008 157 3821840 553037012
======================
   8      32 sdc 280260 149 80581102 682668 1960434 53241291 999711000 552361744 152 3822844 553180624
======================
   8      32 sdc 280260 149 80581102 682668 1961030 53241291 1000016152 552506288 132 3823844 553321828
======================
   8      32 sdc 280260 149 80581102 682668 1961696 53241291 1000357144 552645708 138 3824848 553465416
======================
   8      32 sdc 280260 149 80581102 682668 1962361 53241309 1000696760 552789236 134 3825852 553608232
======================
   8      32 sdc 280260 149 80581102 682668 1963020 53241323 1001031256 552931344 146 3826852 553750040
======================
   8      32 sdc 280260 149 80581102 682668 1963661 53241323 1001359448 553074704 145 3827856 553893624
======================
   8      32 sdc 280260 149 80581102 682668 1964283 53241323 1001677912 553211744 131 3828860 554036336
======================
   8      32 sdc 280260 149 80581102 682668 1964993 53241323 1002041432 553359528 152 3829860 554177204
======================
   8      32 sdc 280260 149 80581102 682668 1965632 53241346 1002367776 553493668 136 3830864 554313648
======================
   8      32 sdc 280261 149 80581110 682736 1966235 53241346 1002676512 553634520 135 3831868 554456136
======================
   8      32 sdc 280261 149 80581110 682736 1966902 53241346 1003018016 553780532 140 3832868 554599156
======================
   8      32 sdc 280261 149 80581110 682736 1967577 53241346 1003363616 553923680 137 3833872 554742492
======================
   8      32 sdc 280261 149 80581110 682736 1968253 53241346 1003709728 554066256 133 3834872 554884188
======================
   8      32 sdc 280261 149 80581110 682736 1968897 53241368 1004035096 554204912 147 3835876 555026052
======================
   8      32 sdc 280261 149 80581110 682736 1969543 53241368 1004365848 554350940 141 3836880 555170364
======================
   8      32 sdc 280261 149 80581110 682736 1970218 53241368 1004711448 554492828 138 3837880 555313340
======================
   8      32 sdc 280261 149 80581110 682736 1970869 53241368 1005044760 554635808 135 3838884 555456736
======================
   8      32 sdc 280261 149 80581110 682736 1971506 53241368 1005370904 554783800 130 3839892 555602776
======================
   8      32 sdc 280261 149 80581110 682736 1972168 53241387 1005708992 554918896 137 3840892 555739072
======================
   8      32 sdc 280261 149 80581110 682736 1972778 53241401 1006017896 555064696 135 3841896 555882388
======================
   8      32 sdc 280261 149 80581110 682736 1973473 53241401 1006373736 555205100 144 3842900 556025884
======================
   8      32 sdc 280262 149 80581118 682964 1974048 53241401 1006668136 555344208 154 3843904 556162200
======================
   8      32 sdc 280262 149 80581118 682964 1974712 53241401 1007008104 555485612 130 3844908 556304168
======================
   8      32 sdc 280262 149 80581118 682964 1975392 53241418 1007355392 555626680 151 3845912 556447772
======================
   8      32 sdc 280262 149 80581118 682964 1976057 53241418 1007695872 555771272 158 3846916 556591336
======================
   8      32 sdc 280262 149 80581118 682964 1976688 53241418 1008018944 555913484 135 3847920 556734572
======================
   8      32 sdc 280262 149 80581118 682964 1977348 53241418 1008356864 556057788 147 3848920 556877852
======================
   8      32 sdc 280262 149 80581118 682964 1977940 53241418 1008659968 556183604 131 3849928 557020456
======================
   8      32 sdc 280262 149 80581118 682964 1978650 53241432 1009022592 556336704 133 3850932 557167408
======================
   8      32 sdc 280262 149 80581118 682964 1979286 53241443 1009345792 556473696 155 3851936 557305648
======================
   8      32 sdc 280262 149 80581118 682964 1979961 53241443 1009691392 556619260 152 3852936 557448672
======================
   8      32 sdc 280262 149 80581118 682964 1980636 53241443 1010036992 556762388 149 3853940 557592248
======================
   8      32 sdc 280262 149 80581118 682964 1981293 53241443 1010373376 556903264 132 3854940 557735028
======================
   8      32 sdc 280263 149 80581126 683172 1981919 53241466 1010693568 557030528 152 3855944 557861692
======================
   8      32 sdc 280263 149 80581126 683172 1982543 53241466 1011013056 557174148 136 3856948 558005280
======================
   8      32 sdc 280263 149 80581126 683172 1983161 53241466 1011328968 557327012 133 3857948 558147284
======================
   8      32 sdc 280263 149 80581126 683172 1983841 53241466 1011677128 557464440 157 3858952 558291940
======================
   8      32 sdc 280263 149 80581126 683172 1984513 53241466 1012021192 557605528 157 3859956 558435492
======================
   8      32 sdc 280263 149 80581126 683172 1985184 53241489 1012360896 557747700 143 3860956 558577212
======================
   8      32 sdc 280263 149 80581126 683172 1985840 53241489 1012696264 557890400 128 3861960 558720788
======================
   8      32 sdc 280263 149 80581126 683172 1986483 53241489 1013025480 558034124 157 3862964 558864160
======================
   8      32 sdc 280263 149 80581126 683172 1987070 53241489 1013326024 558164772 146 3863968 559007896
======================
   8      32 sdc 280263 149 80581126 683172 1987767 53241489 1013682888 558321520 153 3864972 559152016
======================
   8      32 sdc 280263 149 80581126 683172 1988429 53241509 1014021488 558457072 137 3865976 559287184
======================
   8      32 sdc 280263 149 80581126 683172 1989098 53241524 1014360608 558600220 140 3866980 559430660
======================
   8      32 sdc 280264 149 80581134 683244 1989675 53241524 1014656032 558748892 134 3867984 559576516
======================
   8      32 sdc 280264 149 80581134 683244 1990357 53241524 1015005216 558887512 156 3868984 559719672
======================
   8      32 sdc 280264 149 80581134 683244 1991038 53241524 1015353888 559033380 147 3869988 559863268
======================
   8      32 sdc 280264 149 80581134 683244 1991684 53241542 1015683776 559174284 128 3870992 560005300
======================
   8      32 sdc 280264 149 80581134 683244 1992318 53241542 1016008384 559319424 134 3871996 560149084
======================
   8      32 sdc 280264 149 80581134 683244 1992888 53241542 1016300224 559440256 140 3873000 560292140
======================
   8      32 sdc 280264 149 80581134 683244 1993667 53241542 1016699072 559603708 158 3874004 560432924
======================
   8      32 sdc 280264 149 80581134 683244 1994339 53241542 1017043136 559745236 158 3875004 560575692
======================
   8      32 sdc 280264 149 80581134 683244 1994965 53241557 1017362760 559880696 146 3876008 560711944
======================
   8      32 sdc 280264 149 80581134 683244 1995606 53241569 1017688528 560025244 145 3877012 560855328
======================
   8      32 sdc 280264 149 80581134 683244 1996275 53241569 1018031056 560168420 148 3878012 560998312
======================
   8      32 sdc 280264 149 80581134 683244 1996866 53241569 1018333648 560310984 133 3879016 561143832
======================
   8      32 sdc 280265 149 80581142 683292 1997553 53241569 1018685904 560450656 154 3880024 561282740
======================
   8      32 sdc 280265 149 80581142 683292 1998213 53241592 1019022992 560594220 152 3881028 561425568
======================
   8      32 sdc 280265 149 80581142 683292 1998838 53241592 1019342992 560735952 135 3882032 561565364
======================
   8      32 sdc 280265 149 80581142 683292 1999521 53241592 1019692184 560877108 157 3883032 561708520
======================
   8      32 sdc 280265 149 80581142 683292 2000073 53241592 1019974808 561011004 149 3884036 561852872
======================
   8      32 sdc 280265 149 80581142 683292 2000791 53241592 1020342424 561165092 135 3885040 561996364
======================
   8      32 sdc 280265 149 80581142 683292 2001386 53241608 1020646184 561288112 155 3886044 562136008
======================
   8      32 sdc 280265 149 80581142 683292 2002125 53241625 1021021176 561448488 151 3887052 562280268
======================
   8      32 sdc 280265 149 80581142 683292 2002757 53241625 1021344248 561591536 137 3888056 562423432
======================
   8      32 sdc 280265 149 80581142 683292 2003371 53241625 1021658616 561737480 153 3889060 562566404
======================
   8      32 sdc 280265 149 80581142 683292 2004094 53241625 1022028792 561878560 134 3890060 562709708
======================
   8      32 sdc 280265 149 80581142 683292 2004650 53241645 1022313120 562004256 94 3891064 562846168
======================
   8      32 sdc 280266 149 80581150 683528 2005332 53241645 1022662304 562153636 148 3892068 562987040
======================
   8      32 sdc 280266 149 80581150 683528 2006009 53241645 1023008424 562298616 144 3893068 563130132
======================
   8      32 sdc 280266 149 80581150 683528 2006633 53241645 1023327912 562446324 128 3894072 563274860
======================
   8      32 sdc 280266 149 80581150 683528 2007293 53241645 1023665832 562573408 140 3895076 563417580
======================
   8      32 sdc 280266 149 80581150 683528 2007964 53241668 1024006040 562727188 154 3896080 563560556
======================
   8      32 sdc 280266 149 80581150 683528 2008625 53241668 1024344472 562872132 133 3897080 563703364
======================
   8      32 sdc 280266 149 80581150 683528 2009290 53241668 1024684952 563014628 140 3898084 563846644
======================
   8      32 sdc 280266 149 80581150 683528 2009932 53241668 1025013656 563155988 138 3899088 563989844
======================
   8      32 sdc 280266 149 80581150 683528 2010516 53241668 1025312664 563307124 130 3900092 564132520
======================
   8      32 sdc 280266 149 80581150 683528 2011242 53241684 1025683496 563435072 143 3901092 564267852
======================
   8      32 sdc 280266 149 80581150 683528 2011885 53241696 1026010288 563576548 137 3902096 564411272
======================
   8      32 sdc 280266 149 80581150 683528 2012331 53241696 1026238640 563679268 124 3903104 564548508
======================
   8      32 sdc 280266 149 80581150 683528 2012331 53241696 1026238640 563679268 124 3904104 564672508
======================
   8      32 sdc 280267 149 80581158 685024 2013793 53241696 1026987184 563979824 138 3905112 564813352
======================
   8      32 sdc 280267 149 80581158 685024 2014379 53241718 1027286888 564108760 142 3906120 564958708
======================
   8      32 sdc 280267 149 80581158 685024 2015060 53241718 1027635560 564270968 133 3907120 565101924
======================
   8      32 sdc 280267 149 80581158 685024 2015641 53241718 1027932528 564392388 129 3908124 565243528
======================
   8      32 sdc 280267 149 80581158 685024 2016367 53241718 1028304240 564545712 139 3909132 565386388
======================
   8      32 sdc 280267 149 80581158 685024 2017030 53241718 1028643696 564697112 148 3910136 565530368
======================
   8      32 sdc 280267 149 80581158 685024 2017694 53241737 1028978776 564836664 157 3911140 565670364
======================
   8      32 sdc 280267 149 80581158 685024 2018356 53241737 1029317216 564980800 136 3912140 565813832
======================
   8      32 sdc 280267 149 80581158 685024 2019026 53241737 1029660256 565124060 138 3913148 565958340
======================
   8      32 sdc 280267 149 80581158 685024 2019653 53241737 1029981280 565257432 151 3914152 566102336
======================
   8      32 sdc 280268 149 80581166 685220 2020311 53241737 1030318176 565397012 148 3915152 566232200
======================
   8      32 sdc 280268 149 80581166 685220 2020936 53241758 1030637336 565540304 133 3916156 566375820
======================
   8      32 sdc 280268 149 80581166 685220 2021588 53241772 1030968248 565685560 148 3917156 566518608
======================
   8      32 sdc 280268 149 80581166 685220 2022263 53241772 1031313848 565827872 145 3918160 566662000
======================
   8      32 sdc 280268 149 80581166 685220 2022865 53241772 1031622072 565969428 151 3919160 566803856
======================
   8      32 sdc 280268 149 80581166 685220 2023513 53241772 1031953848 566114712 143 3920164 566946380
======================
   8      32 sdc 280268 149 80581166 685220 2024189 53241791 1032299104 566253876 152 3921168 567087940
======================
   8      32 sdc 280268 149 80581166 685220 2024784 53241791 1032603744 566399920 133 3922172 567232252
======================
   8      32 sdc 280268 149 80581166 685220 2025476 53241791 1032958048 566540996 145 3923176 567375776
======================
   8      32 sdc 280268 149 80581166 685220 2026118 53241791 1033286752 566684688 143 3924180 567519600
======================
   8      32 sdc 280268 149 80581166 685220 2026766 53241791 1033618528 566827284 135 3925184 567663268
======================
   8      32 sdc 280268 149 80581166 685220 2027362 53241807 1033922800 566968916 133 3926188 567801144
======================
   8      32 sdc 280269 149 80581174 685304 2028041 53241822 1034267544 567108500 141 3927188 567943568
======================
   8      32 sdc 280269 149 80581174 685304 2028659 53241822 1034583960 567255188 131 3928192 568086476
======================
   8      32 sdc 280269 149 80581174 685304 2029342 53241822 1034933656 567396008 152 3929196 568230644
======================
   8      32 sdc 280269 149 80581174 685304 2029973 53241822 1035256728 567541600 129 3930200 568373212
======================
   8      32 sdc 280269 149 80581174 685304 2030632 53241842 1035593792 567680888 152 3931204 568516348
======================
   8      32 sdc 280269 149 80581174 685304 2031302 53241842 1035936328 567825360 130 3932204 568659604
======================
   8      32 sdc 280269 149 80581174 685304 2031978 53241842 1036282440 567967068 158 3933208 568803308
======================
   8      32 sdc 280269 149 80581174 685304 2032653 53241842 1036628040 568109208 155 3934212 568947156
======================
   8      32 sdc 280269 149 80581174 685304 2033216 53241842 1036916296 568236244 136 3935220 569092072
======================
   8      32 sdc 280269 149 80581174 685304 2033864 53241865 1037244728 568379924 135 3936224 569231780
======================
   8      32 sdc 280269 149 80581174 685304 2034597 53241865 1037619520 568540208 139 3937228 569375500
======================
   8      32 sdc 280269 149 80581174 685304 2035275 53241865 1037966656 568684220 133 3938236 569519704
======================
   8      32 sdc 280270 149 80581182 685384 2035900 53241865 1038286656 568824292 130 3939244 569660240
======================
   8      32 sdc 280270 149 80581182 685384 2036541 53241865 1038614848 568967996 129 3940248 569803496
======================
   8      32 sdc 280270 149 80581182 685384 2037207 53241884 1038954984 569108148 155 3941252 569945188
======================
   8      32 sdc 280270 149 80581182 685384 2037817 53241897 1039264384 569255900 132 3942256 570084092
======================
   8      32 sdc 280270 149 80581182 685384 2038481 53241897 1039604352 569390964 140 3943264 570227296
======================
   8      32 sdc 280270 149 80581182 685384 2039126 53241897 1039934592 569535144 135 3944268 570370860
======================
   8      32 sdc 280270 149 80581182 685384 2039791 53241897 1040275072 569678836 142 3945276 570514800
======================
   8      32 sdc 280270 149 80581182 685384 2040363 53241916 1040567584 569796556 151 3946280 570653468
======================
   8      32 sdc 280270 149 80581182 685384 2041093 53241916 1040941344 569965348 157 3947284 570801148
======================
   8      32 sdc 280270 149 80581182 685384 2041753 53241916 1041278760 570109388 138 3948288 570944936
======================
   8      32 sdc 280270 149 80581182 685384 2042423 53241916 1041621800 570252864 140 3949292 571088468
======================
   8      32 sdc 280270 149 80581182 685384 2043059 53241916 1041947432 570394988 144 3950292 571231512
======================
   8      32 sdc 280271 149 80581190 685508 2043662 53241937 1042253312 570533300 143 3951296 571370220
======================
   8      32 sdc 280271 149 80581190 685508 2044100 53241937 1042477568 570628292 153 3952384 571529964
======================
   8      32 sdc 280271 149 80581190 685508 2045005 53241937 1042940928 570826604 144 3953388 571675748
======================
   8      32 sdc 280271 149 80581190 685508 2045682 53241937 1043287552 570970104 139 3954392 571819004
======================
   8      32 sdc 280271 149 80581190 685508 2046297 53241937 1043602432 571112740 132 3955396 571962500
======================
   8      32 sdc 280271 149 80581190 685508 2046946 53241963 1043933416 571255464 130 3956400 572104092
======================
   8      32 sdc 280271 149 80581190 685508 2047542 53241963 1044238064 571391840 143 3957404 572246088
======================
   8      32 sdc 280271 149 80581190 685508 2048220 53241963 1044585200 571532780 137 3958404 572389800
======================
   8      32 sdc 280271 149 80581190 685508 2048909 53241963 1044937968 571683556 152 3959408 572533244
======================
   8      32 sdc 280271 149 80581190 685508 2049579 53241967 1045277016 571827264 153 3960412 572676756
======================
   8      32 sdc 280271 149 80581190 685508 2050241 53241984 1045615088 571964788 148 3961412 572814256
======================
   8      32 sdc 280272 149 80581198 685572 2050861 53241984 1045932528 572105852 128 3962416 572957672
======================
   8      32 sdc 280272 149 80581198 685572 2051492 53241984 1046255600 572251460 137 3963420 573101408
======================
   8      32 sdc 280272 149 80581198 685572 2052134 53241984 1046584304 572395516 135 3964424 573244748
======================
   8      32 sdc 280272 149 80581198 685572 2052788 53241984 1046919152 572538996 153 3965428 573388524
======================
   8      32 sdc 280272 149 80581198 685572 2053444 53242010 1047253720 572680368 154 3966428 573530956
======================
   8      32 sdc 280272 149 80581198 685572 2054088 53242010 1047582944 572825188 151 3967432 573674668
======================
   8      32 sdc 280272 149 80581198 685572 2054754 53242010 1047923936 572969488 157 3968436 573818060
======================
   8      32 sdc 280272 149 80581198 685572 2055422 53242010 1048265952 573114536 129 3969440 573962752
======================
   8      32 sdc 280272 149 80581198 685572 2056013 53242010 1048568544 573256308 146 3970444 574105324
======================
   8      32 sdc 280272 149 80581198 685572 2056661 53242028 1048899960 573394392 134 3971452 574240620
======================
   8      32 sdc 280272 149 80581198 685572 2057378 53242039 1049261104 573534984 135 3972456 574383976
======================
   8      32 sdc 280272 149 80581198 685572 2058055 53242039 1049607728 573678816 130 3973460 574527440
======================
   8      32 sdc 280273 149 80581206 685620 2058644 53242039 1049909296 573822092 159 3974464 574666816
======================
   8      32 sdc 280273 149 80581206 685620 2059344 53242039 1050267696 573960492 131 3975468 574810580
======================
   8      32 sdc 280273 149 80581206 685620 2059928 53242057 1050565840 574106880 141 3976472 574954924
======================
   8      32 sdc 280273 149 80581206 685620 2060644 53242057 1050932432 574247932 129 3977476 575098068
======================
   8      32 sdc 280273 149 80581206 685620 2061236 53242057 1051235536 574379328 145 3978488 575242880
======================
   8      32 sdc 280273 149 80581206 685620 2061943 53242057 1051597520 574536724 142 3979492 575386884
======================
   8      32 sdc 280273 149 80581206 685620 2062607 53242057 1051938000 574681300 150 3980496 575530496
======================
   8      32 sdc 280273 149 80581206 685620 2063233 53242086 1052256720 574803736 137 3981504 575651420
======================
   8      32 sdc 280273 149 80581206 685620 2063908 53242086 1052602320 574946480 135 3982504 575795624
======================
   8      32 sdc 280273 149 80581206 685620 2064551 53242086 1052931032 575089612 132 3983512 575939540
======================
   8      32 sdc 280273 149 80581206 685620 2065193 53242086 1053259736 575232888 130 3984512 576082292
======================
   8      32 sdc 280273 149 80581206 685620 2065848 53242086 1053595096 575376204 147 3985516 576225600
======================
   8      32 sdc 280274 149 80581214 685736 2066492 53242103 1053923952 575514988 155 3986520 576364484
======================
   8      32 sdc 280274 149 80581214 685736 2066875 53242103 1054120048 575600436 156 3987520 576512704
======================
   8      32 sdc 280274 149 80581214 685736 2067790 53242118 1054584616 575810324 148 3988524 576659488
======================
   8      32 sdc 280274 149 80581214 685736 2068465 53242118 1054930216 575953592 145 3989528 576803064
======================
   8      32 sdc 280274 149 80581214 685736 2069099 53242118 1055254824 576096104 151 3990532 576946872
======================
   8      32 sdc 280274 149 80581214 685736 2069749 53242138 1055586776 576233188 146 3991532 577081996
======================
   8      32 sdc 280274 149 80581214 685736 2070395 53242138 1055917528 576369872 140 3992536 577225276
======================
   8      32 sdc 280274 149 80581214 685736 2071102 53242138 1056279512 576518424 137 3993540 577367416
======================
   8      32 sdc 280274 149 80581214 685736 2071771 53242138 1056622040 576660456 140 3994544 577510676
======================
   8      32 sdc 280274 149 80581214 685736 2072396 53242138 1056942040 576803996 155 3995548 577653944
======================
   8      32 sdc 280274 149 80581214 685736 2073038 53242155 1057270376 576946924 139 3996556 577795864
======================
   8      32 sdc 280274 149 80581214 685736 2073725 53242169 1057617192 577088132 130 3997564 577937300
======================
   8      32 sdc 280275 149 80581222 686004 2074347 53242169 1057935656 577225204 134 3998568 578072716
======================
   8      32 sdc 280275 149 80581222 686004 2075002 53242169 1058271016 577365580 151 3999568 578215300
======================
   8      32 sdc 280275 149 80581222 686004 2075655 53242169 1058605352 577508980 138 4000572 578358980
======================
   8      32 sdc 280275 149 80581222 686004 2076035 53242186 1058799544 577591200 140 4001576 578501080
======================
   8      32 sdc 280275 149 80581222 686004 2076910 53242186 1059247040 577798244 134 4002576 578644880
======================
   8      32 sdc 280275 149 80581222 686004 2077583 53242186 1059591616 577939008 222 4003580 578822948
======================
   8      32 sdc 280275 149 80581222 686004 2078233 53242186 1059924416 578119628 211 4004584 579049132
======================
   8      32 sdc 280275 149 80581222 686004 2078896 53242186 1060263872 578269460 188 4005584 579248136
======================
   8      32 sdc 280275 149 80581222 686004 2079536 53242205 1060591200 578536536 161 4006588 579396176
======================
   8      32 sdc 280275 149 80581222 686004 2080174 53242205 1060917856 578689452 131 4007592 579540416
======================
   8      32 sdc 280275 149 80581222 686004 2080698 53242205 1061186144 578801964 151 4008592 579685160
======================
   8      32 sdc 280275 149 80581222 686004 2081479 53242205 1061586016 578983860 139 4009596 579831560
======================
   8      32 sdc 280275 149 80581222 686004 2081727 53242205 1061712488 579031740 1 4010600 579866668
======================
   8      32 sdc 280276 149 80581230 687748 2082723 53242215 1062221512 579040220 146 4011604 579882160
======================
   8      32 sdc 280276 149 80581230 687748 2083420 53242215 1062578376 579174088 153 4012604 580024852
======================
   8      32 sdc 280276 149 80581230 687748 2084097 53242215 1062925000 579317516 148 4013608 580168208
======================
   8      32 sdc 280276 149 80581230 687748 2084717 53242215 1063242440 579459492 136 4014612 580311628
======================
   8      32 sdc 280276 149 80581230 687748 2085341 53242215 1063561928 579602656 152 4015616 580454816
======================
   8      32 sdc 280276 149 80581230 687748 2086146 53242228 1063973688 579822244 8 4017068 580658028
======================
   8      32 sdc 280276 149 80581230 687748 2086974 53242228 1064397120 579949184 134 4018076 580800984
======================
   8      32 sdc 280276 149 80581230 687748 2087618 53242228 1064726848 580093196 130 4019084 580944988
======================
   8      32 sdc 280276 149 80581230 687748 2088283 53242228 1065067328 580237440 137 4020088 581088544
======================
   8      32 sdc 280276 149 80581230 687748 2088942 53242228 1065404736 580380016 150 4021092 581232140
======================
   8      32 sdc 280277 149 80581238 688056 2089560 53242241 1065721152 580498672 108 4022096 581349408
======================
   8      32 sdc 280277 149 80581238 688056 2090203 53242241 1066049464 580625500 142 4023100 581477256
======================
   8      32 sdc 280277 149 80581238 688056 2090847 53242241 1066379192 580768920 138 4024108 581621224
======================
   8      32 sdc 280277 149 80581238 688056 2091500 53242241 1066713528 580912656 153 4025108 581763992
======================
   8      32 sdc 280277 149 80581238 688056 2092138 53242241 1067040184 581055332 131 4026112 581907096
======================
   8      32 sdc 280277 149 80581238 688056 2092779 53242254 1067368376 581198544 123 4027116 582050380
======================
   8      32 sdc 280277 149 80581238 688056 2093440 53242254 1067705904 581332796 135 4028124 582181172
======================
   8      32 sdc 280277 149 80581238 688056 2094131 53242254 1068059696 581474384 148 4029132 582325684
======================
   8      32 sdc 280277 149 80581238 688056 2094756 53242254 1068379696 581617448 131 4030140 582469872
======================
   8      32 sdc 280277 149 80581238 688056 2095390 53242254 1068704304 581762592 137 4031144 582614376
======================
   8      32 sdc 280277 149 80581238 688056 2096065 53242265 1069049904 581906144 103 4032148 582756852
======================
   8      32 sdc 280277 149 80581238 688056 2096744 53242265 1069396632 582034784 131 4033152 582886424
======================
   8      32 sdc 280278 149 80581246 688336 2097397 53242265 1069730968 582156072 148 4034156 583008144
======================
   8      32 sdc 280278 149 80581246 688336 2098031 53242265 1070055576 582298128 133 4035156 583151248
======================
   8      32 sdc 280278 149 80581246 688336 2098523 53242322 1070298856 582410356 0 4036104 583247804
======================
   8      32 sdc 280278 149 80581246 688336 2098524 53242322 1070298856 582410356 0 4036104 583247804
======================
   8      32 sdc 280278 149 80581246 688336 2098524 53242322 1070298856 582410356 0 4036104 583247804
======================
   8      32 sdc 280278 149 80581246 688336 2098524 53242322 1070298856 582410356 0 4036104 583247804
======================
   8      32 sdc 280278 149 80581246 688336 2098524 53242322 1070298856 582410356 0 4036104 583247804
======================
   8      32 sdc 280278 149 80581246 688336 2098524 53242322 1070298856 582410356 0 4036104 583247804
======================
   8      32 sdc 280496 149 80582984 695404 2098547 53242322 1070298944 582410356 17 4036740 583265208
started
======================
   8      32 sdc 280516 149 80583144 711548 2098549 53242322 1070298952 582410424 0 4037240 583271084
======================
   8      32 sdc 280720 183 80614328 720700 2098549 53242322 1070298952 582410424 31 4037680 583285652
======================
   8      32 sdc 281430 260 80810520 755016 2098549 53242322 1070298952 582410424 32 4038776 583323112
======================
   8      32 sdc 282262 305 81035288 785260 2098549 53242322 1070298952 582410424 32 4039804 583356836
======================
   8      32 sdc 283097 349 81260312 818324 2098549 53242322 1070298952 582410424 33 4040816 583389752
======================
   8      32 sdc 283974 389 81494808 849676 2098549 53242322 1070298952 582410424 32 4041820 583422424
======================
   8      32 sdc 284854 427 81729816 882224 2098552 53242326 1070299008 582410456 32 4042824 583455140
======================
   8      32 sdc 285700 464 81956120 914972 2098552 53242326 1070299008 582410456 33 4043828 583487828
======================
   8      32 sdc 286572 502 82189080 947892 2098552 53242326 1070299008 582410456 33 4044832 583520496
======================
   8      32 sdc 287465 541 82427672 980960 2098552 53242326 1070299008 582410456 33 4045836 583553156
======================
   8      32 sdc 288322 579 82656536 1012948 2098552 53242326 1070299008 582410456 32 4046840 583585816
======================
   8      32 sdc 289214 617 82894872 1045924 2098552 53242326 1070299008 582410456 33 4047844 583618528
======================
   8      32 sdc 290085 655 83127064 1077948 2098552 53242326 1070299008 582410456 32 4048848 583651204
======================
   8      32 sdc 290951 692 83358488 1111172 2098552 53242326 1070299008 582410456 33 4049852 583683844
======================
   8      32 sdc 291822 730 83590680 1143488 2098552 53242326 1070299008 582410456 32 4050856 583716552
======================
   8      32 sdc 292676 767 83819032 1176432 2098552 53242326 1070299008 582410456 33 4051860 583749252
======================
   8      32 sdc 293553 805 84053272 1209380 2098552 53242326 1070299008 582410456 33 4052860 583781812
======================
   8      32 sdc 294457 844 84294424 1241980 2098552 53242326 1070299008 582410456 32 4053864 583814500
======================
   8      32 sdc 295328 882 84527128 1274280 2098552 53242326 1070299008 582410456 32 4054868 583847152
======================
   8      32 sdc 296199 919 84759832 1307044 2098552 53242326 1070299008 582410456 33 4055868 583879684
======================
   8      32 sdc 297069 957 84991768 1339396 2098552 53242326 1070299008 582410456 32 4056872 583912348
======================
   8      32 sdc 297955 995 85228312 1371768 2098552 53242326 1070299008 582410456 32 4057872 583944924
======================
   8      32 sdc 298844 1033 85465368 1404624 2098552 53242326 1070299008 582410456 32 4058876 583977624
======================
   8      32 sdc 299700 1069 85693240 1437020 2098552 53242326 1070299008 582410456 33 4059880 584010320
======================
   8      32 sdc 300572 1108 85925912 1470004 2098552 53242326 1070299008 582410456 32 4060880 584042944
======================
   8      32 sdc 301424 1145 86152728 1503036 2098552 53242326 1070299008 582410456 32 4061884 584075648
======================
   8      32 sdc 302245 1182 86370072 1535428 2098552 53242326 1070299008 582410456 34 4062884 584108680
======================
   8      32 sdc 303112 1221 86600216 1569520 2098552 53242326 1070299008 582410456 33 4063888 584141716
======================
   8      32 sdc 303999 1259 86835736 1602028 2098552 53242326 1070299008 582410456 33 4064892 584174488
======================
   8      32 sdc 304862 1297 87066392 1634724 2098552 53242326 1070299008 582410456 33 4065892 584207000
======================
   8      32 sdc 305701 1334 87290392 1666216 2098552 53242326 1070299008 582410456 32 4066896 584239660
======================
   8      32 sdc 306562 1371 87520280 1698800 2098552 53242326 1070299008 582410456 32 4067900 584272320
======================
   8      32 sdc 307442 1408 87755288 1732088 2098552 53242326 1070299008 582410456 33 4068900 584304864
======================
   8      32 sdc 308308 1446 87986456 1765084 2098552 53242326 1070299008 582410456 33 4069904 584337536
======================
   8      32 sdc 309181 1484 88219160 1797188 2098552 53242326 1070299008 582410456 32 4070908 584370264
======================
   8      32 sdc 310069 1521 88456216 1830224 2098552 53242326 1070299008 582410456 33 4071920 584403192
======================
   8      32 sdc 310952 1560 88692248 1863756 2098552 53242326 1070299008 582410456 33 4072924 584435872
======================
   8      32 sdc 311809 1598 88921112 1895468 2098554 53242328 1070299040 582410456 32 4073932 584468664
======================
   8      32 sdc 312682 1635 89154328 1928824 2098554 53242328 1070299040 582410456 33 4074932 584501224
======================
   8      32 sdc 313581 1674 89394200 1961300 2098554 53242328 1070299040 582410456 32 4075936 584533916
======================
   8      32 sdc 314445 1711 89625112 1994136 2098554 53242328 1070299040 582410456 33 4076940 584566588
======================
   8      32 sdc 315299 1748 89853208 2026532 2098554 53242328 1070299040 582410456 33 4077944 584599288
======================
   8      32 sdc 316171 1786 90085912 2058704 2098554 53242328 1070299040 582410456 32 4078944 584631848
======================
   8      32 sdc 317035 1823 90316824 2091768 2098554 53242328 1070299040 582410456 33 4079948 584664560
======================
   8      32 sdc 317870 1860 90540056 2124148 2098554 53242328 1070299040 582410456 33 4080948 584697088
======================
   8      32 sdc 318714 1897 90765080 2156924 2098554 53242328 1070299040 582410456 33 4081952 584729740
======================
   8      32 sdc 319580 1935 90996248 2189228 2098554 53242328 1070299040 582410456 32 4082956 584762376
======================
   8      32 sdc 320433 1972 91223832 2221844 2098554 53242328 1070299040 582410456 32 4083960 584795048
======================
   8      32 sdc 321283 2010 91449624 2256684 2098554 53242328 1070299040 582410456 33 4084972 584828844
======================
   8      32 sdc 322172 2050 91684920 2290628 2098554 53242328 1070299040 582410456 34 4085976 584862988
======================
   8      32 sdc 323096 2091 91929624 2324064 2098554 53242328 1070299040 582410456 32 4086984 584896032
======================
   8      32 sdc 323984 2129 92166424 2356328 2098554 53242328 1070299040 582410456 33 4087988 584928676
======================
   8      32 sdc 324811 2166 92386840 2387816 2098554 53242328 1070299040 582410456 32 4088992 584961336
======================
   8      32 sdc 325674 2203 92617496 2421336 2098554 53242328 1070299040 582410456 32 4089992 584993908
======================
   8      32 sdc 326567 2241 92855832 2454024 2098554 53242328 1070299040 582410456 33 4090996 585026596
======================
   8      32 sdc 327446 2279 93090328 2486064 2098554 53242328 1070299040 582410456 32 4092000 585059260
======================
   8      32 sdc 328329 2316 93326104 2519016 2098554 53242328 1070299040 582410456 33 4093000 585091796
======================
   8      32 sdc 329194 2354 93557016 2551296 2098554 53242328 1070299040 582410456 32 4094004 585124484
======================
   8      32 sdc 330043 2389 93783576 2583212 2098554 53242328 1070299040 582410456 33 4095004 585156988
======================
   8      32 sdc 330897 2426 94011160 2615892 2098554 53242328 1070299040 582410456 32 4096008 585189632
======================
   8      32 sdc 331764 2462 94242584 2648912 2098554 53242328 1070299040 582410456 33 4097008 585222164
======================
   8      32 sdc 332634 2500 94475032 2682124 2098554 53242328 1070299040 582410456 33 4098012 585254848
======================
   8      32 sdc 332885 2509 94549528 2706756 2098554 53242328 1070299040 582410456 0 4098412 585266420
