======================
   8      32 sdc 846664 12210 225237374 22102716 8942454 208730754 4482791112 2471271060 0 17268172 2494214560
======================
   8      32 sdc 846664 12210 225237374 22102716 8942454 208730754 4482791112 2471271060 0 17268172 2494214560
======================
   8      32 sdc 846666 12210 225237390 22102740 8942454 208730754 4482791112 2471271060 0 17268196 2494214584
======================
   8      32 sdc 846666 12210 225237390 22102740 8942454 208730754 4482791112 2471271060 0 17268196 2494214584
======================
   8      32 sdc 846667 12210 225237398 22102992 8943622 208730754 4483389128 2471314408 139 17269016 2494283060
======================
   8      32 sdc 846667 12210 225237398 22102992 8943902 208730754 4483532488 2471444136 147 17270020 2494427088
======================
   8      32 sdc 846667 12210 225237398 22102992 8944174 208730754 4483671752 2471589284 131 17271024 2494570644
======================
   8      32 sdc 846667 12210 225237398 22102992 8944446 208730771 4483810144 2471733000 149 17272028 2494715264
======================
   8      32 sdc 846667 12210 225237398 22102992 8944724 208730771 4483952480 2471878256 159 17273032 2494859084
======================
   8      32 sdc 846667 12210 225237398 22102992 8944749 208730771 4483965280 2471891116 134 17274036 2494994780
======================
   8      32 sdc 846667 12210 225237398 22102992 8944749 208730771 4483965280 2471891116 134 17275040 2495129316
======================
   8      32 sdc 846667 12210 225237398 22102992 8945060 208730771 4484124512 2472305468 143 17276040 2495268052
======================
   8      32 sdc 846667 12210 225237398 22102992 8945693 208730771 4484448608 2472451452 150 17277044 2495411952
======================
   8      32 sdc 846667 12210 225237398 22102992 8946381 208730771 4484800864 2472557744 134 17278048 2495552564
======================
   8      32 sdc 846667 12210 225237398 22102992 8947142 208730771 4485190496 2472744384 141 17279052 2495695724
======================
   8      32 sdc 846667 12210 225237398 22102992 8948432 208730771 4485850976 2472888724 131 17280060 2495839556
======================
   8      32 sdc 846667 12210 225237398 22102992 8949487 208730771 4486391648 2473027248 132 17281068 2495983268
======================
   8      32 sdc 846668 12210 225237406 22103380 8950056 208730771 4486682464 2473133508 139 17282076 2496092540
======================
   8      32 sdc 846668 12210 225237406 22103380 8950698 208730771 4487011168 2473275552 137 17283076 2496235604
======================
   8      32 sdc 846668 12210 225237406 22103380 8951339 208730771 4487339360 2473418928 136 17284080 2496379120
======================
   8      32 sdc 846668 12210 225237406 22103380 8951775 208730771 4487562592 2473527356 148 17285084 2496525068
======================
   8      32 sdc 846668 12210 225237406 22103380 8952614 208730771 4487992160 2473711648 141 17286088 2496671328
======================
   8      32 sdc 846668 12210 225237406 22103380 8953269 208730771 4488327520 2473855008 158 17287096 2496815508
======================
   8      32 sdc 846668 12210 225237406 22103380 8953911 208730771 4488656224 2473998420 156 17288096 2496958436
======================
   8      32 sdc 846668 12210 225237406 22103380 8954575 208730771 4488996192 2474142620 132 17289100 2497101908
======================
   8      32 sdc 846668 12210 225237406 22103380 8955196 208730771 4489314144 2474274232 151 17290104 2497245920
======================
   8      32 sdc 846668 12210 225237406 22103380 8955878 208730771 4489663328 2474429392 141 17291108 2497390064
======================
   8      32 sdc 846668 12210 225237406 22103380 8956500 208730771 4489981792 2474572400 132 17292108 2497532460
======================
   8      32 sdc 846668 12210 225237406 22103380 8957154 208730771 4490316640 2474716780 145 17293112 2497676352
======================
   8      32 sdc 846669 12210 225237414 22103856 8957642 208730771 4490566496 2474849200 142 17294112 2497800928
======================
   8      32 sdc 846669 12210 225237414 22103856 8958338 208730771 4490922848 2474984700 150 17295116 2497944620
======================
   8      32 sdc 846669 12210 225237414 22103856 8958985 208730771 4491254112 2475126876 143 17296120 2498088540
======================
   8      32 sdc 846669 12210 225237414 22103856 8959609 208730771 4491573600 2475270684 159 17297120 2498231416
======================
   8      32 sdc 846669 12210 225237414 22103856 8960257 208730771 4491905376 2475415612 151 17298124 2498375292
======================
   8      32 sdc 846669 12210 225237414 22103856 8960827 208730771 4492197216 2475559604 157 17299128 2498518380
======================
   8      32 sdc 846669 12210 225237414 22103856 8961549 208730771 4492566880 2475700780 139 17300132 2498661724
======================
   8      32 sdc 846669 12210 225237414 22103856 8962206 208730771 4492903264 2475844884 154 17301132 2498804936
======================
   8      32 sdc 846669 12210 225237414 22103856 8962867 208730771 4493241696 2475988076 133 17302136 2498948588
======================
   8      32 sdc 846669 12210 225237414 22103856 8963508 208730771 4493569888 2476131432 132 17303140 2499092284
======================
   8      32 sdc 846669 12210 225237414 22103856 8964054 208730771 4493849440 2476262480 130 17304140 2499237252
======================
   8      32 sdc 846669 12210 225237414 22103856 8964723 208730771 4494191968 2476416272 133 17305144 2499382916
======================
   8      32 sdc 846670 12210 225237422 22104072 8965422 208730771 4494549856 2476553916 137 17306144 2499514072
======================
   8      32 sdc 846670 12210 225237422 22104072 8966013 208730771 4494852960 2476690356 154 17307148 2499659392
======================
   8      32 sdc 846670 12210 225237422 22104072 8966722 208730771 4495215456 2476844176 149 17308152 2499802336
======================
   8      32 sdc 846670 12210 225237422 22104072 8967369 208730771 4495546720 2476984160 142 17309152 2499944928
======================
   8      32 sdc 846670 12210 225237422 22104072 8968027 208730771 4495883616 2477128592 156 17310156 2500088400
======================
   8      32 sdc 846670 12210 225237422 22104072 8968650 208730771 4496202592 2477270300 141 17311160 2500231764
======================
   8      32 sdc 846670 12210 225237422 22104072 8969119 208730771 4496443232 2477391264 124 17312184 2500375168
======================
   8      32 sdc 846670 12210 225237422 22104072 8969956 208730771 4496871264 2477554720 147 17313188 2500518128
======================
   8      32 sdc 846670 12210 225237422 22104072 8970590 208730771 4497195872 2477702492 153 17314188 2500662524
======================
   8      32 sdc 846670 12210 225237422 22104072 8971149 208730771 4497482080 2477809272 138 17315192 2500804636
======================
   8      32 sdc 846670 12210 225237422 22104072 8971940 208730771 4497887072 2477982968 147 17316196 2500947828
======================
   8      32 sdc 846670 12210 225237422 22104072 8972563 208730771 4498206048 2478126020 132 17317196 2501090400
======================
   8      32 sdc 846670 12210 225237422 22104072 8972908 208730771 4498382688 2478201944 13 17318200 2501158948
======================
   8      32 sdc 846671 12210 225237430 22105656 8973344 208730771 4498605920 2478229268 136 17319204 2501180656
======================
   8      32 sdc 846671 12210 225237430 22105656 8974503 208730771 4499199328 2478357784 151 17320208 2501323876
======================
   8      32 sdc 846671 12210 225237430 22105656 8975150 208730771 4499530592 2478503652 144 17321212 2501469000
======================
   8      32 sdc 846671 12210 225237430 22105656 8975791 208730771 4499859296 2478646480 143 17322216 2501612316
======================
   8      32 sdc 846671 12210 225237430 22105656 8976435 208730771 4500188512 2478790268 139 17323224 2501756268
======================
   8      32 sdc 846671 12210 225237430 22105656 8977078 208730771 4500517728 2478934036 136 17324228 2501899836
======================
   8      32 sdc 846671 12210 225237430 22105656 8977719 208730771 4500845920 2479077516 135 17325228 2502043048
======================
   8      32 sdc 846671 12210 225237430 22105656 8978325 208730771 4501156192 2479221888 137 17326232 2502184088
======================
   8      32 sdc 846671 12210 225237430 22105656 8979041 208730771 4501522784 2479362000 157 17327232 2502326668
======================
   8      32 sdc 846671 12210 225237430 22105656 8979682 208730771 4501850976 2479504544 156 17328236 2502470156
======================
   8      32 sdc 846671 12210 225237430 22105656 8980333 208730771 4502184288 2479649108 145 17329244 2502614252
======================
   8      32 sdc 846672 12210 225237438 22105852 8980986 208730771 4502518624 2479781728 151 17330244 2502746696
======================
   8      32 sdc 846672 12210 225237438 22105852 8981488 208730771 4502775648 2479889544 129 17331248 2502886756
======================
   8      32 sdc 846672 12210 225237438 22105852 8982262 208730771 4503171936 2480063228 155 17332252 2503028436
======================
   8      32 sdc 846672 12210 225237438 22105852 8982942 208730771 4503520096 2480207824 147 17333264 2503173224
======================
   8      32 sdc 846672 12210 225237438 22105852 8983575 208730771 4503844192 2480355268 154 17334268 2503317256
======================
   8      32 sdc 846672 12210 225237438 22105852 8984251 208730771 4504190304 2480494656 150 17335272 2503461296
======================
   8      32 sdc 846672 12210 225237438 22105852 8984875 208730771 4504509792 2480638344 134 17336272 2503604324
======================
   8      32 sdc 846672 12210 225237438 22105852 8985533 208730771 4504846688 2480782764 148 17337276 2503747952
======================
   8      32 sdc 846672 12210 225237438 22105852 8986209 208730771 4505192800 2480926108 144 17338280 2503891484
======================
   8      32 sdc 846672 12210 225237438 22105852 8986801 208730771 4505495904 2481057464 128 17339280 2504033508
======================
   8      32 sdc 846672 12210 225237438 22105852 8987495 208730771 4505851232 2481210460 138 17340288 2504176356
======================
   8      32 sdc 846672 12210 225237438 22105852 8988159 208730771 4506191200 2481353724 90 17341288 2504317328
======================
   8      32 sdc 846673 12210 225237446 22106080 8988780 208730771 4506509152 2481477916 133 17342292 2504444508
======================
   8      32 sdc 846673 12210 225237446 22106080 8989210 208730771 4506729312 2481574124 151 17343296 2504590872
======================
   8      32 sdc 846673 12210 225237446 22106080 8990052 208730771 4507160416 2481768436 141 17344296 2504735064
======================
   8      32 sdc 846673 12210 225237446 22106080 8990694 208730771 4507489120 2481912092 139 17345300 2504878792
======================
   8      32 sdc 846673 12210 225237446 22106080 8991349 208730771 4507824480 2482056268 156 17346304 2505022452
======================
   8      32 sdc 846673 12210 225237446 22106080 8991989 208730771 4508152160 2482199244 156 17347304 2505165700
======================
   8      32 sdc 846673 12210 225237446 22106080 8992540 208730771 4508434272 2482322444 149 17348312 2505310964
======================
   8      32 sdc 846673 12210 225237446 22106080 8993242 208730771 4508793696 2482474916 151 17349316 2505454168
======================
   8      32 sdc 846673 12210 225237446 22106080 8993952 208730771 4509157216 2482635052 145 17350320 2505598864
======================
   8      32 sdc 846673 12210 225237446 22106080 8994586 208730771 4509481824 2482774296 151 17351324 2505742684
======================
   8      32 sdc 846673 12210 225237446 22106080 8995253 208730771 4509823328 2482921808 156 17352332 2505887624
======================
   8      32 sdc 846673 12210 225237446 22106080 8995910 208730771 4510159712 2483061120 19 17353340 2506016128
======================
   8      32 sdc 846674 12210 225237454 22106304 8996582 208730771 4510503776 2483191580 139 17354344 2506157592
======================
   8      32 sdc 846674 12210 225237454 22106304 8997089 208730771 4510763360 2483299420 144 17355352 2506301956
======================
   8      32 sdc 846674 12210 225237454 22106304 8997867 208730771 4511161696 2483478088 134 17356356 2506445648
======================
   8      32 sdc 846674 12210 225237454 22106304 8998276 208730771 4511371104 2483571576 141 17357356 2506587892
======================
   8      32 sdc 846674 12210 225237454 22106304 8999162 208730771 4511824736 2483764064 151 17358360 2506730776
======================
   8      32 sdc 846674 12210 225237454 22106304 8999803 208730771 4512152928 2483907268 150 17359364 2506874336
======================
   8      32 sdc 846674 12210 225237454 22106304 9000460 208730771 4512489312 2484051220 133 17360364 2507017404
======================
   8      32 sdc 846674 12210 225237454 22106304 9001124 208730771 4512829280 2484194672 141 17361368 2507161128
======================
   8      32 sdc 846674 12210 225237454 22106304 9001685 208730771 4513116512 2484319632 156 17362372 2507306708
======================
   8      32 sdc 846674 12210 225237454 22106304 9002355 208730771 4513459552 2484481032 158 17363372 2507451640
======================
   8      32 sdc 846674 12210 225237454 22106304 9003050 208730771 4513815392 2484629844 135 17364376 2507596064
======================
   8      32 sdc 846675 12210 225237462 22106532 9003677 208730771 4514136416 2484755980 151 17365380 2507721468
======================
   8      32 sdc 846675 12210 225237462 22106532 9004318 208730771 4514464608 2484899752 150 17366380 2507863176
======================
   8      32 sdc 846675 12210 225237462 22106532 9004778 208730771 4514700128 2484993972 138 17367384 2508005172
======================
   8      32 sdc 846675 12210 225237462 22106532 9005625 208730771 4515133792 2485179768 155 17368388 2508146428
======================
   8      32 sdc 846675 12210 225237462 22106532 9006285 208730771 4515471712 2485323812 135 17369392 2508290256
======================
   8      32 sdc 846675 12210 225237462 22106532 9006919 208730771 4515796320 2485465824 141 17370392 2508433400
======================
   8      32 sdc 846675 12210 225237462 22106532 9007543 208730771 4516115808 2485609712 157 17371396 2508577060
======================
   8      32 sdc 846675 12210 225237462 22106532 9008114 208730771 4516408160 2485737528 130 17372400 2508722200
======================
   8      32 sdc 846675 12210 225237462 22106532 9008864 208730771 4516792160 2485902680 148 17373400 2508865684
======================
   8      32 sdc 846675 12210 225237462 22106532 9009561 208730771 4517149024 2486042904 155 17374404 2509008932
======================
   8      32 sdc 846675 12210 225237462 22106532 9010205 208730771 4517478752 2486184680 151 17375408 2509152412
======================
   8      32 sdc 846675 12210 225237462 22106532 9010780 208730771 4517773152 2486326956 152 17376408 2509295180
======================
   8      32 sdc 846675 12210 225237462 22106532 9011242 208730771 4518009696 2486426384 15 17377412 2509385172
======================
   8      32 sdc 846676 12210 225237470 22107740 9012133 208730771 4518465888 2486469432 150 17378416 2509435848
======================
   8      32 sdc 846676 12210 225237470 22107740 9012770 208730771 4518792032 2486610520 153 17379416 2509578448
======================
   8      32 sdc 846676 12210 225237470 22107740 9013415 208730771 4519122272 2486754420 148 17380420 2509721976
======================
   8      32 sdc 846676 12210 225237470 22107740 9013984 208730771 4519413600 2486886264 155 17381424 2509865396
======================
   8      32 sdc 846676 12210 225237470 22107740 9014707 208730771 4519783776 2487040416 136 17382424 2510008504
======================
   8      32 sdc 846676 12210 225237470 22107740 9015281 208730771 4520077664 2487176612 138 17383428 2510152008
======================
   8      32 sdc 846676 12210 225237470 22107740 9015921 208730771 4520405344 2487319076 138 17384432 2510294708
======================
   8      32 sdc 846676 12210 225237470 22107740 9016553 208730771 4520728928 2487455164 146 17385432 2510438260
======================
   8      32 sdc 846676 12210 225237470 22107740 9017307 208730771 4521114976 2487614160 128 17386436 2510581724
======================
   8      32 sdc 846676 12210 225237470 22107740 9017948 208730771 4521443168 2487757488 148 17387436 2510725276
======================
   8      32 sdc 846676 12210 225237470 22107740 9018583 208730771 4521768288 2487900708 132 17388440 2510869008
======================
   8      32 sdc 846677 12210 225237478 22107944 9019237 208730771 4522103136 2488033988 141 17389444 2511001700
======================
   8      32 sdc 846677 12210 225237478 22107944 9020155 208730771 4522573152 2488238248 151 17390860 2511205724
======================
   8      32 sdc 846677 12210 225237478 22107944 9020824 208730771 4522915680 2488391688 152 17391932 2511360488
======================
   8      32 sdc 846677 12210 225237478 22107944 9021506 208730771 4523264864 2488540912 145 17392972 2511509260
======================
   8      32 sdc 846677 12210 225237478 22107944 9022206 208730771 4523623264 2488690188 148 17394012 2511657864
======================
   8      32 sdc 846677 12210 225237478 22107944 9022861 208730771 4523958624 2488833512 133 17395020 2511802544
======================
   8      32 sdc 846677 12210 225237478 22107944 9023485 208730771 4524278112 2488976752 149 17396020 2511945408
======================
   8      32 sdc 846677 12210 225237478 22107944 9024133 208730771 4524609888 2489121332 141 17397024 2512089016
======================
   8      32 sdc 846677 12210 225237478 22107944 9024809 208730771 4524956000 2489264676 137 17398028 2512232396
======================
   8      32 sdc 846677 12210 225237478 22107944 9025449 208730771 4525283680 2489409236 137 17399028 2512376596
======================
   8      32 sdc 846677 12210 225237478 22107944 9026099 208730771 4525616480 2489551808 133 17400032 2512520096
======================
   8      32 sdc 846678 12210 225237486 22108176 9026735 208730771 4525942112 2489676820 135 17401036 2512644692
======================
   8      32 sdc 846678 12210 225237486 22108176 9027390 208730771 4526277472 2489819072 152 17402040 2512788200
======================
   8      32 sdc 846678 12210 225237486 22108176 9027957 208730771 4526567776 2489945800 129 17403048 2512930284
======================
   8      32 sdc 846678 12210 225237486 22108176 9028680 208730771 4526937952 2490104912 142 17404056 2513073992
======================
   8      32 sdc 846678 12210 225237486 22108176 9029182 208730771 4527194976 2490239608 152 17405068 2513221012
======================
   8      32 sdc 846678 12210 225237486 22108176 9029845 208730771 4527534432 2490395960 129 17406068 2513363700
======================
   8      32 sdc 846678 12210 225237486 22108176 9030504 208730771 4527871840 2490539052 142 17407076 2513507844
======================
   8      32 sdc 846678 12210 225237486 22108176 9031146 208730771 4528200544 2490682552 140 17408080 2513651308
======================
   8      32 sdc 846678 12210 225237486 22108176 9031802 208730771 4528536416 2490826368 156 17409084 2513794408
======================
   8      32 sdc 846678 12210 225237486 22108176 9032470 208730771 4528878432 2490972240 128 17410088 2513937660
======================
   8      32 sdc 846678 12210 225237486 22108176 9033110 208730771 4529206112 2491111248 128 17411092 2514080276
======================
   8      32 sdc 846678 12210 225237486 22108176 9033646 208730771 4529480544 2491234392 136 17412096 2514222976
======================
   8      32 sdc 846679 12210 225237494 22108380 9034390 208730771 4529861472 2491381728 134 17413100 2514347620
======================
   8      32 sdc 846679 12210 225237494 22108380 9035067 208730771 4530208096 2491523592 129 17414104 2514491212
======================
   8      32 sdc 846679 12210 225237494 22108380 9035654 208730771 4530508640 2491648052 150 17415120 2514637608
======================
   8      32 sdc 846679 12210 225237494 22108380 9036392 208730771 4530886496 2491813300 148 17416132 2514782808
======================
   8      32 sdc 846679 12210 225237494 22108380 9037029 208730771 4531212640 2491959328 151 17417148 2514927624
======================
   8      32 sdc 846679 12210 225237494 22108380 9037714 208730771 4531563360 2492104632 138 17418164 2515072948
======================
   8      32 sdc 846679 12210 225237494 22108380 9038362 208730771 4531895136 2492247900 130 17419168 2515216304
======================
   8      32 sdc 846679 12210 225237494 22108380 9039003 208730771 4532223328 2492391044 129 17420176 2515360096
======================
   8      32 sdc 846679 12210 225237494 22108380 9039676 208730771 4532567904 2492533708 128 17421184 2515500096
======================
   8      32 sdc 846679 12210 225237494 22108380 9040335 208730771 4532905312 2492676348 141 17422192 2515645412
======================
   8      32 sdc 846679 12210 225237494 22108380 9040985 208730771 4533238112 2492821768 131 17423208 2515790536
======================
   8      32 sdc 846679 12210 225237494 22108380 9041628 208730771 4533567328 2492965672 128 17424212 2515934152
======================
   8      32 sdc 846680 12210 225237502 22108608 9042250 208730771 4533885792 2493097052 145 17425228 2516066292
======================
   8      32 sdc 846680 12210 225237502 22108608 9042908 208730771 4534222688 2493241008 156 17426228 2516209180
======================
   8      32 sdc 846680 12210 225237502 22108608 9043572 208730771 4534562656 2493384264 135 17427232 2516350712
======================
   8      32 sdc 846680 12210 225237502 22108608 9044214 208730771 4534891360 2493525212 133 17428236 2516494488
======================
   8      32 sdc 846680 12210 225237502 22108608 9044720 208730771 4535150432 2493673236 139 17429236 2516641460
======================
   8      32 sdc 846680 12210 225237502 22108608 9045396 208730771 4535496544 2493816900 135 17430240 2516785008
======================
   8      32 sdc 846680 12210 225237502 22108608 9046019 208730771 4535815520 2493959016 152 17431244 2516928724
======================
   8      32 sdc 846680 12210 225237502 22108608 9046649 208730771 4536138080 2494106840 130 17432244 2517073304
======================
   8      32 sdc 846680 12210 225237502 22108608 9047212 208730771 4536426336 2494224504 143 17433248 2517217020
======================
   8      32 sdc 846680 12210 225237502 22108608 9048003 208730771 4536831328 2494392548 152 17434252 2517360600
======================
   8      32 sdc 846680 12210 225237502 22108608 9048606 208730771 4537140064 2494526976 157 17435256 2517504496
======================
   8      32 sdc 846680 12210 225237502 22108608 9049226 208730771 4537457504 2494662052 145 17436260 2517649736
======================
   8      32 sdc 846681 12210 225237510 22108808 9049867 208730771 4537785696 2494803716 154 17437264 2517780812
======================
   8      32 sdc 846681 12210 225237510 22108808 9050589 208730771 4538155360 2494956020 136 17438268 2517924904
======================
   8      32 sdc 846681 12210 225237510 22108808 9051258 208730771 4538497888 2495097728 139 17439284 2518069152
======================
   8      32 sdc 846681 12210 225237510 22108808 9051900 208730771 4538826592 2495241280 137 17440288 2518212376
======================
   8      32 sdc 846681 12210 225237510 22108808 9052318 208730771 4539040608 2495363908 135 17441292 2518353580
======================
   8      32 sdc 846681 12210 225237510 22108808 9053069 208730771 4539425120 2495524568 153 17442296 2518496152
======================
   8      32 sdc 846681 12210 225237510 22108808 9053711 208730771 4539753824 2495668048 151 17443300 2518639648
======================
   8      32 sdc 846681 12210 225237510 22108808 9054353 208730771 4540082528 2495811472 149 17444304 2518783196
======================
   8      32 sdc 846681 12210 225237510 22108808 9054995 208730771 4540411232 2495955012 147 17445304 2518926280
======================
   8      32 sdc 846681 12210 225237510 22108808 9055650 208730771 4540746592 2496099056 132 17446308 2519069748
======================
   8      32 sdc 846681 12210 225237510 22108808 9056308 208730771 4541083488 2496245632 146 17447312 2519214308
======================
   8      32 sdc 846681 12210 225237510 22108808 9056887 208730771 4541379936 2496369692 143 17448316 2519357704
======================
   8      32 sdc 846682 12210 225237518 22108944 9057581 208730771 4541735264 2496512256 154 17449320 2519483644
======================
   8      32 sdc 846682 12210 225237518 22108944 9058118 208730771 4542010208 2496626656 129 17450324 2519624112
======================
   8      32 sdc 846682 12210 225237518 22108944 9058825 208730771 4542372192 2496775476 158 17451328 2519769428
======================
   8      32 sdc 846682 12210 225237518 22108944 9059518 208730771 4542727008 2496942680 137 17452328 2519914060
======================
   8      32 sdc 846682 12210 225237518 22108944 9060039 208730771 4542993760 2497085460 128 17453332 2520056436
======================
   8      32 sdc 846682 12210 225237518 22108944 9060716 208730771 4543340384 2497228568 155 17454336 2520199648
======================
   8      32 sdc 846682 12210 225237518 22108944 9061310 208730771 4543644512 2497356240 137 17455340 2520341920
======================
   8      32 sdc 846682 12210 225237518 22108944 9062022 208730771 4544009056 2497512400 129 17456344 2520484836
======================
   8      32 sdc 846682 12210 225237518 22108944 9062645 208730771 4544328032 2497657604 146 17457344 2520628584
======================
   8      32 sdc 846682 12210 225237518 22108944 9063306 208730771 4544666464 2497800344 157 17458348 2520771632
======================
   8      32 sdc 846682 12210 225237518 22108944 9063975 208730771 4545008992 2497943532 128 17459352 2520914948
======================
   8      32 sdc 846682 12210 225237518 22108944 9064620 208730771 4545339232 2498086764 155 17460360 2521058404
======================
   8      32 sdc 846683 12210 225237526 22109172 9065251 208730771 4545662304 2498215104 133 17461372 2521186880
======================
   8      32 sdc 846683 12210 225237526 22109172 9065902 208730771 4545995616 2498355748 154 17462376 2521330840
======================
   8      32 sdc 846683 12210 225237526 22109172 9066571 208730771 4546338144 2498504232 157 17463388 2521476884
======================
   8      32 sdc 846683 12210 225237526 22109172 9067213 208730771 4546666848 2498647388 155 17464388 2521619896
======================
   8      32 sdc 846683 12210 225237526 22109172 9067699 208730771 4546915680 2498789832 149 17465392 2521762808
======================
   8      32 sdc 846683 12210 225237526 22109172 9068232 208730771 4547188576 2498908088 128 17466396 2521903284
======================
   8      32 sdc 846683 12210 225237526 22109172 9069010 208730771 4547586912 2499071884 150 17467396 2522043916
======================
   8      32 sdc 846683 12210 225237526 22109172 9069657 208730771 4547918176 2499214416 143 17468400 2522187680
======================
   8      32 sdc 846683 12210 225237526 22109172 9070298 208730771 4548246368 2499357740 142 17469400 2522330616
======================
   8      32 sdc 846683 12210 225237526 22109172 9070797 208730771 4548501856 2499465172 155 17470404 2522476860
======================
   8      32 sdc 846683 12210 225237526 22109172 9071583 208730771 4548904288 2499645512 137 17471404 2522620208
======================
   8      32 sdc 846683 12210 225237526 22109172 9072258 208730771 4549249888 2499795136 140 17472408 2522768168
======================
   8      32 sdc 846684 12210 225237534 22109408 9072750 208730771 4549501792 2499895948 136 17473412 2522891132
======================
   8      32 sdc 846684 12210 225237534 22109408 9073548 208730771 4549910368 2500061388 138 17474412 2523033412
======================
   8      32 sdc 846684 12210 225237534 22109408 9074134 208730771 4550210400 2500191976 128 17475416 2523175056
======================
   8      32 sdc 846684 12210 225237534 22109408 9074892 208730771 4550598496 2500345916 138 17476416 2523318056
======================
   8      32 sdc 846684 12210 225237534 22109408 9075495 208730771 4550907232 2500486048 143 17477420 2523461672
======================
   8      32 sdc 846684 12210 225237534 22109408 9076175 208730771 4551255904 2500633024 135 17478424 2523605244
======================
   8      32 sdc 846684 12210 225237534 22109408 9076850 208730771 4551600992 2500776792 132 17479436 2523749652
======================
   8      32 sdc 846684 12210 225237534 22109408 9077493 208730771 4551930208 2500920352 129 17480440 2523892976
======================
   8      32 sdc 846684 12210 225237534 22109408 9078144 208730771 4552263520 2501064088 150 17481444 2524036380
======================
   8      32 sdc 846684 12210 225237534 22109408 9078809 208730771 4552604000 2501207500 157 17482448 2524179860
======================
   8      32 sdc 846684 12210 225237534 22109408 9079392 208730771 4552902496 2501335164 150 17483452 2524323984
======================
   8      32 sdc 846684 12210 225237534 22109408 9080099 208730771 4553264480 2501494148 147 17484452 2524467112
======================
   8      32 sdc 846685 12210 225237542 22109604 9080634 208730771 4553538400 2501602708 134 17485456 2524593700
======================
   8      32 sdc 846685 12210 225237542 22109604 9081360 208730771 4553910112 2501763472 144 17486456 2524736696
======================
   8      32 sdc 846685 12210 225237542 22109604 9082024 208730771 4554250080 2501907348 152 17487460 2524880188
======================
   8      32 sdc 846685 12210 225237542 22109604 9082677 208730771 4554584416 2502050148 139 17488464 2525023812
======================
   8      32 sdc 846685 12210 225237542 22109604 9083309 208730771 4554908000 2502194136 147 17489464 2525166576
======================
   8      32 sdc 846685 12210 225237542 22109604 9083985 208730771 4555254112 2502337492 143 17490468 2525310148
======================
   8      32 sdc 846685 12210 225237542 22109604 9084636 208730771 4555587424 2502480080 132 17491472 2525453736
======================
   8      32 sdc 846685 12210 225237542 22109604 9085261 208730771 4555907424 2502623804 147 17492476 2525597536
======================
   8      32 sdc 846685 12210 225237542 22109604 9085917 208730771 4556243296 2502768372 131 17493480 2525740944
======================
   8      32 sdc 846685 12210 225237542 22109604 9086595 208730771 4556590432 2502912436 157 17494484 2525884536
======================
   8      32 sdc 846685 12210 225237542 22109604 9087265 208730771 4556933472 2503055976 159 17495488 2526028300
======================
   8      32 sdc 846685 12210 225237542 22109604 9087796 208730771 4557205344 2503169448 140 17496492 2526171608
======================
   8      32 sdc 846686 12210 225237550 22109772 9088518 208730771 4557575008 2503324780 151 17497492 2526298452
======================
   8      32 sdc 846686 12210 225237550 22109772 9089161 208730771 4557904224 2503469064 148 17498496 2526441816
======================
   8      32 sdc 846686 12210 225237550 22109772 9089837 208730771 4558250336 2503612328 144 17499500 2526585316
======================
   8      32 sdc 846686 12210 225237550 22109772 9090483 208730771 4558581088 2503753540 138 17500500 2526728236
======================
   8      32 sdc 846686 12210 225237550 22109772 9090986 208730771 4558838624 2503899292 147 17501504 2526869708
======================
   8      32 sdc 846686 12210 225237550 22109772 9091518 208730771 4559111008 2504009260 159 17502508 2527016512
======================
   8      32 sdc 846686 12210 225237550 22109772 9092305 208730771 4559513952 2504187556 140 17503512 2527161296
======================
   8      32 sdc 846686 12210 225237550 22109772 9092947 208730771 4559842656 2504331048 138 17504516 2527304828
======================
   8      32 sdc 846686 12210 225237550 22109772 9093590 208730771 4560171872 2504475224 135 17505520 2527449380
======================
   8      32 sdc 846686 12210 225237550 22109772 9094159 208730771 4560463200 2504602424 142 17506524 2527592728
======================
   8      32 sdc 846686 12210 225237550 22109772 9094899 208730771 4560842080 2504763440 139 17507528 2527736520
======================
   8      32 sdc 846686 12210 225237550 22109772 9095556 208730771 4561178464 2504905608 149 17508532 2527879832
======================
   8      32 sdc 846687 12210 225237558 22110000 9096177 208730771 4561496416 2505034876 143 17509536 2528009516
======================
   8      32 sdc 846687 12210 225237558 22110000 9096830 208730771 4561830752 2505178464 130 17510536 2528152628
======================
   8      32 sdc 846687 12210 225237558 22110000 9097385 208730771 4562114912 2505297228 151 17511540 2528297700
======================
   8      32 sdc 846687 12210 225237558 22110000 9098088 208730771 4562474848 2505459360 152 17512544 2528441584
======================
   8      32 sdc 846687 12210 225237558 22110000 9098648 208730771 4562761568 2505611956 136 17513548 2528586028
======================
   8      32 sdc 846687 12210 225237558 22110000 9099324 208730771 4563107680 2505755432 132 17514552 2528729492
======================
   8      32 sdc 846687 12210 225237558 22110000 9099999 208730771 4563453280 2505898964 129 17515552 2528872816
======================
   8      32 sdc 846687 12210 225237558 22110000 9100669 208730771 4563796320 2506041884 131 17516560 2529016908
======================
   8      32 sdc 846687 12210 225237558 22110000 9101296 208730771 4564117344 2506186064 144 17517568 2529161476
======================
   8      32 sdc 846687 12210 225237558 22110000 9101941 208730771 4564447584 2506335140 139 17518580 2529308368
======================
   8      32 sdc 846687 12210 225237558 22110000 9102620 208730771 4564795232 2506478148 132 17519588 2529452312
======================
   8      32 sdc 846687 12210 225237558 22110000 9103121 208730771 4565051744 2506586508 143 17520596 2529596584
======================
   8      32 sdc 846687 12210 225237558 22110000 9103372 208730771 4565180256 2506719184 13 17521600 2529684192
======================
   8      32 sdc 846688 12210 225237566 22111044 9104544 208730771 4565780320 2506771880 146 17522608 2529747848
======================
   8      32 sdc 846688 12210 225237566 22111044 9105208 208730771 4566120288 2506915108 154 17523612 2529891036
======================
   8      32 sdc 846688 12210 225237566 22111044 9105850 208730771 4566448992 2507058376 152 17524616 2530034992
======================
   8      32 sdc 846688 12210 225237566 22111044 9106264 208730771 4566660960 2507195536 154 17525616 2530181952
======================
   8      32 sdc 846688 12210 225237566 22111044 9106936 208730771 4567005024 2507343868 154 17526620 2530323868
======================
   8      32 sdc 846688 12210 225237566 22111044 9107567 208730771 4567328096 2507479632 131 17527624 2530468772
======================
   8      32 sdc 846688 12210 225237566 22111044 9108312 208730771 4567709536 2507635668 154 17528628 2530612284
======================
   8      32 sdc 846688 12210 225237566 22111044 9108873 208730771 4567996768 2507766656 137 17529628 2530755956
======================
   8      32 sdc 846688 12210 225237566 22111044 9109599 208730771 4568368480 2507923640 147 17530632 2530899592
======================
   8      32 sdc 846688 12210 225237566 22111044 9110275 208730771 4568714592 2508067100 143 17531632 2531042352
======================
   8      32 sdc 846688 12210 225237566 22111044 9110911 208730771 4569040224 2508208788 122 17532636 2531185376
======================
   8      32 sdc 846689 12210 225237574 22111244 9111525 208730771 4569354592 2508338072 130 17533640 2531315072
======================
   8      32 sdc 846689 12210 225237574 22111244 9112133 208730771 4569665888 2508469448 130 17534640 2531456584
======================
   8      32 sdc 846689 12210 225237574 22111244 9112829 208730771 4570022240 2508621984 138 17535644 2531597200
======================
   8      32 sdc 846689 12210 225237574 22111244 9113500 208730771 4570365792 2508763140 139 17536648 2531740240
======================
   8      32 sdc 846689 12210 225237574 22111244 9114097 208730771 4570671456 2508902184 150 17537652 2531883664
======================
   8      32 sdc 846689 12210 225237574 22111244 9114713 208730771 4570986848 2509042256 142 17538656 2532027884
======================
   8      32 sdc 846689 12210 225237574 22111244 9115434 208730771 4571356000 2509195304 157 17539660 2532170756
======================
   8      32 sdc 846689 12210 225237574 22111244 9116080 208730771 4571686752 2509337752 151 17540664 2532314204
======================
   8      32 sdc 846689 12210 225237574 22111244 9116724 208730771 4572016480 2509481504 147 17541668 2532457224
======================
   8      32 sdc 846689 12210 225237574 22111244 9117298 208730771 4572310368 2509607144 149 17542672 2532598628
======================
   8      32 sdc 846689 12210 225237574 22111244 9118042 208730771 4572691296 2509765524 141 17543680 2532742148
======================
   8      32 sdc 846689 12210 225237574 22111244 9118652 208730771 4573003616 2509901968 29 17544688 2532869904
======================
   8      32 sdc 846689 12210 225237574 22111244 9118652 208730771 4573003616 2509901968 29 17545692 2532899020
======================
   8      32 sdc 846690 12210 225237582 22113104 9119811 208730771 4573597024 2509993172 135 17546700 2532971352
======================
   8      32 sdc 846690 12210 225237582 22113104 9120470 208730771 4573934432 2510136664 148 17547704 2533115004
======================
   8      32 sdc 846690 12210 225237582 22113104 9121135 208730771 4574274912 2510280840 155 17548708 2533257716
======================
   8      32 sdc 846690 12210 225237582 22113104 9121768 208730771 4574599008 2510423208 130 17549712 2533401300
======================
   8      32 sdc 846690 12210 225237582 22113104 9122444 208730771 4574945120 2510567248 158 17550716 2533544632
======================
   8      32 sdc 846690 12210 225237582 22113104 9123105 208730771 4575283552 2510709496 137 17551720 2533688356
======================
   8      32 sdc 846690 12210 225237582 22113104 9123729 208730771 4575603040 2510852964 153 17552724 2533831772
======================
   8      32 sdc 846690 12210 225237582 22113104 9124219 208730771 4575853920 2510964284 143 17553728 2533975396
======================
   8      32 sdc 846690 12210 225237582 22113104 9124964 208730771 4576235360 2511126600 138 17554728 2534116288
======================
   8      32 sdc 846690 12210 225237582 22113104 9125716 208730771 4576620384 2511281488 154 17555732 2534258808
======================
   8      32 sdc 846691 12210 225237590 22113300 9126363 208730771 4576951648 2511419596 132 17556740 2534388992
======================
   8      32 sdc 846691 12210 225237590 22113300 9126990 208730771 4577272672 2511553504 145 17557748 2534532928
======================
   8      32 sdc 846691 12210 225237590 22113300 9127628 208730771 4577599328 2511698800 147 17558756 2534676628
======================
   8      32 sdc 846691 12210 225237590 22113300 9128305 208730771 4577945952 2511842004 142 17559760 2534819840
======================
   8      32 sdc 846691 12210 225237590 22113300 9128733 208730771 4578165088 2511946056 130 17560764 2534960192
======================
   8      32 sdc 846691 12210 225237590 22113300 9129602 208730771 4578610016 2512124596 157 17561768 2535102040
======================
   8      32 sdc 846691 12210 225237590 22113300 9130267 208730771 4578950496 2512267676 132 17562772 2535245388
======================
   8      32 sdc 846691 12210 225237590 22113300 9130915 208730771 4579282272 2512410164 156 17563776 2535388592
======================
   8      32 sdc 846691 12210 225237590 22113300 9131557 208730771 4579610976 2512553280 154 17564780 2535531784
======================
   8      32 sdc 846691 12210 225237590 22113300 9132087 208730771 4579882336 2512671612 136 17565784 2535674028
======================
   8      32 sdc 846691 12210 225237590 22113300 9132843 208730771 4580269408 2512832648 147 17566788 2535811132
======================
   8      32 sdc 846691 12210 225237590 22113300 9133483 208730771 4580597088 2512970760 147 17567792 2535954560
======================
   8      32 sdc 846692 12210 225237598 22113520 9134134 208730771 4580930400 2513105632 140 17568796 2536083952
======================
   8      32 sdc 846692 12210 225237598 22113520 9134776 208730771 4581259104 2513248536 138 17569800 2536227440
======================
   8      32 sdc 846692 12210 225237598 22113520 9135435 208730771 4581596512 2513392832 151 17570804 2536371036
======================
   8      32 sdc 846692 12210 225237598 22113520 9135983 208730771 4581877088 2513509208 147 17571808 2536515400
======================
   8      32 sdc 846692 12210 225237598 22113520 9136732 208730771 4582260576 2513679804 134 17572812 2536659196
======================
   8      32 sdc 846692 12210 225237598 22113520 9137322 208730771 4582562656 2513814768 152 17573816 2536801756
======================
   8      32 sdc 846692 12210 225237598 22113520 9138026 208730771 4582923104 2513964972 152 17574824 2536945772
======================
   8      32 sdc 846692 12210 225237598 22113520 9138747 208730771 4583292256 2514111564 135 17575832 2537089768
======================
   8      32 sdc 846692 12210 225237598 22113520 9139399 208730771 4583626080 2514254308 155 17576836 2537233320
======================
   8      32 sdc 846692 12210 225237598 22113520 9140025 208730771 4583946592 2514398160 137 17577844 2537377660
======================
   8      32 sdc 846692 12210 225237598 22113520 9140566 208730771 4584223584 2514519560 140 17578848 2537520788
======================
   8      32 sdc 846692 12210 225237598 22113520 9141316 208730771 4584607584 2514683340 158 17579852 2537663700
======================
   8      32 sdc 846693 12210 225237606 22113756 9141974 208730771 4584944480 2514811784 141 17580856 2537791320
======================
   8      32 sdc 846693 12210 225237606 22113756 9142610 208730771 4585270112 2514953928 145 17581856 2537934244
======================
   8      32 sdc 846693 12210 225237606 22113756 9143268 208730771 4585607008 2515099272 156 17582860 2538077792
======================
   8      32 sdc 846693 12210 225237606 22113756 9143807 208730771 4585882976 2515221832 132 17583864 2538223680
======================
   8      32 sdc 846693 12210 225237606 22113756 9144544 208730771 4586260320 2515388444 131 17584868 2538367372
======================
   8      32 sdc 846693 12210 225237606 22113756 9145185 208730771 4586588512 2515531804 130 17585872 2538510944
======================
   8      32 sdc 846693 12210 225237606 22113756 9145851 208730771 4586929504 2515676592 136 17586880 2538655248
======================
   8      32 sdc 846693 12210 225237606 22113756 9146515 208730771 4587269472 2515819900 144 17587888 2538799100
======================
   8      32 sdc 846693 12210 225237606 22113756 9147114 208730771 4587576160 2515953584 153 17588888 2538942612
======================
   8      32 sdc 846693 12210 225237606 22113756 9147810 208730771 4587932512 2516111520 129 17589896 2539087524
======================
   8      32 sdc 846693 12210 225237606 22113756 9148482 208730771 4588276576 2516252744 129 17590900 2539230836
======================
   8      32 sdc 846693 12210 225237606 22113756 9149126 208730771 4588606304 2516394548 157 17591904 2539374220
======================
   8      32 sdc 846694 12210 225237614 22113992 9149642 208730771 4588870496 2516501508 157 17592908 2539503480
======================
   8      32 sdc 846694 12210 225237614 22113992 9150342 208730771 4589228896 2516661888 129 17593912 2539646940
======================
   8      32 sdc 846694 12210 225237614 22113992 9151069 208730771 4589601120 2516811716 138 17594916 2539790196
======================
   8      32 sdc 846694 12210 225237614 22113992 9151745 208730771 4589947232 2516954716 134 17595920 2539933152
======================
   8      32 sdc 846694 12210 225237614 22113992 9152208 208730771 4590184288 2517060428 151 17596924 2540078728
======================
   8      32 sdc 846694 12210 225237614 22113992 9152998 208730771 4590588768 2517244052 129 17597924 2540222376
======================
   8      32 sdc 846694 12210 225237614 22113992 9153614 208730771 4590904160 2517389300 153 17598928 2540364536
======================
   8      32 sdc 846694 12210 225237614 22113992 9154330 208730771 4591270752 2517527916 141 17599928 2540507004
======================
   8      32 sdc 846694 12210 225237614 22113992 9154971 208730771 4591598944 2517670476 140 17600932 2540649800
======================
   8      32 sdc 846694 12210 225237614 22113992 9155630 208730771 4591936352 2517814180 153 17601936 2540793084
======================
   8      32 sdc 846694 12210 225237614 22113992 9156294 208730771 4592276320 2517957260 129 17602936 2540935580
======================
   8      32 sdc 846694 12210 225237614 22113992 9156929 208730771 4592601440 2518098192 134 17603940 2541078728
======================
   8      32 sdc 846694 12210 225237614 22113992 9157056 208730771 4592666464 2518143424 25 17604944 2541129332
======================
   8      32 sdc 846695 12210 225237622 22115500 9158097 208730771 4593199456 2518214016 157 17605944 2541193924
======================
   8      32 sdc 846695 12210 225237622 22115500 9158835 208730771 4593577312 2518357204 155 17606948 2541337560
======================
   8      32 sdc 846695 12210 225237622 22115500 9159500 208730771 4593917792 2518500664 130 17607952 2541480728
======================
   8      32 sdc 846695 12210 225237622 22115500 9159997 208730771 4594172256 2518643980 145 17608956 2541624932
======================
   8      32 sdc 846695 12210 225237622 22115500 9160650 208730771 4594506592 2518788028 132 17609960 2541768076
======================
   8      32 sdc 846695 12210 225237622 22115500 9161239 208730771 4594808160 2518918832 151 17610968 2541914960
======================
   8      32 sdc 846695 12210 225237622 22115500 9161967 208730771 4595181408 2519076848 129 17611972 2542058024
======================
   8      32 sdc 846695 12210 225237622 22115500 9162594 208730771 4595501920 2519220304 140 17612980 2542201976
======================
   8      32 sdc 846695 12210 225237622 22115500 9163260 208730771 4595842912 2519365032 146 17613984 2542345260
======================
   8      32 sdc 846695 12210 225237622 22115500 9163935 208730771 4596188512 2519508188 143 17614984 2542487996
======================
   8      32 sdc 846695 12210 225237622 22115500 9164593 208730771 4596525408 2519647780 157 17615988 2542631692
======================
   8      32 sdc 846696 12210 225237630 22115676 9165229 208730771 4596851040 2519784696 134 17616992 2542762864
======================
   8      32 sdc 846696 12210 225237630 22115676 9165765 208730771 4597125472 2519902404 142 17617996 2542906156
======================
   8      32 sdc 846696 12210 225237630 22115676 9166515 208730771 4597509472 2520068844 128 17619000 2543048816
======================
   8      32 sdc 846696 12210 225237630 22115676 9167130 208730771 4597824352 2520217816 153 17620004 2543194332
======================
   8      32 sdc 846696 12210 225237630 22115676 9167821 208730771 4598178144 2520348200 250 17621012 2543358108
======================
   8      32 sdc 846696 12210 225237630 22115676 9168483 208730771 4598517088 2520516228 196 17622020 2543561996
======================
   8      32 sdc 846696 12210 225237630 22115676 9169146 208730771 4598856544 2520672692 173 17623020 2543750608
======================
   8      32 sdc 846696 12210 225237630 22115676 9169788 208730771 4599185248 2520843000 171 17624024 2543932004
======================
   8      32 sdc 846696 12210 225237630 22115676 9170349 208730771 4599472480 2520999924 154 17625028 2544102512
======================
   8      32 sdc 846696 12210 225237630 22115676 9170931 208730771 4599770464 2521176272 148 17626032 2544264388
======================
   8      32 sdc 846696 12210 225237630 22115676 9171645 208730771 4600136544 2521378588 138 17627032 2544421680
======================
   8      32 sdc 846696 12210 225237630 22115676 9172309 208730771 4600476512 2521576104 132 17628036 2544571348
======================
   8      32 sdc 846697 12210 225237638 22115924 9172869 208730771 4600762720 2521696372 156 17629040 2544697292
======================
   8      32 sdc 846697 12210 225237638 22115924 9173591 208730771 4601132384 2521859192 138 17630044 2544840764
======================
   8      32 sdc 846697 12210 225237638 22115924 9174260 208730771 4601474912 2522003532 141 17631044 2544983824
======================
   8      32 sdc 846697 12210 225237638 22115924 9174917 208730771 4601811296 2522143884 156 17632048 2545126876
======================
   8      32 sdc 846697 12210 225237638 22115924 9175372 208730771 4602044256 2522249996 149 17633052 2545272264
======================
   8      32 sdc 846697 12210 225237638 22115924 9176213 208730771 4602474848 2522437704 129 17634056 2545417904
======================
   8      32 sdc 846697 12210 225237638 22115924 9176888 208730771 4602820448 2522580592 158 17635056 2545560644
======================
   8      32 sdc 846697 12210 225237638 22115924 9177564 208730771 4603166560 2522723768 154 17636060 2545703940
======================
   8      32 sdc 846697 12210 225237638 22115924 9178204 208730771 4603494240 2522865520 154 17637064 2545847248
======================
   8      32 sdc 846697 12210 225237638 22115924 9178828 208730771 4603813728 2523008660 138 17638068 2545990580
======================
   8      32 sdc 846697 12210 225237638 22115924 9179495 208730771 4604155232 2523153048 143 17639072 2546133756
======================
   8      32 sdc 846698 12210 225237646 22116172 9180137 208731238 4604483432 2523286800 155 17640076 2546253800
======================
   8      32 sdc 846698 12210 225237646 22116172 9180779 208731238 4604811840 2523415724 153 17641076 2546396960
======================
   8      32 sdc 846698 12210 225237646 22116172 9181427 208731238 4605143616 2523559988 145 17642080 2546540856
======================
   8      32 sdc 846698 12210 225237646 22116172 9182091 208731238 4605483584 2523703468 153 17643084 2546684564
======================
   8      32 sdc 846698 12210 225237646 22116172 9182722 208731238 4605806656 2523846712 130 17644084 2546827772
======================
   8      32 sdc 846698 12210 225237646 22116172 9183363 208731238 4606134848 2523989908 129 17645088 2546971128
======================
   8      32 sdc 846698 12210 225237646 22116172 9184006 208731238 4606464064 2524133588 158 17646092 2547114616
======================
   8      32 sdc 846698 12210 225237646 22116172 9184664 208731238 4606800960 2524277624 140 17647096 2547258384
======================
   8      32 sdc 846698 12210 225237646 22116172 9185308 208731238 4607130688 2524420644 136 17648100 2547402172
======================
   8      32 sdc 846698 12210 225237646 22116172 9185950 208731238 4607459392 2524564076 134 17649104 2547545592
======================
   8      32 sdc 846698 12210 225237646 22116172 9186612 208731238 4607798336 2524708276 144 17650108 2547689140
======================
   8      32 sdc 846698 12210 225237646 22116172 9187288 208731238 4608144448 2524851708 140 17651112 2547832516
======================
   8      32 sdc 846698 12210 225237646 22116172 9187810 208731238 4608411208 2524968760 1 17652120 2547934480
======================
   8      32 sdc 846698 12210 225237646 22116172 9187810 208731238 4608411208 2524968760 1 17653124 2547935484
======================
   8      32 sdc 846699 12210 225237654 22117916 9188276 208731720 4608628440 2524971176 0 17653480 2547938208
======================
   8      32 sdc 846699 12210 225237654 22117916 9188276 208731720 4608628440 2524971176 0 17653480 2547938208
======================
   8      32 sdc 846699 12210 225237654 22117916 9188276 208731720 4608628440 2524971176 0 17653480 2547938208
======================
   8      32 sdc 846699 12210 225237654 22117916 9188276 208731720 4608628440 2524971176 0 17653480 2547938208
======================
   8      32 sdc 846699 12210 225237654 22117916 9188276 208731720 4608628440 2524971176 0 17653480 2547938208
======================
   8      32 sdc 846699 12210 225237654 22117916 9188276 208731720 4608628440 2524971176 0 17653480 2547938208
======================
   8      32 sdc 846699 12210 225237654 22117916 9188288 208731720 4608628480 2524971176 0 17653480 2547938208
started
======================
   8      32 sdc 846937 12210 225239552 22120124 9188291 208731720 4608628496 2524971176 0 17653512 2547940416
======================
   8      32 sdc 846943 12210 225239600 22120124 9188291 208731720 4608628496 2524971176 0 17653512 2547940416
======================
   8      32 sdc 846943 12210 225239600 22120124 9188291 208731720 4608628496 2524971176 0 17653512 2547940416
======================
   8      32 sdc 846943 12210 225239600 22120124 9188291 208731720 4608628496 2524971176 0 17653512 2547940416
======================
   8      32 sdc 846943 12210 225239600 22120124 9188291 208731720 4608628496 2524971176 0 17653512 2547940416
======================
   8      32 sdc 846943 12210 225239600 22120124 9202437 208731720 4608747528 2525050088 129 17654128 2548026860
======================
   8      32 sdc 846943 12210 225239600 22120124 9203860 208731722 4608759776 2525195000 149 17655148 2548174552
======================
   8      32 sdc 846943 12210 225239600 22120124 9205166 208731722 4608771160 2525338380 155 17656156 2548319344
======================
   8      32 sdc 846943 12210 225239600 22120124 9206644 208731722 4608784136 2525484484 149 17657160 2548462644
======================
   8      32 sdc 846943 12210 225239600 22120124 9208096 208731722 4608796864 2525625640 137 17658172 2548608400
======================
   8      32 sdc 846943 12210 225239600 22120124 9209837 208731722 4608812248 2525781612 156 17659220 2548757096
