======================
   8      32 sdc 142642 889 26046274 371860 887780 23300048 441228392 243034400 0 1730916 243403956
======================
   8      32 sdc 142642 889 26046274 371860 887780 23300048 441228392 243034400 0 1730916 243403956
======================
   8      32 sdc 142644 889 26046290 371888 887780 23300048 441228392 243034400 0 1730944 243403984
======================
   8      32 sdc 142644 889 26046290 371888 887780 23300048 441228392 243034400 0 1730944 243403984
======================
   8      32 sdc 142645 889 26046298 371912 890714 23300048 442730600 243072676 146 1731552 243457892
======================
   8      32 sdc 142645 889 26046298 371912 891340 23300048 443051112 243214520 128 1732552 243600784
======================
   8      32 sdc 142645 889 26046298 371912 891966 23300048 443371624 243358716 142 1733556 243744612
======================
   8      32 sdc 142645 889 26046298 371912 892511 23300070 443649832 243502652 147 1734560 243892120
======================
   8      32 sdc 142645 889 26046298 371912 893166 23300070 443985192 243629316 132 1735564 244033640
======================
   8      32 sdc 142645 889 26046298 371912 893616 23300070 444215592 243725924 130 1736568 244170180
======================
   8      32 sdc 142645 889 26046298 371912 893616 23300070 444215592 243725924 130 1737596 244303820
======================
   8      32 sdc 142645 889 26046298 371912 894020 23300070 444422440 244056960 142 1738596 244441944
======================
   8      32 sdc 142645 889 26046298 371912 895033 23300070 444941096 244208192 153 1739600 244585008
======================
   8      32 sdc 142646 889 26046306 372668 896170 23300070 445523240 244271444 133 1740604 244643372
======================
   8      32 sdc 142646 889 26046306 372668 897157 23300070 446028584 244400364 138 1741608 244786784
======================
   8      32 sdc 142646 889 26046306 372668 897771 23300070 446342952 244537496 132 1742784 244952632
======================
   8      32 sdc 142646 889 26046306 372668 898426 23300070 446678312 244709864 149 1743788 245096284
======================
   8      32 sdc 142646 889 26046306 372668 899068 23300070 447007016 244852888 147 1744792 245239460
======================
   8      32 sdc 142646 889 26046306 372668 899723 23300070 447342376 244997208 132 1745796 245382792
======================
   8      32 sdc 142646 889 26046306 372668 900399 23300070 447688488 245140744 128 1746800 245526284
======================
   8      32 sdc 142646 889 26046306 372668 901040 23300070 448016680 245282848 159 1747804 245669800
======================
   8      32 sdc 142646 889 26046306 372668 901665 23300070 448336680 245426300 142 1748808 245813512
======================
   8      32 sdc 142646 889 26046306 372668 902310 23300070 448666920 245570708 137 1749808 245956304
======================
   8      32 sdc 142647 889 26046314 372852 902965 23300070 449002280 245707016 153 1750812 246090212
======================
   8      32 sdc 142647 889 26046314 372852 903635 23300070 449345320 245847532 129 1751816 246233184
======================
   8      32 sdc 142647 889 26046314 372852 904285 23300070 449678120 245989528 151 1752820 246376840
======================
   8      32 sdc 142647 889 26046314 372852 904909 23300070 449997608 246132968 135 1753820 246519740
======================
   8      32 sdc 142647 889 26046314 372852 905555 23300070 450328360 246277640 129 1754824 246662992
======================
   8      32 sdc 142647 889 26046314 372852 906208 23300070 450662696 246420112 148 1755828 246806548
======================
   8      32 sdc 142647 889 26046314 372852 906850 23300070 450991400 246563460 146 1756832 246949984
======================
   8      32 sdc 142647 889 26046314 372852 907510 23300070 451329320 246707044 158 1757836 247093164
======================
   8      32 sdc 142647 889 26046314 372852 908167 23300070 451665704 246849828 141 1758836 247236152
======================
   8      32 sdc 142647 889 26046314 372852 908808 23300070 451993896 246993024 140 1759840 247379760
======================
   8      32 sdc 142647 889 26046314 372852 909450 23300070 452322600 247136420 138 1760844 247523188
======================
   8      32 sdc 142647 889 26046314 372852 910092 23300070 452651304 247279728 136 1761848 247666348
======================
   8      32 sdc 142648 889 26046322 373076 910722 23300070 452973864 247407356 135 1762848 247793368
======================
   8      32 sdc 142648 889 26046322 373076 911387 23300070 453314344 247550764 142 1763852 247936944
======================
   8      32 sdc 142648 889 26046322 373076 912036 23300070 453646632 247693748 133 1764856 248080408
======================
   8      32 sdc 142648 889 26046322 373076 912672 23300070 453972264 247836504 137 1765860 248224096
======================
   8      32 sdc 142648 889 26046322 373076 913328 23300070 454308136 247981808 153 1766864 248368236
======================
   8      32 sdc 142648 889 26046322 373076 913954 23300070 454628648 248124316 135 1767872 248512388
======================
   8      32 sdc 142648 889 26046322 373076 914584 23300070 454951208 248268612 145 1768872 248655416
======================
   8      32 sdc 142648 889 26046322 373076 915260 23300070 455297320 248412432 141 1769876 248798968
======================
   8      32 sdc 142648 889 26046322 373076 915936 23300070 455643432 248555916 137 1770880 248942492
======================
   8      32 sdc 142648 889 26046322 373076 916607 23300070 455986984 248698744 138 1771884 249086224
======================
   8      32 sdc 142648 889 26046322 373076 917242 23300070 456312104 248841716 143 1772888 249229316
======================
   8      32 sdc 142648 889 26046322 373076 917867 23300070 456632104 248985104 158 1773892 249372896
======================
   8      32 sdc 142649 889 26046330 373292 918516 23300070 456964392 249117400 136 1774896 249504500
======================
   8      32 sdc 142649 889 26046330 373292 919185 23300070 457306920 249259732 139 1775896 249647300
======================
   8      32 sdc 142649 889 26046330 373292 919827 23300070 457635624 249402892 137 1776900 249790432
======================
   8      32 sdc 142649 889 26046330 373292 920477 23300070 457968424 249546812 137 1777904 249933716
======================
   8      32 sdc 142649 889 26046330 373292 921119 23300070 458297128 249689732 157 1778908 250077348
======================
   8      32 sdc 142649 889 26046330 373292 921760 23300070 458625320 249832952 156 1779912 250220836
======================
   8      32 sdc 142649 889 26046330 373292 922397 23300070 458951464 249976588 153 1780912 250363744
======================
   8      32 sdc 142649 889 26046330 373292 923039 23300070 459280168 250119888 157 1781916 250507272
======================
   8      32 sdc 142649 889 26046330 373292 923697 23300070 459617064 250263384 139 1782920 250650624
======================
   8      32 sdc 142649 889 26046330 373292 924362 23300070 459957544 250406732 146 1783924 250793856
======================
   8      32 sdc 142649 889 26046330 373292 925002 23300070 460285224 250548964 146 1784928 250937272
======================
   8      32 sdc 142649 889 26046330 373292 925653 23300070 460618536 250693620 135 1785932 251080532
======================
   8      32 sdc 142649 889 26046330 373292 925905 23300070 460747560 250747068 22 1786936 251136768
======================
   8      32 sdc 142650 889 26046338 374348 926944 23300070 461279528 250859368 153 1787936 251248396
======================
   8      32 sdc 142650 889 26046338 374348 927571 23300070 461600552 251003728 134 1788940 251391952
======================
   8      32 sdc 142650 889 26046338 374348 928247 23300070 461946664 251147888 130 1789944 251535400
======================
   8      32 sdc 142650 889 26046338 374348 928755 23300070 462206760 251291108 134 1790948 251678808
======================
   8      32 sdc 142650 889 26046338 374348 929416 23300070 462545192 251433044 145 1791952 251822388
======================
   8      32 sdc 142650 889 26046338 374348 930040 23300070 462864680 251576548 129 1792952 251965228
======================
   8      32 sdc 142650 889 26046338 374348 930685 23300070 463195432 251720996 156 1793956 252108652
======================
   8      32 sdc 142650 889 26046338 374348 931356 23300070 463538472 251864440 157 1794960 252252068
======================
   8      32 sdc 142650 889 26046338 374348 932003 23300070 463869736 252007148 150 1795964 252395752
======================
   8      32 sdc 142650 889 26046338 374348 932645 23300070 464198440 252151448 148 1796968 252539404
======================
   8      32 sdc 142650 889 26046338 374348 933309 23300070 464538408 252294884 156 1797972 252682884
======================
   8      32 sdc 142651 889 26046346 374560 933942 23300070 464862504 252422644 156 1798976 252811656
======================
   8      32 sdc 142651 889 26046346 374560 934584 23300070 465191208 252566044 154 1799980 252955256
======================
   8      32 sdc 142651 889 26046346 374560 935226 23300070 465519912 252709720 152 1800980 253098316
======================
   8      32 sdc 142651 889 26046346 374560 935869 23300070 465849128 252853536 149 1801984 253242028
======================
   8      32 sdc 142651 889 26046346 374560 936508 23300070 466176296 252997232 150 1802988 253385260
======================
   8      32 sdc 142651 889 26046346 374560 937155 23300070 466507560 253140056 143 1803992 253528860
======================
   8      32 sdc 142651 889 26046346 374560 937796 23300070 466835752 253283336 142 1804996 253672452
======================
   8      32 sdc 142651 889 26046346 374560 938473 23300070 467182376 253427984 137 1806000 253816048
======================
   8      32 sdc 142651 889 26046346 374560 939135 23300070 467521320 253570336 147 1807004 253959600
======================
   8      32 sdc 142651 889 26046346 374560 939759 23300070 467840808 253714012 131 1808008 254103124
======================
   8      32 sdc 142651 889 26046346 374560 940399 23300070 468168488 253858796 131 1809012 254246900
======================
   8      32 sdc 142651 889 26046346 374560 941070 23300070 468512040 254002620 132 1810016 254390636
======================
   8      32 sdc 142652 889 26046354 374776 941724 23300070 468846888 254131644 150 1811020 254520012
======================
   8      32 sdc 142652 889 26046354 374776 942397 23300070 469191976 254274508 149 1812020 254663092
======================
   8      32 sdc 142652 889 26046354 374776 943022 23300070 469511464 254417536 132 1813024 254806648
======================
   8      32 sdc 142652 889 26046354 374776 943656 23300070 469836072 254562288 138 1814028 254950296
======================
   8      32 sdc 142652 889 26046354 374776 944312 23300070 470171944 254704604 154 1815032 255093524
======================
   8      32 sdc 142652 889 26046354 374776 944955 23300070 470501160 254847872 151 1816036 255236708
======================
   8      32 sdc 142652 889 26046354 374776 945605 23300070 470833960 254991460 141 1817040 255379980
======================
   8      32 sdc 142652 889 26046354 374776 946271 23300070 471174952 255135152 147 1818044 255523580
======================
   8      32 sdc 142652 889 26046354 374776 946920 23300070 471507240 255277852 138 1819048 255667152
======================
   8      32 sdc 142652 889 26046354 374776 947561 23300070 471835432 255421248 137 1820048 255810164
======================
   8      32 sdc 142652 889 26046354 374776 948203 23300070 472164136 255564732 135 1821052 255953660
======================
   8      32 sdc 142652 889 26046354 374776 948844 23300070 472492328 255707868 59 1822056 256091292
======================
   8      32 sdc 142653 889 26046362 375828 949432 23300070 472793384 255757472 149 1823060 256133256
======================
   8      32 sdc 142653 889 26046362 375828 950131 23300070 473151272 255886208 154 1824060 256275320
======================
   8      32 sdc 142653 889 26046362 375828 950773 23300070 473479976 256028792 152 1825064 256418480
======================
   8      32 sdc 142653 889 26046362 375828 951425 23300070 473813800 256171884 140 1826068 256561664
======================
   8      32 sdc 142653 889 26046362 375828 952074 23300070 474146088 256314700 131 1827072 256704932
======================
   8      32 sdc 142653 889 26046362 375828 952697 23300070 474465064 256457604 148 1828076 256848404
======================
   8      32 sdc 142653 889 26046362 375828 953357 23300070 474802984 256602656 128 1829080 256991496
======================
   8      32 sdc 142653 889 26046362 375828 954022 23300070 475143464 256743256 135 1830084 257134740
======================
   8      32 sdc 142653 889 26046362 375828 954703 23300070 475492136 256888884 158 1831088 257278088
======================
   8      32 sdc 142653 889 26046362 375828 955357 23300070 475827496 257030616 144 1832092 257421408
======================
   8      32 sdc 142653 889 26046362 375828 955982 23300070 476146984 257174068 136 1833096 257564440
======================
   8      32 sdc 142654 889 26046370 376032 956607 23300070 476466984 257311448 137 1834096 257695104
======================
   8      32 sdc 142654 889 26046370 376032 957283 23300070 476813096 257449512 133 1835100 257838744
======================
   8      32 sdc 142654 889 26046370 376032 957935 23300070 477146920 257592240 153 1836104 257982340
======================
   8      32 sdc 142654 889 26046370 376032 958577 23300070 477475624 257735936 151 1837108 258126184
======================
   8      32 sdc 142654 889 26046370 376032 959225 23300070 477807400 257880392 143 1838112 258270108
======================
   8      32 sdc 142654 889 26046370 376032 959869 23300070 478137128 258023560 139 1839116 258413916
======================
   8      32 sdc 142654 889 26046370 376032 960510 23300070 478465320 258166864 138 1840120 258557476
======================
   8      32 sdc 142654 889 26046370 376032 961152 23300070 478794024 258310428 136 1841120 258700536
======================
   8      32 sdc 142654 889 26046370 376032 961801 23300070 479126312 258454660 159 1842124 258844004
======================
   8      32 sdc 142654 889 26046370 376032 962466 23300070 479466792 258598392 134 1843128 258987816
======================
   8      32 sdc 142654 889 26046370 376032 963118 23300070 479800616 258741180 154 1844132 259131332
======================
   8      32 sdc 142654 889 26046370 376032 963759 23300070 480128808 258884564 153 1845136 259275064
======================
   8      32 sdc 142655 889 26046378 376468 964253 23300070 480381736 259001136 141 1846140 259383816
======================
   8      32 sdc 142655 889 26046378 376468 964929 23300070 480727848 259137148 137 1847140 259526716
======================
   8      32 sdc 142655 889 26046378 376468 965564 23300070 481052968 259279216 142 1848144 259670364
======================
   8      32 sdc 142655 889 26046378 376468 966188 23300070 481372456 259423032 158 1849148 259813924
======================
   8      32 sdc 142655 889 26046378 376468 966847 23300070 481709864 259567016 139 1850152 259957488
======================
   8      32 sdc 142655 889 26046378 376468 967524 23300070 482056488 259711064 134 1851156 260100976
======================
   8      32 sdc 142655 889 26046378 376468 968177 23300070 482390824 259853160 153 1852156 260244056
======================
   8      32 sdc 142655 889 26046378 376468 968801 23300070 482710312 259996204 137 1853160 260387300
======================
   8      32 sdc 142655 889 26046378 376468 969449 23300070 483042088 260141088 129 1854164 260530740
======================
   8      32 sdc 142655 889 26046378 376468 970126 23300070 483388712 260284784 156 1855168 260674404
======================
   8      32 sdc 142655 889 26046378 376468 970776 23300070 483721512 260427236 146 1856172 260818020
======================
   8      32 sdc 142655 889 26046378 376468 971417 23300070 484049704 260570560 145 1857176 260961748
======================
   8      32 sdc 142656 889 26046386 376688 972059 23300070 484378408 260701500 143 1858180 261092384
======================
   8      32 sdc 142656 889 26046386 376688 972715 23300070 484714280 260844860 144 1859180 261235168
======================
   8      32 sdc 142656 889 26046386 376688 973352 23300070 485040424 260988504 130 1860184 261378960
======================
   8      32 sdc 142656 889 26046386 376688 973993 23300070 485368616 261131860 129 1861188 261522536
======================
   8      32 sdc 142656 889 26046386 376688 974632 23300070 485695784 261275752 130 1862192 261665888
======================
   8      32 sdc 142656 889 26046386 376688 975296 23300070 486035752 261419228 138 1863196 261809660
======================
   8      32 sdc 142656 889 26046386 376688 975948 23300070 486369576 261562176 158 1864200 261953048
======================
   8      32 sdc 142656 889 26046386 376688 976590 23300070 486698280 261705628 156 1865204 262096672
======================
   8      32 sdc 142656 889 26046386 376688 977259 23300070 487040808 261850284 147 1866208 262240236
======================
   8      32 sdc 142656 889 26046386 376688 977927 23300070 487382824 261993476 131 1867212 262384024
======================
   8      32 sdc 142656 889 26046386 376688 978552 23300070 487702824 262136328 146 1868216 262527792
======================
   8      32 sdc 142656 889 26046386 376688 979185 23300070 488026920 262280924 153 1869220 262671464
======================
   8      32 sdc 142656 889 26046386 376688 979583 23300070 488230696 262365472 40 1870220 262764176
======================
   8      32 sdc 142657 889 26046394 378260 979682 23300070 488281384 262428092 130 1871224 262805536
======================
   8      32 sdc 142657 889 26046394 378260 981178 23300070 489047336 262555984 138 1872228 262947916
======================
   8      32 sdc 142657 889 26046394 378260 981814 23300070 489372968 262698324 142 1873232 263091408
======================
   8      32 sdc 142657 889 26046394 378260 982457 23300070 489702184 262843372 139 1874236 263235036
======================
   8      32 sdc 142657 889 26046394 378260 983128 23300070 490045736 262986552 140 1875240 263378396
======================
   8      32 sdc 142657 889 26046394 378260 983769 23300070 490373928 263129040 139 1876244 263521692
======================
   8      32 sdc 142657 889 26046394 378260 984416 23300070 490705192 263272980 132 1877244 263664632
======================
   8      32 sdc 142657 889 26046394 378260 985080 23300070 491045160 263416292 140 1878248 263808120
======================
   8      32 sdc 142657 889 26046394 378260 985734 23300070 491380008 263559040 158 1879252 263951112
======================
   8      32 sdc 142657 889 26046394 378260 986376 23300070 491708712 263702052 156 1880256 264094388
======================
   8      32 sdc 142657 889 26046394 378260 987012 23300070 492034344 263844916 128 1881260 264237884
======================
   8      32 sdc 142658 889 26046402 378468 987628 23300070 492349736 263972116 139 1882260 264364868
======================
   8      32 sdc 142658 889 26046402 378468 988288 23300070 492687656 264116336 151 1883264 264508264
======================
   8      32 sdc 142658 889 26046402 378468 988952 23300070 493027624 264259764 159 1884268 264651396
======================
   8      32 sdc 142658 889 26046402 378468 989593 23300070 493355816 264402640 158 1885272 264795076
======================
   8      32 sdc 142658 889 26046402 378468 990244 23300070 493689128 264546988 147 1886276 264938656
======================
   8      32 sdc 142658 889 26046402 378468 990904 23300070 494027048 264689232 150 1887280 265082060
======================
   8      32 sdc 142658 889 26046402 378468 991520 23300070 494342440 264830652 151 1888284 265225720
======================
   8      32 sdc 142658 889 26046402 378468 992175 23300070 494677800 264977424 136 1889288 265369360
======================
   8      32 sdc 142658 889 26046402 378468 992846 23300070 495021352 265120920 137 1890292 265512860
======================
   8      32 sdc 142658 889 26046402 378468 993522 23300070 495367464 265264328 133 1891296 265656288
======================
   8      32 sdc 142658 889 26046402 378468 994192 23300070 495710504 265406856 135 1892296 265799392
======================
   8      32 sdc 142658 889 26046402 378468 994816 23300070 496029992 265550000 151 1893300 265943120
======================
   8      32 sdc 142659 889 26046410 378696 995435 23300070 496346920 265676764 150 1894312 266068944
======================
   8      32 sdc 142659 889 26046410 378696 996112 23300070 496693544 265820188 145 1895316 266212400
======================
   8      32 sdc 142659 889 26046410 378696 996765 23300070 497027880 265962808 132 1896320 266355740
======================
   8      32 sdc 142659 889 26046410 378696 997407 23300070 497356584 266106380 130 1897324 266499304
======================
   8      32 sdc 142659 889 26046410 378696 997917 23300070 497617704 266252232 132 1898324 266644308
======================
   8      32 sdc 142659 889 26046410 378696 998571 23300070 497952552 266395040 150 1899328 266787780
======================
   8      32 sdc 142659 889 26046410 378696 999212 23300070 498280744 266538216 149 1900332 266931328
======================
   8      32 sdc 142659 889 26046410 378696 999854 23300070 498609448 266681780 147 1901336 267074876
======================
   8      32 sdc 142659 889 26046410 378696 1000496 23300070 498938152 266825192 145 1902340 267218356
======================
   8      32 sdc 142659 889 26046410 378696 1001152 23300070 499274024 266969148 129 1903340 267361044
======================
   8      32 sdc 142659 889 26046410 378696 1001809 23300070 499610408 267112200 144 1904344 267504860
======================
   8      32 sdc 142659 889 26046410 378696 1002451 23300070 499939112 267255600 142 1905348 267648452
======================
   8      32 sdc 142660 889 26046418 378924 1003080 23300070 500261160 267378908 136 1906352 267771384
======================
   8      32 sdc 142660 889 26046418 378924 1003757 23300070 500607784 267522580 131 1907356 267914752
======================
   8      32 sdc 142660 889 26046418 378924 1004403 23300070 500938536 267664700 157 1908360 268058380
======================
   8      32 sdc 142660 889 26046418 378924 1005027 23300070 501258024 267808068 141 1909364 268202076
======================
   8      32 sdc 142660 889 26046418 378924 1005676 23300070 501590312 267952756 132 1910364 268344852
======================
   8      32 sdc 142660 889 26046418 378924 1006337 23300070 501928744 268096056 143 1911368 268488340
======================
   8      32 sdc 142660 889 26046418 378924 1007005 23300070 502271272 268238264 147 1912372 268631844
======================
   8      32 sdc 142660 889 26046418 378924 1007630 23300070 502590760 268381932 130 1913376 268775252
======================
   8      32 sdc 142660 889 26046418 378924 1008269 23300070 502917928 268526580 131 1914380 268918756
======================
   8      32 sdc 142660 889 26046418 378924 1008945 23300070 503264040 268669864 141 1915384 269062064
======================
   8      32 sdc 142660 889 26046418 378924 1009601 23300070 503599912 268812228 143 1916388 269205732
======================
   8      32 sdc 142660 889 26046418 378924 1010243 23300070 503928616 268955640 68 1917388 269344164
======================
   8      32 sdc 142661 889 26046426 379152 1010881 23300070 504255272 269084060 146 1918392 269476700
======================
   8      32 sdc 142661 889 26046426 379152 1011546 23300070 504595752 269227272 154 1919396 269619948
======================
   8      32 sdc 142661 889 26046426 379152 1012188 23300070 504924456 269370164 151 1920400 269763340
======================
   8      32 sdc 142661 889 26046426 379152 1012814 23300070 505244968 269510740 133 1921404 269906448
======================
   8      32 sdc 142661 889 26046426 379152 1013459 23300070 505575208 269657228 128 1922408 270049792
======================
   8      32 sdc 142661 889 26046426 379152 1014124 23300070 505915688 269800528 135 1923412 270193260
======================
   8      32 sdc 142661 889 26046426 379152 1014758 23300070 506240296 269941944 141 1924416 270336608
======================
   8      32 sdc 142661 889 26046426 379152 1015400 23300070 506569000 270086056 139 1925420 270479652
======================
   8      32 sdc 142661 889 26046426 379152 1016061 23300070 506907432 270230008 150 1926420 270622204
======================
   8      32 sdc 142661 889 26046426 379152 1016737 23300070 507253544 270373108 146 1927424 270765644
======================
   8      32 sdc 142661 889 26046426 379152 1017369 23300070 507577128 270515360 154 1928428 270908908
======================
   8      32 sdc 142662 889 26046434 379376 1017977 23300070 507888424 270655464 155 1929432 271037796
======================
   8      32 sdc 142662 889 26046434 379376 1018652 23300070 508234024 270788288 152 1930436 271181132
======================
   8      32 sdc 142662 889 26046434 379376 1019323 23300070 508577576 270931940 153 1931440 271324492
======================
   8      32 sdc 142662 889 26046434 379376 1019994 23300070 508921128 271075352 154 1932444 271468132
======================
   8      32 sdc 142662 889 26046434 379376 1020493 23300070 509176616 271192512 135 1933448 271610476
======================
   8      32 sdc 142662 889 26046434 379376 1021136 23300070 509505832 271361144 132 1934452 271753896
======================
   8      32 sdc 142662 889 26046434 379376 1021812 23300070 509851944 271504624 128 1935452 271896736
======================
   8      32 sdc 142662 889 26046434 379376 1022466 23300070 510186792 271646752 146 1936456 272040088
======================
   8      32 sdc 142662 889 26046434 379376 1023108 23300070 510515496 271790048 144 1937460 272183576
======================
   8      32 sdc 142662 889 26046434 379376 1023769 23300070 510853928 271934128 155 1938464 272326924
======================
   8      32 sdc 142662 889 26046434 379376 1024427 23300070 511190824 272076260 137 1939468 272469932
======================
   8      32 sdc 142662 889 26046434 379376 1025068 23300070 511519016 272219680 136 1940472 272613376
======================
   8      32 sdc 142663 889 26046442 379608 1025689 23300070 511836968 272355732 141 1941476 272740372
======================
   8      32 sdc 142663 889 26046442 379608 1026331 23300070 512165672 272490104 156 1942480 272884112
======================
   8      32 sdc 142663 889 26046442 379608 1026983 23300070 512499496 272634328 144 1943480 273027388
======================
   8      32 sdc 142663 889 26046442 379608 1027648 23300070 512839976 272777908 151 1944484 273170972
======================
   8      32 sdc 142663 889 26046442 379608 1028281 23300070 513164072 272921144 158 1945488 273314560
======================
   8      32 sdc 142663 889 26046442 379608 1028945 23300070 513504040 273065516 134 1946492 273458392
======================
   8      32 sdc 142663 889 26046442 379608 1029614 23300070 513846568 273208904 137 1947496 273602364
======================
   8      32 sdc 142663 889 26046442 379608 1030242 23300070 514168104 273351472 149 1948500 273745984
======================
   8      32 sdc 142663 889 26046442 379608 1030871 23300070 514490152 273496100 128 1949504 273889464
======================
   8      32 sdc 142663 889 26046442 379608 1031547 23300070 514836264 273639936 156 1950504 274032428
======================
   8      32 sdc 142663 889 26046442 379608 1032223 23300070 515182376 273783364 152 1951508 274176116
======================
   8      32 sdc 142663 889 26046442 379608 1032899 23300070 515528488 273926864 148 1952512 274319904
======================
   8      32 sdc 142664 889 26046450 379844 1033515 23300070 515843880 274051936 143 1953516 274446444
======================
   8      32 sdc 142664 889 26046450 379844 1034140 23300070 516163880 274195508 158 1954520 274589672
======================
   8      32 sdc 142664 889 26046450 379844 1034803 23300070 516503336 274340168 135 1955524 274733512
======================
   8      32 sdc 142664 889 26046450 379844 1035473 23300070 516846376 274482772 137 1956524 274876588
======================
   8      32 sdc 142664 889 26046450 379844 1035966 23300070 517098792 274626592 156 1957528 275020212
======================
   8      32 sdc 142664 889 26046450 379844 1036629 23300070 517438248 274770584 133 1958532 275163840
======================
   8      32 sdc 142664 889 26046450 379844 1037291 23300070 517777192 274913532 143 1959540 275307868
======================
   8      32 sdc 142664 889 26046450 379844 1037933 23300070 518105896 275057048 141 1960540 275450972
======================
   8      32 sdc 142664 889 26046450 379844 1038575 23300070 518434600 275200872 139 1961544 275594732
======================
   8      32 sdc 142664 889 26046450 379844 1039217 23300070 518763304 275344464 137 1962548 275738308
======================
   8      32 sdc 142664 889 26046450 379844 1039871 23300070 519098152 275488104 155 1963552 275881548
======================
   8      32 sdc 142664 889 26046450 379844 1040536 23300070 519438632 275631548 130 1964556 276024784
======================
   8      32 sdc 142665 889 26046458 380076 1041162 23300070 519759144 275756652 146 1965560 276150816
======================
   8      32 sdc 142665 889 26046458 380076 1041803 23300070 520087336 275899636 145 1966564 276294080
======================
   8      32 sdc 142665 889 26046458 380076 1042478 23300070 520432936 276043868 142 1967568 276437520
======================
   8      32 sdc 142665 889 26046458 380076 1043136 23300070 520769832 276186136 156 1968568 276580248
======================
   8      32 sdc 142665 889 26046458 380076 1043620 23300070 521017640 276324056 152 1969572 276724180
======================
   8      32 sdc 142665 889 26046458 380076 1044296 23300070 521363752 276474092 148 1970576 276867568
======================
   8      32 sdc 142665 889 26046458 380076 1044972 23300070 521709864 276617428 144 1971580 277011016
======================
   8      32 sdc 142665 889 26046458 380076 1045648 23300070 522055976 276760748 140 1972584 277154328
======================
   8      32 sdc 142665 889 26046458 380076 1046290 23300070 522384680 276902696 138 1973584 277297228
======================
   8      32 sdc 142665 889 26046458 380076 1046914 23300070 522704168 277046036 154 1974588 277440440
======================
   8      32 sdc 142665 889 26046458 380076 1047579 23300070 523044648 277190528 129 1975592 277583680
======================
   8      32 sdc 142665 889 26046458 380076 1048253 23300070 523389736 277333620 127 1976596 277726968
======================
   8      32 sdc 142665 889 26046458 380076 1048690 23300070 523613480 277430592 21 1977600 277819804
======================
   8      32 sdc 142665 889 26046458 380076 1048690 23300070 523613480 277430592 21 1978604 277840888
======================
   8      32 sdc 142666 889 26046466 381720 1050174 23300070 524373288 277571032 152 1979608 277966380
======================
   8      32 sdc 142666 889 26046466 381720 1050829 23300070 524708648 277713844 142 1980612 278109884
======================
   8      32 sdc 142666 889 26046466 381720 1051460 23300070 525031720 277857212 151 1981616 278253196
======================
   8      32 sdc 142666 889 26046466 381720 1052096 23300070 525357352 278000404 155 1982616 278395924
======================
   8      32 sdc 142666 889 26046466 381720 1052747 23300070 525690664 278144572 144 1983620 278539948
======================
   8      32 sdc 142666 889 26046466 381720 1053412 23300070 526031144 278287972 151 1984624 278683192
======================
   8      32 sdc 142666 889 26046466 381720 1054056 23300070 526360872 278430636 147 1985628 278826576
======================
   8      32 sdc 142666 889 26046466 381720 1054692 23300070 526686504 278574560 151 1986632 278969812
======================
   8      32 sdc 142666 889 26046466 381720 1055368 23300070 527032616 278718040 147 1987636 279113176
======================
   8      32 sdc 142666 889 26046466 381720 1056023 23300070 527367976 278859984 132 1988640 279256364
======================
   8      32 sdc 142667 889 26046474 381916 1056632 23300070 527679784 278990568 149 1989644 279387272
======================
   8      32 sdc 142667 889 26046474 381916 1057278 23300070 528010536 279134968 143 1990648 279530552
======================
   8      32 sdc 142667 889 26046474 381916 1057954 23300070 528356648 279278212 139 1991648 279673200
======================
   8      32 sdc 142667 889 26046474 381916 1058630 23300070 528702760 279421476 135 1992652 279816332
======================
   8      32 sdc 142667 889 26046474 381916 1059255 23300070 529022760 279562996 150 1993656 279959264
======================
   8      32 sdc 142667 889 26046474 381916 1059889 23300070 529347368 279707588 156 1994660 280102424
======================
   8      32 sdc 142667 889 26046474 381916 1060565 23300070 529693480 279850364 152 1995664 280245312
======================
   8      32 sdc 142667 889 26046474 381916 1061217 23300070 530027304 279992408 140 1996668 280388540
======================
   8      32 sdc 142667 889 26046474 381916 1061851 23300070 530351912 280134680 146 1997668 280531096
======================
   8      32 sdc 142667 889 26046474 381916 1062512 23300070 530690344 280278876 157 1998672 280674100
======================
   8      32 sdc 142667 889 26046474 381916 1063170 23300070 531027240 280421144 139 1999676 280817112
======================
   8      32 sdc 142667 889 26046474 381916 1063812 23300070 531355944 280564384 137 2000680 280960376
======================
   8      32 sdc 142667 889 26046474 381916 1063970 23300070 531436840 280599904 37 2001684 281015120
======================
   8      32 sdc 142668 889 26046482 383792 1064349 23300070 531631400 280674460 136 2002688 281058304
======================
   8      32 sdc 142668 889 26046482 383792 1065563 23300070 532252456 280801820 138 2003692 281200544
======================
   8      32 sdc 142668 889 26046482 383792 1066234 23300070 532596008 280946068 139 2004692 281343100
======================
   8      32 sdc 142668 889 26046482 383792 1066866 23300070 532919592 281088512 147 2005696 281486420
======================
   8      32 sdc 142668 889 26046482 383792 1067530 23300070 533259560 281232480 155 2006700 281629352
======================
   8      32 sdc 142668 889 26046482 383792 1068206 23300070 533605672 281375396 151 2007704 281772564
======================
   8      32 sdc 142668 889 26046482 383792 1068833 23300070 533926696 281517172 132 2008708 281915596
======================
   8      32 sdc 142668 889 26046482 383792 1069462 23300070 534248744 281660868 143 2009712 282058644
======================
   8      32 sdc 142668 889 26046482 383792 1070138 23300070 534594856 281804060 139 2010712 282200832
======================
   8      32 sdc 142668 889 26046482 383792 1070808 23300070 534937896 281946964 141 2011716 282343876
======================
   8      32 sdc 142668 889 26046482 383792 1071485 23300070 535284520 282090080 136 2012720 282486932
======================
   8      32 sdc 142668 889 26046482 383792 1071660 23300070 535374120 282127156 27 2013724 282534256
======================
   8      32 sdc 142669 889 26046490 385656 1071913 23300070 535503656 282179892 145 2014728 282565072
======================
   8      32 sdc 142669 889 26046490 385656 1073354 23300070 536241448 282308712 144 2015732 282707968
======================
   8      32 sdc 142669 889 26046490 385656 1074028 23300070 536586536 282451756 142 2016736 282851356
======================
   8      32 sdc 142669 889 26046490 385656 1074525 23300070 536841512 282594992 157 2017736 282994292
======================
   8      32 sdc 142669 889 26046490 385656 1075187 23300070 537179944 282739048 135 2018740 283138092
======================
   8      32 sdc 142669 889 26046490 385656 1075849 23300070 537518888 282882144 145 2019744 283281692
======================
   8      32 sdc 142669 889 26046490 385656 1076491 23300070 537847592 283025372 143 2020748 283425184
======================
   8      32 sdc 142669 889 26046490 385656 1077132 23300070 538175784 283168416 142 2021748 283567972
======================
   8      32 sdc 142669 889 26046490 385656 1077775 23300070 538505000 283312036 139 2022756 283712032
======================
   8      32 sdc 142669 889 26046490 385656 1078428 23300070 538839336 283456196 158 2023756 283854836
======================
   8      32 sdc 142669 889 26046490 385656 1079092 23300070 539179304 283599528 134 2024760 283998460
======================
   8      32 sdc 142670 889 26046498 385880 1079714 23300070 539497768 283726192 148 2025764 284126012
======================
   8      32 sdc 142670 889 26046498 385880 1080355 23300070 539825960 283869668 147 2026768 284269824
======================
   8      32 sdc 142670 889 26046498 385880 1081028 23300070 540170536 284014164 146 2027772 284413544
======================
   8      32 sdc 142670 889 26046498 385880 1081694 23300070 540511528 284156448 152 2028776 284556996
======================
   8      32 sdc 142670 889 26046498 385880 1082169 23300070 540754728 284299156 157 2029780 284699676
======================
   8      32 sdc 142670 889 26046498 385880 1082841 23300070 541098792 284444156 157 2030780 284842688
======================
   8      32 sdc 142670 889 26046498 385880 1083517 23300070 541444904 284587608 153 2031784 284986480
======================
   8      32 sdc 142670 889 26046498 385880 1084188 23300070 541788456 284731228 154 2032788 285129924
======================
   8      32 sdc 142670 889 26046498 385880 1084834 23300070 542119208 284873232 148 2033792 285273616
======================
   8      32 sdc 142670 889 26046498 385880 1085458 23300070 542438696 285017012 132 2034796 285417428
======================
   8      32 sdc 142670 889 26046498 385880 1086119 23300070 542777128 285161772 143 2035800 285561112
======================
   8      32 sdc 142670 889 26046498 385880 1086795 23300070 543123240 285305176 139 2036804 285704652
======================
   8      32 sdc 142671 889 26046506 386108 1087415 23300070 543440680 285431332 129 2037804 285831116
======================
   8      32 sdc 142671 889 26046506 386108 1088055 23300070 543768360 285575100 129 2038808 285974692
======================
   8      32 sdc 142671 889 26046506 386108 1088720 23300070 544108840 285718664 136 2039812 286118340
======================
   8      32 sdc 142671 889 26046506 386108 1089364 23300070 544438568 285861552 132 2040816 286261708
======================
   8      32 sdc 142671 889 26046506 386108 1089852 23300070 544688424 286004876 156 2041820 286404920
======================
   8      32 sdc 142671 889 26046506 386108 1090493 23300070 545016616 286148196 155 2042824 286548624
======================
   8      32 sdc 142671 889 26046506 386108 1091154 23300070 545355048 286292308 134 2043828 286692128
======================
   8      32 sdc 142671 889 26046506 386108 1091817 23300070 545694504 286435368 143 2044828 286835232
======================
   8      32 sdc 142671 889 26046506 386108 1092459 23300070 546023208 286578624 141 2045832 286978776
======================
   8      32 sdc 142671 889 26046506 386108 1093111 23300070 546357032 286723092 129 2046836 287122192
======================
   8      32 sdc 142671 889 26046506 386108 1093781 23300070 546700072 286866500 131 2047840 287265632
======================
   8      32 sdc 142671 889 26046506 386108 1094428 23300070 547031336 287008812 156 2048844 287409328
======================
   8      32 sdc 142672 889 26046514 386344 1095032 23300070 547340584 287134856 130 2049848 287535444
======================
   8      32 sdc 142672 889 26046514 386344 1095690 23300070 547677480 287278960 144 2050852 287678900
======================
   8      32 sdc 142672 889 26046514 386344 1096366 23300070 548023592 287422280 140 2051852 287821828
======================
   8      32 sdc 142672 889 26046514 386344 1097042 23300070 548369704 287565660 136 2052856 287965088
======================
   8      32 sdc 142672 889 26046514 386344 1097536 23300070 548622632 287708112 154 2053860 288108888
======================
   8      32 sdc 142672 889 26046514 386344 1098156 23300070 548940072 287850604 142 2054864 288252120
======================
   8      32 sdc 142672 889 26046514 386344 1098832 23300070 549286184 287995400 138 2055868 288395208
======================
   8      32 sdc 142672 889 26046514 386344 1099492 23300070 549624104 288138100 150 2056872 288538732
======================
   8      32 sdc 142672 889 26046514 386344 1100133 23300070 549952296 288281188 149 2057872 288681556
======================
   8      32 sdc 142672 889 26046514 386344 1100787 23300070 550287144 288425312 135 2058876 288825044
======================
   8      32 sdc 142672 889 26046514 386344 1101451 23300070 550627112 288568392 143 2059880 288968312
======================
   8      32 sdc 142672 889 26046514 386344 1102099 23300070 550958888 288711056 135 2060884 289111452
======================
   8      32 sdc 142673 889 26046522 386580 1102719 23300070 551276328 288836200 158 2061888 289236860
======================
   8      32 sdc 142673 889 26046522 386580 1103362 23300070 551605544 288978984 155 2062892 289379624
======================
   8      32 sdc 142673 889 26046522 386580 1104006 23300070 551935272 289122176 151 2063892 289522088
======================
   8      32 sdc 142673 889 26046522 386580 1104671 23300070 552275752 289265432 127 2064896 289664948
======================
   8      32 sdc 142673 889 26046522 386580 1105178 23300070 552535336 289408916 131 2065900 289809100
======================
   8      32 sdc 142673 889 26046522 386580 1105823 23300070 552865576 289552368 158 2066904 289952008
======================
   8      32 sdc 142673 889 26046522 386580 1106499 23300070 553211688 289695284 154 2067908 290095236
======================
   8      32 sdc 142673 889 26046522 386580 1107154 23300070 553547048 289836952 139 2068908 290237644
======================
   8      32 sdc 142673 889 26046522 386580 1107777 23300070 553866024 289979632 156 2069912 290380560
======================
   8      32 sdc 142673 889 26046522 386580 1108430 23300070 554200360 290124112 143 2070916 290523944
======================
   8      32 sdc 142673 889 26046522 386580 1109106 23300070 554546472 290267200 139 2071920 290667096
======================
   8      32 sdc 142673 889 26046522 386580 1109782 23300070 554892584 290410148 135 2072920 290809352
======================
   8      32 sdc 142673 889 26046522 386580 1110067 23300070 555038504 290470196 20 2073924 290870252
======================
   8      32 sdc 142674 889 26046530 388236 1110629 23300070 555326760 290513564 152 2074928 290901200
======================
   8      32 sdc 142674 889 26046530 388236 1111674 23300070 555861288 290642608 131 2075932 291043832
======================
   8      32 sdc 142674 889 26046530 388236 1112345 23300070 556204840 290785608 132 2076936 291186896
======================
   8      32 sdc 142674 889 26046530 388236 1112852 23300070 556464424 290927256 257 2077940 291416364
======================
   8      32 sdc 142674 889 26046530 388236 1113502 23300070 556797224 291083304 247 2078944 291656544
======================
   8      32 sdc 142674 889 26046530 388236 1114166 23300070 557137192 291243592 223 2079948 291889096
======================
   8      32 sdc 142674 889 26046530 388236 1114818 23300070 557471016 291407168 211 2080952 292114640
======================
   8      32 sdc 142674 889 26046530 388236 1115446 23300070 557792552 291567940 223 2081956 292335328
======================
   8      32 sdc 142674 889 26046530 388236 1116088 23300070 558121256 291744292 221 2082960 292551596
======================
   8      32 sdc 142674 889 26046530 388236 1116732 23300070 558450984 291925624 217 2083960 292759224
======================
   8      32 sdc 142674 889 26046530 388236 1117391 23300070 558788392 292106240 198 2084964 292963612
======================
   8      32 sdc 142675 889 26046538 388496 1118032 23300070 559116584 292310576 189 2085968 293138304
======================
   8      32 sdc 142675 889 26046538 388496 1118674 23300070 559445288 292510492 187 2086972 293327284
======================
   8      32 sdc 142675 889 26046538 388496 1119334 23300070 559783208 292748140 167 2087976 293507936
======================
   8      32 sdc 142675 889 26046538 388496 1120009 23300070 560128808 292970584 164 2088980 293680628
======================
   8      32 sdc 142675 889 26046538 388496 1120630 23300070 560446760 293438832 151 2089984 293841912
======================
   8      32 sdc 142675 889 26046538 388496 1121291 23300070 560785192 293583288 130 2090984 293984592
======================
   8      32 sdc 142675 889 26046538 388496 1121962 23300070 561128744 293726572 131 2091988 294127996
======================
   8      32 sdc 142675 889 26046538 388496 1122639 23300070 561475368 293870720 151 2092992 294270536
======================
   8      32 sdc 142675 889 26046538 388496 1123294 23300070 561810728 294010976 143 2093996 294413904
======================
   8      32 sdc 142675 889 26046538 388496 1123918 23300070 562130216 294154308 136 2095000 294557060
======================
   8      32 sdc 142675 889 26046538 388496 1124571 23300070 562464552 294298860 146 2096004 294700368
======================
   8      32 sdc 142675 889 26046538 388496 1125247 23300070 562810664 294441876 142 2097008 294843564
======================
   8      32 sdc 142676 889 26046546 388984 1125742 23300532 563063264 294531692 133 2098012 294934644
======================
   8      32 sdc 142676 889 26046546 388984 1126384 23300532 563391968 294675288 131 2099016 295078236
======================
   8      32 sdc 142676 889 26046546 388984 1127044 23300532 563729888 294819164 143 2100020 295221824
======================
   8      32 sdc 142676 889 26046546 388984 1127709 23300532 564070368 294962668 150 2101024 295365312
======================
   8      32 sdc 142676 889 26046546 388984 1128334 23300532 564390368 295105904 133 2102028 295509064
======================
   8      32 sdc 142676 889 26046546 388984 1128976 23300532 564719072 295249680 131 2103028 295652304
======================
   8      32 sdc 142676 889 26046546 388984 1129622 23300532 565049824 295393792 157 2104032 295795988
======================
   8      32 sdc 142676 889 26046546 388984 1130287 23300532 565390304 295537488 132 2105036 295939612
======================
   8      32 sdc 142676 889 26046546 388984 1130920 23300532 565714400 295680320 139 2106040 296083308
======================
   8      32 sdc 142676 889 26046546 388984 1131565 23300532 566044640 295824272 134 2107044 296226684
======================
   8      32 sdc 142676 889 26046546 388984 1132242 23300532 566391264 295968272 129 2108048 296370200
======================
   8      32 sdc 142676 889 26046546 388984 1132897 23300532 566726624 296110328 146 2109052 296514072
======================
   8      32 sdc 142677 889 26046554 389496 1133369 23300552 566966936 296194864 154 2110056 296598840
======================
   8      32 sdc 142677 889 26046554 389496 1133602 23301014 567065720 296250612 0 2110424 296637964
======================
   8      32 sdc 142677 889 26046554 389496 1133602 23301014 567065720 296250612 0 2110424 296637964
======================
   8      32 sdc 142677 889 26046554 389496 1133602 23301014 567065720 296250612 0 2110424 296637964
======================
   8      32 sdc 142677 889 26046554 389496 1133602 23301014 567065720 296250612 0 2110424 296637964
======================
   8      32 sdc 142677 889 26046554 389496 1133602 23301014 567065720 296250612 0 2110424 296637964
started
======================
   8      32 sdc 142915 889 26048452 390848 1133617 23301014 567065776 296250612 0 2110452 296639316
======================
   8      32 sdc 143071 889 26057052 391276 1133617 23301014 567065776 296250612 1 2110548 296639748
======================
   8      32 sdc 144306 904 26182532 394136 1133617 23301014 567065776 296250612 14 2111552 296642668
======================
   8      32 sdc 145367 922 26289732 396732 1133617 23301014 567065776 296250612 1 2112536 296645248
======================
   8      32 sdc 145526 929 26303564 397228 1133617 23301014 567065776 296250612 1 2113540 296646540
======================
   8      32 sdc 145536 929 26305324 398736 1133617 23301014 567065776 296250612 1 2114544 296647560
======================
   8      32 sdc 145766 935 26331660 401060 1133617 23301014 567065776 296250612 2 2115548 296649572
======================
   8      32 sdc 146685 945 26449740 403416 1133620 23301016 567065816 296250612 2 2116544 296651920
======================
   8      32 sdc 147676 956 26554204 406272 1133620 23301016 567065816 296250612 1 2117544 296654776
======================
   8      32 sdc 148751 976 26675188 408996 1133620 23301016 567065816 296250612 1 2118532 296657504
======================
   8      32 sdc 149856 1004 26786932 411904 1133620 23301016 567065816 296250612 1 2119532 296660428
======================
   8      32 sdc 150952 1026 26885940 415128 1133620 23301016 567065816 296250612 1 2120524 296663672
======================
   8      32 sdc 152139 1048 27000060 418012 1133620 23301016 567065816 296250612 9 2121520 296666600
======================
   8      32 sdc 153356 1074 27108284 421272 1133620 23301016 567065816 296250612 2 2122508 296669832
======================
   8      32 sdc 154498 1080 27224356 424036 1133620 23301016 567065816 296250612 1 2123508 296672596
======================
   8      32 sdc 155727 1096 27337484 427108 1133620 23301016 567065816 296250612 2 2124512 296675716
======================
   8      32 sdc 157017 1115 27473020 430348 1133620 23301016 567065816 296250612 2 2125504 296678996
======================
   8      32 sdc 158273 1132 27583476 433532 1133620 23301016 567065816 296250612 1 2126496 296682200
======================
   8      32 sdc 159373 1150 27700204 436468 1133620 23301016 567065816 296250612 2 2127492 296685132
======================
   8      32 sdc 160391 1168 27809876 438908 1133620 23301016 567065816 296250612 2 2128496 296687588
======================
   8      32 sdc 161450 1177 27920604 441988 1133620 23301016 567065816 296250612 2 2129500 296690704
======================
   8      32 sdc 162468 1190 28032180 444408 1133620 23301016 567065816 296250612 2 2130488 296693128
======================
   8      32 sdc 163784 1209 28144180 447760 1133620 23301016 567065816 296250612 1 2131488 296696524
======================
   8      32 sdc 164981 1230 28259620 450360 1133620 23301016 567065816 296250612 2 2132496 296699164
======================
   8      32 sdc 166196 1251 28355612 453868 1133620 23301016 567065816 296250612 1 2133492 296702660
======================
   8      32 sdc 167330 1264 28474876 456692 1133620 23301016 567065816 296250612 2 2134488 296705488
======================
   8      32 sdc 168378 1286 28589844 459224 1133620 23301016 567065816 296250612 1 2135484 296708036
======================
   8      32 sdc 169399 1295 28685380 461920 1133620 23301016 567065816 296250612 1 2136472 296710764
======================
   8      32 sdc 170565 1308 28805988 464956 1133620 23301016 567065816 296250612 6 2137456 296713828
======================
   8      32 sdc 171684 1320 28913004 468144 1133620 23301016 567065816 296250612 3 2138440 296717112
======================
   8      32 sdc 172839 1332 29022772 471236 1133620 23301016 567065816 296250612 2 2139436 296720220
======================
   8      32 sdc 173854 1344 29132652 474092 1133620 23301016 567065816 296250612 1 2140428 296723104
======================
   8      32 sdc 174928 1368 29231908 477208 1133622 23301016 567065832 296250612 2 2141428 296726216
======================
   8      32 sdc 176152 1387 29355300 480264 1133622 23301016 567065832 296250612 7 2142416 296729328
======================
   8      32 sdc 177225 1396 29464460 482820 1133622 23301016 567065832 296250612 7 2143396 296731836
======================
   8      32 sdc 178391 1408 29594188 485408 1133622 23301016 567065832 296250612 1 2144396 296734484
======================
   8      32 sdc 179439 1427 29705716 487784 1133622 23301016 567065832 296250612 4 2145388 296736872
======================
   8      32 sdc 180629 1450 29827132 490820 1133622 23301016 567065832 296250612 2 2146388 296739916
======================
   8      32 sdc 181790 1469 29939460 493992 1133622 23301016 567065832 296250612 3 2147388 296743108
======================
   8      32 sdc 182815 1481 30050884 496704 1133622 23301016 567065832 296250612 3 2148388 296745888
======================
   8      32 sdc 183773 1491 30135420 500464 1133622 23301016 567065832 296250612 1 2149380 296749636
======================
   8      32 sdc 185010 1510 30247796 503760 1133622 23301016 567065832 296250612 2 2150380 296752948
======================
   8      32 sdc 186067 1520 30359020 506860 1133622 23301016 567065832 296250612 1 2151376 296756056
======================
   8      32 sdc 187294 1542 30474124 510016 1133622 23301016 567065832 296250612 1 2152372 296759212
======================
   8      32 sdc 188396 1558 30595372 512664 1133622 23301016 567065832 296250612 1 2153372 296761864
======================
   8      32 sdc 189530 1569 30716236 515804 1133622 23301016 567065832 296250612 1 2154364 296765000
======================
   8      32 sdc 190586 1592 30829084 518312 1133622 23301016 567065832 296250612 2 2155356 296767528
======================
   8      32 sdc 191705 1606 30957036 520860 1133622 23301016 567065832 296250612 2 2156340 296770060
======================
   8      32 sdc 192873 1627 31078452 523828 1133622 23301016 567065832 296250612 6 2157344 296773076
======================
   8      32 sdc 193997 1652 31181916 525996 1133622 23301016 567065832 296250612 1 2158312 296775204
======================
   8      32 sdc 195114 1665 31290068 529164 1133622 23301016 567065832 296250612 11 2159312 296778460
======================
   8      32 sdc 196255 1675 31405196 532104 1133622 23301016 567065832 296250612 2 2160304 296781320
======================
   8      32 sdc 197231 1684 31526620 534468 1133622 23301016 567065832 296250612 4 2161300 296783696
======================
   8      32 sdc 198467 1698 31656460 537380 1133622 23301016 567065832 296250612 1 2162288 296786596
======================
   8      32 sdc 199590 1716 31774860 540304 1133622 23301016 567065832 296250612 2 2163284 296789516
======================
   8      32 sdc 200629 1730 31889540 543108 1133622 23301016 567065832 296250612 1 2164280 296792320
======================
   8      32 sdc 201729 1745 32002212 546096 1133622 23301016 567065832 296250612 13 2165272 296795388
======================
   8      32 sdc 202808 1755 32129012 548816 1133622 23301016 567065832 296250612 1 2166252 296798056
======================
   8      32 sdc 203991 1771 32237428 552204 1133622 23301016 567065832 296250612 2 2167240 296801444
======================
   8      32 sdc 205199 1793 32337228 555244 1133622 23301016 567065832 296250612 1 2168236 296804504
======================
   8      32 sdc 206352 1814 32461980 557776 1133622 23301016 567065832 296250612 15 2169236 296807096
======================
   8      32 sdc 207418 1829 32568308 561164 1133622 23301016 567065832 296250612 1 2170232 296810424
======================
   8      32 sdc 208235 1837 32647756 563928 1133622 23301016 567065832 296250612 0 2170984 296813184
