======================
   8      16 sdb 19409566 215144 1822799904 41788048 31110540 284041480 9364447128 1362006076 0 11883232 1403734564
======================
   8      16 sdb 19409597 215144 1822801032 41788056 31110540 284041480 9364447128 1362006076 0 11883240 1403734572
======================
   8      16 sdb 19409599 215144 1822801048 41788060 31110540 284041480 9364447128 1362006076 0 11883244 1403734576
======================
   8      16 sdb 19409599 215144 1822801048 41788060 31110540 284041480 9364447128 1362006076 0 11883244 1403734576
======================
   8      16 sdb 19409600 215144 1822801056 41788060 31113184 284041480 9365800856 1362107992 129 11884028 1403841684
======================
   8      16 sdb 19409600 215144 1822801056 41788060 31114662 284041480 9366557592 1362217856 155 11885032 1403987320
======================
   8      16 sdb 19409600 215144 1822801056 41788060 31115762 284041480 9367120792 1362401380 144 11886040 1404136140
======================
   8      16 sdb 19409600 215144 1822801056 41788060 31117682 284041506 9368103032 1362538532 147 11887040 1404272536
======================
   8      16 sdb 19409601 215144 1822801064 41788136 31119590 284041520 9369076016 1362673048 140 11888040 1404407444
======================
   8      16 sdb 19409601 215144 1822801064 41788136 31121618 284041520 9370113840 1362816268 128 11889044 1404548900
======================
   8      16 sdb 19409601 215144 1822801064 41788136 31123384 284041520 9371018032 1362957204 151 11890048 1404691472
======================
   8      16 sdb 19409601 215144 1822801064 41788136 31125550 284041520 9372127536 1363100744 132 11891052 1404833448
======================
   8      16 sdb 19409602 215144 1822801072 41788192 31128285 284041544 9373527032 1363232260 145 11892056 1404965148
======================
   8      16 sdb 19409602 215144 1822801072 41788192 31130319 284041544 9374568440 1363372356 129 11893060 1405106736
======================
   8      16 sdb 19409602 215144 1822801072 41788192 31132233 284041544 9375548408 1363514224 133 11894064 1405248804
======================
   8      16 sdb 19409603 215144 1822801080 41788272 31134143 284041544 9376525824 1363649400 153 11895064 1405383764
======================
   8      16 sdb 19409603 215144 1822801080 41788272 31136053 284041561 9377502368 1363792144 131 11896068 1405525996
======================
   8      16 sdb 19409603 215144 1822801080 41788272 31137944 284041585 9378470248 1363929116 143 11897072 1405663484
======================
   8      16 sdb 19409603 215144 1822801080 41788272 31139834 284041585 9379437928 1364071512 141 11898076 1405805784
======================
   8      16 sdb 19409604 215144 1822801088 41788356 31141740 284041585 9380413296 1364206324 153 11899080 1405940772
======================
   8      16 sdb 19409604 215144 1822801088 41788356 31143657 284041603 9381393936 1364348424 151 11900084 1406082856
======================
   8      16 sdb 19409604 215144 1822801088 41788356 31145575 284041603 9382375952 1364491184 145 11901088 1406225664
======================
   8      16 sdb 19409604 215144 1822801088 41788356 31147492 284041626 9383357136 1364627560 149 11902092 1406362260
======================
   8      16 sdb 19409605 215144 1822801096 41788432 31149399 284041626 9384333016 1364762876 148 11903092 1406497688
======================
   8      16 sdb 19409605 215144 1822801096 41788432 31151301 284041642 9385305456 1364906484 139 11904096 1406641216
======================
   8      16 sdb 19409605 215144 1822801096 41788432 31153194 284041642 9386274672 1365049000 134 11905100 1406783712
======================
   8      16 sdb 19409605 215144 1822801096 41788432 31155103 284041642 9387252080 1365191248 145 11906104 1406926136
======================
   8      16 sdb 19409606 215144 1822801104 41788512 31157011 284041665 9388228656 1365326556 133 11907100 1407060940
======================
   8      16 sdb 19409606 215144 1822801104 41788512 31158928 284041665 9389210160 1365469076 136 11908104 1407203616
======================
   8      16 sdb 19409606 215144 1822801104 41788512 31160840 284041665 9390189104 1365611492 144 11909108 1407345908
======================
   8      16 sdb 19409606 215144 1822801104 41788512 31162749 284041665 9391167024 1365753732 155 11910112 1407488056
======================
   8      16 sdb 19409607 215144 1822801112 41788596 31164644 284041665 9392136248 1365888392 137 11911116 1407622960
======================
   8      16 sdb 19409607 215144 1822801112 41788596 31166530 284041704 9393100680 1366026164 146 11912120 1407760868
======================
   8      16 sdb 19409607 215144 1822801112 41788596 31168416 284041704 9394066312 1366166344 148 11913124 1407903444
======================
   8      16 sdb 19409607 215144 1822801112 41788596 31170355 284041704 9395059080 1366311028 129 11914128 1408045672
======================
   8      16 sdb 19409608 215144 1822801120 41788680 31172267 284041704 9396037520 1366445532 133 11915132 1408180492
======================
   8      16 sdb 19409608 215144 1822801120 41788680 31174177 284041720 9397014560 1366587976 143 11916136 1408323008
======================
   8      16 sdb 19409608 215144 1822801120 41788680 31176098 284041744 9397997800 1366725468 152 11917140 1408460200
======================
   8      16 sdb 19409608 215144 1822801120 41788680 31177984 284041744 9398963432 1366867000 154 11918144 1408602488
======================
   8      16 sdb 19409609 215144 1822801128 41788764 31179876 284041744 9399931632 1367001512 130 11919148 1408737784
======================
   8      16 sdb 19409609 215144 1822801128 41788764 31181780 284041761 9400905104 1367144424 146 11920152 1408879472
======================
   8      16 sdb 19409609 215144 1822801128 41788764 31183695 284041761 9401885584 1367287052 151 11921156 1409022020
======================
   8      16 sdb 19409609 215144 1822801128 41788764 31185609 284041784 9402865232 1367423492 152 11922160 1409158540
======================
   8      16 sdb 19409610 215144 1822801136 41788848 31187527 284041784 9403846744 1367558380 139 11923160 1409293004
======================
   8      16 sdb 19409610 215144 1822801136 41788848 31189437 284041801 9404823792 1367700372 149 11924164 1409435008
======================
   8      16 sdb 19409610 215144 1822801136 41788848 31191352 284041801 9405804272 1367842008 154 11925168 1409576788
======================
   8      16 sdb 19409610 215144 1822801136 41788848 31193251 284041801 9406776560 1367984384 143 11926172 1409719252
======================
   8      16 sdb 19409611 215144 1822801144 41788936 31195149 284041823 9407747504 1368114740 134 11927176 1409849928
======================
   8      16 sdb 19409611 215144 1822801144 41788936 31197072 284041839 9408731200 1368257504 131 11928180 1409992580
======================
   8      16 sdb 19409611 215144 1822801144 41788936 31198976 284041839 9409706048 1368400104 147 11929180 1410134736
======================
   8      16 sdb 19409611 215144 1822801144 41788936 31200890 284041839 9410686016 1368542680 153 11930184 1410277512
======================
   8      16 sdb 19409612 215144 1822801152 41789016 31202803 284041839 9411665472 1368677280 147 11931188 1410412276
======================
   8      16 sdb 19409612 215144 1822801152 41789016 31204722 284041863 9412647688 1368814348 145 11932192 1410549352
======================
   8      16 sdb 19409612 215144 1822801152 41789016 31206610 284041863 9413614856 1368957256 145 11933196 1410692324
======================
   8      16 sdb 19409612 215144 1822801152 41789016 31208465 284041863 9414564104 1369100816 150 11934200 1410835620
======================
   8      16 sdb 19409613 215144 1822801160 41789100 31210408 284041863 9415558416 1369235020 148 11935204 1410970148
======================
   8      16 sdb 19409613 215144 1822801160 41789100 31212322 284041879 9416536496 1369377900 132 11936208 1411113004
======================
   8      16 sdb 19409613 215144 1822801160 41789100 31214226 284041901 9417511016 1369515028 151 11937212 1411250236
======================
   8      16 sdb 19409613 215144 1822801160 41789100 31216140 284041901 9418490984 1369657872 149 11938216 1411392972
======================
   8      16 sdb 19409614 215144 1822801168 41789188 31218053 284041901 9419469936 1369793684 151 11939220 1411528920
======================
   8      16 sdb 19409614 215144 1822801168 41789188 31219944 284041917 9420437248 1369936392 148 11940224 1411671660
======================
   8      16 sdb 19409614 215144 1822801168 41789188 31221824 284041917 9421399808 1370078936 156 11941228 1411814464
======================
   8      16 sdb 19409614 215144 1822801168 41789188 31223723 284041940 9422371776 1370216560 131 11942232 1411951644
======================
   8      16 sdb 19409615 215144 1822801176 41789272 31225633 284041940 9423349192 1370352112 131 11943236 1412087092
======================
   8      16 sdb 19409615 215144 1822801176 41789272 31227554 284041957 9424331872 1370493652 130 11944240 1412228560
======================
   8      16 sdb 19409615 215144 1822801176 41789272 31229471 284041957 9425313376 1370635380 133 11945244 1412370504
======================
   8      16 sdb 19409615 215144 1822801176 41789272 31231380 284041957 9426290784 1370777300 144 11946248 1412512364
======================
   8      16 sdb 19409616 215144 1822801184 41789360 31233280 284041979 9427262752 1370905584 139 11947252 1412640608
======================
   8      16 sdb 19409616 215144 1822801184 41789360 31235180 284041996 9428234680 1371047948 128 11948256 1412783184
======================
   8      16 sdb 19409616 215144 1822801184 41789360 31237100 284041996 9429217720 1371187852 131 11949260 1412923076
======================
   8      16 sdb 19409616 215144 1822801184 41789360 31239013 284041996 9430197176 1371329912 138 11950264 1413065204
======================
   8      16 sdb 19409617 215144 1822801192 41789452 31240847 284041996 9431136184 1371464192 159 11951268 1413200136
======================
   8      16 sdb 19409617 215144 1822801192 41789452 31242828 284042019 9432150136 1371603616 138 11952268 1413338576
======================
   8      16 sdb 19409617 215144 1822801192 41789452 31244736 284042019 9433127032 1371745692 150 11953272 1413480612
======================
   8      16 sdb 19409617 215144 1822801192 41789452 31246648 284042019 9434105976 1371888260 133 11954276 1413623124
======================
   8      16 sdb 19409618 215144 1822801200 41789540 31248531 284042019 9435069568 1372027956 67 11955280 1413758124
======================
   8      16 sdb 19409618 215144 1822801200 41789540 31250428 284042034 9436039448 1372164528 134 11956284 1413899420
======================
   8      16 sdb 19409618 215144 1822801200 41789540 31252338 284042057 9437016536 1372300544 139 11957288 1414035616
======================
   8      16 sdb 19409618 215144 1822801200 41789540 31254258 284042057 9437999576 1372442744 139 11958292 1414177968
======================
   8      16 sdb 19409618 215144 1822801200 41789540 31256167 284042057 9438976984 1372584620 13 11959296 1414315548
======================
   8      16 sdb 19409619 215144 1822801208 41789624 31258077 284042074 9439954040 1372719708 128 11960296 1414454904
======================
   8      16 sdb 19409619 215144 1822801208 41789624 31259998 284042074 9440937080 1372860780 128 11961300 1414596236
======================
   8      16 sdb 19409619 215144 1822801208 41789624 31261886 284042096 9441903920 1372996620 130 11962304 1414733040
======================
   8      16 sdb 19409619 215144 1822801208 41789624 31263797 284042096 9442881840 1373140060 67 11963308 1414873896
======================
   8      16 sdb 19409620 215144 1822801216 41789720 31265686 284042112 9443848504 1373273560 132 11964312 1415008960
======================
   8      16 sdb 19409620 215144 1822801216 41789720 31267607 284042112 9444831176 1373415568 157 11965316 1415150660
======================
   8      16 sdb 19409620 215144 1822801216 41789720 31269516 284042112 9445808584 1373557720 136 11966320 1415293016
======================
   8      16 sdb 19409620 215144 1822801216 41789720 31271425 284042136 9446785680 1373694892 123 11967324 1415430072
======================
   8      16 sdb 19409621 215144 1822801224 41789808 31273343 284042153 9447767192 1373828588 147 11968328 1415564048
======================
   8      16 sdb 19409621 215144 1822801224 41789808 31275261 284042153 9448747832 1373970460 149 11969332 1415706200
======================
   8      16 sdb 19409621 215144 1822801224 41789808 31277155 284042153 9449717560 1374113228 143 11970336 1415848748
======================
   8      16 sdb 19409621 215144 1822801224 41789808 31279051 284042153 9450688312 1374254968 135 11971340 1415990508
======================
   8      16 sdb 19409622 215144 1822801232 41789888 31280954 284042175 9451662320 1374385036 142 11972344 1416120536
======================
   8      16 sdb 19409622 215144 1822801232 41789888 31282868 284042175 9452642288 1374527104 148 11973348 1416262624
======================
   8      16 sdb 19409622 215144 1822801232 41789888 31284775 284042175 9453619184 1374668716 129 11974352 1416404608
======================
   8      16 sdb 19409622 215144 1822801232 41789888 31286687 284042175 9454597616 1374811148 137 11975352 1416546340
======================
   8      16 sdb 19409623 215144 1822801240 41789972 31288586 284042190 9455568008 1374945024 149 11976356 1416680792
======================
   8      16 sdb 19409623 215144 1822801240 41789972 31290488 284042214 9456541520 1375082016 151 11977360 1416817224
======================
   8      16 sdb 19409623 215144 1822801240 41789972 31292390 284042214 9457515344 1375223844 137 11978364 1416959092
======================
   8      16 sdb 19409623 215144 1822801240 41789972 31294296 284042214 9458491216 1375365124 151 11979368 1417100780
======================
   8      16 sdb 19409624 215144 1822801248 41790056 31296214 284042231 9459471352 1375499828 141 11980372 1417235344
======================
   8      16 sdb 19409624 215144 1822801248 41790056 31298116 284042231 9460445176 1375641832 133 11981376 1417377516
======================
   8      16 sdb 19409624 215144 1822801248 41790056 31300033 284042254 9461426360 1375778768 150 11982380 1417514120
======================
   8      16 sdb 19409624 215144 1822801248 41790056 31301942 284042254 9462403768 1375920308 129 11983384 1417655984
======================
   8      16 sdb 19409625 215144 1822801256 41790140 31303851 284042270 9463379288 1376055600 157 11984384 1417790872
======================
   8      16 sdb 19409625 215144 1822801256 41790140 31305761 284042270 9464357208 1376197940 135 11985388 1417933624
======================
   8      16 sdb 19409625 215144 1822801256 41790140 31307702 284042270 9465351000 1376342928 146 11986412 1418078600
======================
   8      16 sdb 19409625 215144 1822801256 41790140 31309611 284042293 9466328088 1376480544 137 11987416 1418215664
======================
   8      16 sdb 19409626 215144 1822801264 41790228 31311537 284042310 9467313336 1376615168 145 11988420 1418351036
======================
   8      16 sdb 19409626 215144 1822801264 41790228 31313458 284042310 9468296376 1376757488 154 11989420 1418492856
======================
   8      16 sdb 19409626 215144 1822801264 41790228 31315373 284042310 9469276856 1376899720 127 11990424 1418635408
======================
   8      16 sdb 19409626 215144 1822801264 41790228 31317273 284042310 9470249656 1377041608 147 11991428 1418777088
======================
   8      16 sdb 19409627 215144 1822801272 41790304 31319186 284042333 9471228792 1377171544 133 11992432 1418907240
======================
   8      16 sdb 19409627 215144 1822801272 41790304 31321072 284042333 9472194424 1377313432 135 11993436 1419049436
======================
   8      16 sdb 19409627 215144 1822801272 41790304 31322996 284042333 9473179512 1377455240 131 11994440 1419191080
======================
   8      16 sdb 19409627 215144 1822801272 41790304 31324902 284042333 9474155384 1377596664 145 11995444 1419332844
======================
   8      16 sdb 19409628 215144 1822801280 41790392 31326824 284042349 9475137560 1377731664 139 11996448 1419468112
======================
   8      16 sdb 19409628 215144 1822801280 41790392 31328735 284042372 9476116184 1377868332 137 11997452 1419604676
======================
   8      16 sdb 19409628 215144 1822801280 41790392 31330637 284042372 9477089496 1378010220 144 11998456 1419746640
======================
   8      16 sdb 19409628 215144 1822801280 41790392 31332525 284042372 9478056152 1378152676 144 11999460 1419889196
======================
   8      16 sdb 19409629 215144 1822801288 41790480 31334447 284042388 9479038328 1378287720 143 12000460 1420024472
======================
   8      16 sdb 19409629 215144 1822801288 41790480 31336365 284042388 9480020344 1378432008 135 12001464 1420168560
======================
   8      16 sdb 19409629 215144 1822801288 41790480 31338279 284042411 9480999488 1378569064 128 12002464 1420305208
======================
   8      16 sdb 19409629 215144 1822801288 41790480 31340196 284042411 9481980992 1378712152 132 12003468 1420448332
======================
   8      16 sdb 19409630 215144 1822801296 41790568 31342110 284042411 9482960960 1378848140 152 12004472 1420584684
======================
   8      16 sdb 19409630 215144 1822801296 41790568 31344000 284042411 9483928640 1378990776 150 12005476 1420727004
======================
   8      16 sdb 19409630 215144 1822801296 41790568 31345891 284042411 9484896832 1379133428 147 12006480 1420869832
======================
   8      16 sdb 19409630 215144 1822801296 41790568 31347802 284042433 9485874432 1379270044 145 12007484 1421006448
======================
   8      16 sdb 19409631 215144 1822801304 41790648 31349714 284042433 9486853376 1379405368 144 12008484 1421141892
======================
   8      16 sdb 19409631 215144 1822801304 41790648 31351623 284042433 9487830784 1379547796 155 12009484 1421283980
======================
   8      16 sdb 19409631 215144 1822801304 41790648 31353542 284042433 9488813312 1379690732 156 12010488 1421426884
======================
   8      16 sdb 19409631 215144 1822801304 41790648 31355463 284042433 9489796864 1379833540 155 12011492 1421569788
======================
   8      16 sdb 19409632 215144 1822801312 41790740 31356431 284042513 9490285544 1379894184 0 12011992 1421625432
======================
   8      16 sdb 19409632 215144 1822801312 41790740 31356431 284042513 9490285544 1379894184 0 12011992 1421625432
======================
   8      16 sdb 19409632 215144 1822801312 41790740 31356431 284042513 9490285544 1379894184 0 12011992 1421625432
======================
   8      16 sdb 19409632 215144 1822801312 41790740 31356431 284042513 9490285544 1379894184 0 12011992 1421625432
======================
   8      16 sdb 19409632 215144 1822801312 41790740 31356431 284042513 9490285544 1379894184 0 12011992 1421625432
======================
   8      16 sdb 19409754 215144 1822802282 41791084 31356447 284042513 9490285608 1379894184 0 12011996 1421625776
started
======================
   8      16 sdb 19409754 215144 1822802282 41791084 31356448 284042513 9490285608 1379894184 0 12011996 1421625776
======================
   8      16 sdb 19409760 215144 1822802330 41791084 31356448 284042513 9490285608 1379894184 0 12011996 1421625776
======================
   8      16 sdb 19409760 215144 1822802330 41791084 31356448 284042513 9490285608 1379894184 0 12011996 1421625776
======================
   8      16 sdb 19409760 215144 1822802330 41791084 31360100 284042513 9491268648 1379901248 0 12012160 1421632824
======================
   8      16 sdb 19409760 215144 1822802330 41791084 31365064 284042513 9492623912 1380004400 140 12012984 1421738488
======================
   8      16 sdb 19409760 215144 1822802330 41791084 31368597 284042514 9493609768 1380147664 130 12013988 1421881952
======================
   8      16 sdb 19409760 215144 1822802330 41791084 31372056 284042516 9494589776 1380290164 128 12014992 1422024608
======================
   8      16 sdb 19409760 215144 1822802330 41791084 31375490 284042516 9495568472 1380431956 149 12015996 1422166432
======================
   8      16 sdb 19409760 215144 1822802330 41791084 31378872 284042516 9496552280 1380572584 137 12017000 1422307280
======================
   8      16 sdb 19409760 215144 1822802330 41791084 31382161 284042516 9497516632 1380714992 134 12018004 1422449440
======================
   8      16 sdb 19409760 215144 1822802330 41791084 31385447 284042517 9498485592 1380857244 144 12019008 1422591796
======================
   8      16 sdb 19409760 215144 1822802330 41791084 31388781 284042518 9499465840 1380998792 140 12020012 1422733604
======================
   8      16 sdb 19409760 215144 1822802330 41791084 31392065 284042518 9500444528 1381141028 152 12021012 1422875208
======================
   8      16 sdb 19409760 215144 1822802330 41791084 31395364 284042518 9501424240 1381282208 149 12022016 1423016492
======================
   8      16 sdb 19409760 215144 1822802330 41791084 31398610 284042520 9502402416 1381424048 135 12023020 1423158336
======================
   8      16 sdb 19409760 215144 1822802330 41791084 31401879 284042520 9503386992 1381565912 130 12024024 1423300360
======================
   8      16 sdb 19409760 215144 1822802330 41791084 31405108 284042521 9504357512 1381707908 135 12025028 1423442516
======================
   8      16 sdb 19409760 215144 1822802330 41791084 31408320 284042521 9505329288 1381849704 155 12026028 1423583856
======================
   8      16 sdb 19409760 215144 1822802330 41791084 31411634 284042521 9506312584 1381991784 137 12027032 1423725792
======================
   8      16 sdb 19409760 215144 1822802330 41791084 31414923 284042522 9507291016 1382133920 144 12028036 1423868200
======================
   8      16 sdb 19409760 215144 1822802330 41791084 31418207 284042522 9508273800 1382275768 151 12029036 1424009828
======================
   8      16 sdb 19409760 215144 1822802330 41791084 31421470 284042524 9509252768 1382417284 143 12030040 1424152332
======================
   8      16 sdb 19409760 215144 1822802330 41791084 31424759 284042524 9510236832 1382560644 134 12031044 1424294836
======================
   8      16 sdb 19409760 215144 1822802330 41791084 31427980 284042524 9511203744 1382703008 145 12032048 1424437412
======================
   8      16 sdb 19409760 215144 1822802330 41791084 31431192 284042524 9512173728 1382845400 133 12033048 1424579120
======================
   8      16 sdb 19409760 215144 1822802330 41791084 31434375 284042525 9513142688 1382986404 150 12034052 1424720724
======================
   8      16 sdb 19409760 215144 1822802330 41791084 31437614 284042526 9514118584 1383128240 145 12035056 1424862684
======================
   8      16 sdb 19409760 215144 1822802330 41791084 31440887 284042526 9515101112 1383270276 136 12036056 1425004168
======================
   8      16 sdb 19409760 215144 1822802330 41791084 31444153 284042528 9516077496 1383412352 134 12037060 1425146480
======================
   8      16 sdb 19409760 215144 1822802330 41791084 31447445 284042529 9517064120 1383554432 145 12038064 1425288500
======================
   8      16 sdb 19409760 215144 1822802330 41791084 31450706 284042529 9518044600 1383696620 148 12039064 1425430560
======================
   8      16 sdb 19409760 215144 1822802330 41791084 31453952 284042531 9519015632 1383838924 136 12040068 1425572840
======================
   8      16 sdb 19409760 215144 1822802330 41791084 31457185 284042531 9519990480 1383981172 135 12041072 1425715984
======================
   8      16 sdb 19409760 215144 1822802330 41791084 31460416 284042531 9520957648 1384123648 136 12042072 1425857820
======================
   8      16 sdb 19409760 215144 1822802330 41791084 31463678 284042533 9521935784 1384263260 138 12043076 1425999840
======================
   8      16 sdb 19409760 215144 1822802330 41791084 31466990 284042535 9522928808 1384407500 154 12044080 1426142076
======================
   8      16 sdb 19409760 215144 1822802330 41791084 31470306 284042538 9523912128 1384549620 136 12045084 1426284520
======================
   8      16 sdb 19409760 215144 1822802330 41791084 31473571 284042540 9524889536 1384691800 135 12046084 1426426296
======================
   8      16 sdb 19409760 215144 1822802330 41791084 31476773 284042542 9525854912 1384833848 133 12047088 1426568520
======================
   8      16 sdb 19409760 215144 1822802330 41791084 31480041 284042544 9526835904 1384974228 129 12048092 1426710428
======================
   8      16 sdb 19409760 215144 1822802330 41791084 31483294 284042546 9527811520 1385118212 140 12049092 1426852588
======================
   8      16 sdb 19409760 215144 1822802330 41791084 31486527 284042549 9528790488 1385260328 141 12050096 1426994884
======================
   8      16 sdb 19409760 215144 1822802330 41791084 31489789 284042550 9529769432 1385402124 143 12051100 1427137208
======================
   8      16 sdb 19409760 215144 1822802330 41791084 31493055 284042553 9530755288 1385547452 141 12052104 1427282256
======================
   8      16 sdb 19409760 215144 1822802330 41791084 31496268 284042554 9531723224 1385689668 128 12053108 1427425016
======================
   8      16 sdb 19409760 215144 1822802330 41791084 31499565 284042555 9532709848 1385832836 134 12054112 1427567476
======================
   8      16 sdb 19409760 215144 1822802330 41791084 31502776 284042558 9533680368 1385975272 150 12055112 1427709532
======================
   8      16 sdb 19409760 215144 1822802330 41791084 31506032 284042560 9534646768 1386117360 140 12056116 1427851636
======================
   8      16 sdb 19409760 215144 1822802330 41791084 31509285 284042562 9535625968 1386259192 137 12057120 1427994104
======================
   8      16 sdb 19409760 215144 1822802330 41791084 31512514 284042564 9536592624 1386400292 140 12058120 1428136088
======================
   8      16 sdb 19409760 215144 1822802330 41791084 31515806 284042566 9537583344 1386543460 144 12059124 1428278308
======================
   8      16 sdb 19409760 215144 1822802330 41791084 31519046 284042569 9538552840 1386685800 138 12060128 1428420964
======================
   8      16 sdb 19409760 215144 1822802330 41791084 31522331 284042571 9539541000 1386829832 149 12061136 1428564084
======================
   8      16 sdb 19409760 215144 1822802330 41791084 31525591 284042572 9540524296 1386971576 153 12062140 1428706196
======================
   8      16 sdb 19409760 215144 1822802330 41791084 31528806 284042574 9541491464 1387113788 138 12063144 1428848164
======================
   8      16 sdb 19409760 215144 1822802330 41791084 31532005 284042576 9542457864 1387255740 139 12064148 1428990220
======================
   8      16 sdb 19409760 215144 1822802330 41791084 31535324 284042579 9543450952 1387397824 150 12065152 1429132388
======================
   8      16 sdb 19409760 215144 1822802330 41791084 31538604 284042580 9544434760 1387540060 134 12066156 1429274344
======================
   8      16 sdb 19409760 215144 1822802330 41791084 31541848 284042580 9545406024 1387681284 154 12067156 1429416492
======================
   8      16 sdb 19409760 215144 1822802330 41791084 31545129 284042580 9546387016 1387824404 137 12068160 1429558860
======================
   8      16 sdb 19409760 215144 1822802330 41791084 31548382 284042581 9547354184 1387966560 148 12069164 1429700896
======================
   8      16 sdb 19409760 215144 1822802330 41791084 31551661 284042582 9548330848 1388107248 135 12070168 1429842464
======================
   8      16 sdb 19409760 215144 1822802330 41791084 31554965 284042583 9549317472 1388250096 128 12071172 1429984580
