======================
   8      32 sdc 655874 8374 177828328 13696300 6531247 177625910 3326953760 1849707612 2 12781924 1864073280
======================
   8      32 sdc 657186 8374 178154680 13698200 6531247 177625910 3326953760 1849707612 2 12782924 1864075176
======================
   8      32 sdc 658519 8375 178483768 13700056 6531247 177625910 3326953760 1849707612 2 12783928 1864077032
======================
   8      32 sdc 659878 8375 178814744 13701964 6531247 177625910 3326953760 1849707612 2 12784932 1864078940
======================
   8      32 sdc 660870 8393 179053480 13704012 6531775 177625910 3327224096 1849773240 146 12785936 1864156780
======================
   8      32 sdc 661813 8415 179288376 13705484 6532689 177625931 3327691224 1849896504 160 12786940 1864309988
======================
   8      32 sdc 662171 8427 179380720 13706832 6533110 177625936 3327902768 1850052564 155 12787940 1864460012
======================
   8      32 sdc 662390 8436 179437224 13708084 6533446 177625936 3328072800 1850194328 140 12788944 1864605352
======================
   8      32 sdc 662570 8446 179485080 13709516 6533831 177625936 3328269920 1850349276 138 12789948 1864751556
======================
   8      32 sdc 662667 8449 179509624 13710016 6533927 177625936 3328319072 1850391184 138 12790952 1864890276
======================
   8      32 sdc 662667 8449 179509624 13710016 6533927 177625936 3328319072 1850391184 138 12791956 1865028828
======================
   8      32 sdc 662672 8450 179511160 13712380 6533938 177625945 3328324704 1850422040 141 12792960 1865168172
======================
   8      32 sdc 662848 8458 179557456 13714028 6534278 177625945 3328498352 1850898736 154 12793964 1865313680
======================
   8      32 sdc 663022 8468 179601656 13715552 6534635 177625945 3328681136 1851038392 149 12794972 1865459560
======================
   8      32 sdc 663287 8478 179667824 13716912 6535008 177625945 3328872112 1851182196 160 12795976 1865604744
======================
   8      32 sdc 663726 8492 179780624 13718220 6535519 177625945 3329133744 1851346864 160 12796980 1865755180
======================
   8      32 sdc 664072 8507 179869600 13719644 6536053 177625945 3329407152 1851500112 138 12797984 1865905232
======================
   8      32 sdc 664479 8522 179972616 13721180 6536590 177625945 3329682096 1851641400 145 12798988 1866045100
======================
   8      32 sdc 664888 8535 180076680 13722560 6537070 177625945 3329927856 1851771956 146 12799992 1866182980
======================
   8      32 sdc 665265 8550 180170968 13724072 6537624 177625945 3330211504 1851917464 135 12800996 1866324968
======================
   8      32 sdc 665511 8561 180234904 13725424 6538028 177625945 3330418352 1852055632 147 12802000 1866467132
======================
   8      32 sdc 665757 8570 180297008 13726768 6538353 177625945 3330584752 1852176936 142 12803004 1866608148
======================
   8      32 sdc 665853 8580 180322584 13728352 6538744 177625945 3330784944 1852324064 135 12804008 1866750700
======================
   8      32 sdc 666067 8590 180377288 13729900 6539128 177625945 3330981552 1852476920 135 12805012 1866895944
======================
   8      32 sdc 666272 8600 180430480 13731240 6539474 177625945 3331158704 1852617012 141 12806016 1867041136
======================
   8      32 sdc 666436 8610 180471856 13732616 6539862 177625945 3331357360 1852759664 137 12807020 1867189320
======================
   8      32 sdc 666618 8617 180517864 13733812 6540118 177625945 3331488432 1852895000 137 12808024 1867333772
======================
   8      32 sdc 666843 8626 180576440 13735108 6540438 177625945 3331652272 1853040876 137 12809032 1867479436
======================
   8      32 sdc 666965 8634 180609184 13736720 6540746 177625945 3331809968 1853168488 150 12810036 1867623848
======================
   8      32 sdc 667182 8645 180664392 13738108 6541162 177625945 3332022960 1853331108 149 12811036 1867763924
======================
   8      32 sdc 667393 8654 180719128 13739328 6541482 177625945 3332186800 1853469892 149 12812040 1867906588
======================
   8      32 sdc 667637 8663 180782296 13740640 6541802 177625945 3332350640 1853599636 150 12813044 1868051340
======================
   8      32 sdc 667888 8672 180845952 13741912 6542138 177625945 3332522672 1853744112 134 12814048 1868191432
======================
   8      32 sdc 668088 8682 180896808 13743240 6542506 177625945 3332711088 1853894932 150 12815052 1868336172
======================
   8      32 sdc 668254 8691 180939232 13745028 6542853 177625945 3332888752 1854037484 154 12816056 1868481936
======================
   8      32 sdc 668516 8700 181004920 13746280 6543167 177625945 3333049520 1854176900 160 12817056 1868631004
======================
   8      32 sdc 668705 8708 181054288 13747520 6543455 177625945 3333196976 1854315876 161 12818060 1868782512
======================
   8      32 sdc 668968 8719 181121264 13749088 6543849 177625945 3333398704 1854474816 152 12819064 1868926404
======================
   8      32 sdc 669249 8729 181191776 13750376 6544217 177625945 3333587120 1854627236 134 12820068 1869070020
======================
   8      32 sdc 669398 8737 181229856 13751632 6544522 177625945 3333743280 1854759348 149 12821072 1869207908
======================
   8      32 sdc 669695 8747 181305016 13752964 6544874 177625945 3333923504 1854901208 149 12822076 1869352280
======================
   8      32 sdc 670007 8757 181384272 13754308 6545225 177625945 3334103216 1855044356 147 12823080 1869493560
======================
   8      32 sdc 670236 8766 181442552 13755572 6545562 177625945 3334275760 1855183144 133 12824084 1869634196
======================
   8      32 sdc 670433 8775 181493704 13756920 6545898 177625945 3334447792 1855321896 149 12825084 1869772168
======================
   8      32 sdc 670708 8784 181562184 13758288 6546198 177625945 3334601392 1855458496 138 12826088 1869914788
======================
   8      32 sdc 670919 8792 181615864 13759796 6546521 177625945 3334766768 1855599032 134 12827092 1870062184
======================
   8      32 sdc 671093 8801 181660592 13761096 6546857 177625945 3334938800 1855742460 150 12828096 1870207616
======================
   8      32 sdc 671335 8811 181721928 13762496 6547214 177625945 3335121584 1855895048 145 12829100 1870345508
======================
   8      32 sdc 671635 8819 181796544 13763780 6547502 177625945 3335269040 1856016848 147 12830104 1870484448
======================
   8      32 sdc 671860 8830 181853512 13765184 6547869 177625945 3335456944 1856165284 131 12831108 1870628720
======================
   8      32 sdc 672036 8839 181897704 13766540 6548205 177625945 3335628976 1856313248 146 12832112 1870771664
======================
   8      32 sdc 672377 8848 181984128 13767768 6548541 177625945 3335801008 1856447520 130 12833116 1870910656
======================
   8      32 sdc 672624 8856 182045704 13769064 6548829 177625945 3335948464 1856573592 131 12834116 1871048404
======================
   8      32 sdc 672874 8866 182109632 13770316 6549197 177625945 3336136880 1856726808 146 12835120 1871188584
======================
   8      32 sdc 673211 8875 182194480 13771628 6549507 177625945 3336295600 1856854720 156 12836124 1871328800
======================
   8      32 sdc 673479 8884 182262752 13772916 6549843 177625945 3336467632 1856990376 141 12837128 1871477036
======================
   8      32 sdc 673748 8894 182330488 13774140 6550211 177625945 3336656048 1857156452 156 12838128 1871622876
======================
   8      32 sdc 674039 8903 182404384 13775396 6550531 177625945 3336819888 1857311388 156 12839132 1871773860
======================
   8      32 sdc 674180 8913 182441456 13776988 6550893 177625945 3337005232 1857448616 146 12840136 1871921556
======================
   8      32 sdc 674349 8923 182485960 13778384 6551266 177625945 3337196208 1857597968 157 12841140 1872063480
======================
   8      32 sdc 674517 8931 182530000 13779700 6551554 177625945 3337343664 1857725216 158 12842144 1872212052
======================
   8      32 sdc 674725 8939 182582856 13781068 6551890 177625945 3337515696 1857869372 142 12843144 1872360088
======================
   8      32 sdc 674992 8948 182650352 13782272 6552210 177625945 3337679536 1858032676 141 12844148 1872511940
======================
   8      32 sdc 675297 8957 182727552 13783552 6552530 177625945 3337843376 1858169336 142 12845152 1872660264
======================
   8      32 sdc 675525 8966 182785312 13784804 6552866 177625945 3338015408 1858316336 157 12846156 1872809392
======================
   8      32 sdc 675757 8976 182844368 13786108 6553218 177625945 3338195632 1858470252 157 12847160 1872961540
======================
   8      32 sdc 675966 8985 182898064 13787484 6553543 177625945 3338362032 1858622244 152 12848164 1873102852
======================
   8      32 sdc 676145 8993 182943312 13788716 6553831 177625945 3338509488 1858763512 152 12849168 1873248364
======================
   8      32 sdc 676415 9003 183012872 13790032 6554183 177625945 3338689712 1858901728 152 12850172 1873394068
======================
   8      32 sdc 676609 9012 183062464 13791512 6554492 177625945 3338847920 1859047328 131 12851176 1873536516
======================
   8      32 sdc 676876 9021 183129960 13792748 6554839 177625945 3339025584 1859186272 136 12852176 1873679676
======================
   8      32 sdc 677134 9030 183194872 13794164 6555159 177625945 3339189424 1859327148 136 12853180 1873822268
======================
   8      32 sdc 677402 9039 183262864 13795444 6555485 177625945 3339356336 1859466664 130 12854184 1873967948
======================
   8      32 sdc 677638 9047 183323744 13796720 6555773 177625945 3339503792 1859593888 131 12855188 1874105860
======================
   8      32 sdc 677957 9057 183404280 13797944 6556141 177625945 3339692208 1859744296 146 12856192 1874243704
======================
   8      32 sdc 678279 9066 183486616 13799348 6556461 177625945 3339856048 1859877632 147 12857196 1874385492
======================
   8      32 sdc 678540 9076 183553880 13800600 6556829 177625945 3340044464 1860024180 130 12858200 1874520580
======================
   8      32 sdc 678787 9086 183616248 13801840 6557197 177625945 3340232880 1860160384 146 12859200 1874659344
======================
   8      32 sdc 679111 9095 183697792 13803248 6557522 177625945 3340399280 1860287492 142 12860204 1874796756
======================
   8      32 sdc 679409 9103 183772960 13804560 6557842 177625945 3340563120 1860429816 142 12861208 1874944136
======================
   8      32 sdc 679775 9113 183864464 13805872 6558210 177625945 3340751536 1860590384 157 12862212 1875092176
======================
   8      32 sdc 680096 9122 183945232 13807196 6558530 177625945 3340915376 1860732960 157 12863216 1875242796
======================
   8      32 sdc 680360 9132 184012208 13808812 6558885 177625945 3341097136 1860887268 154 12864216 1875390960
======================
   8      32 sdc 680597 9140 184070688 13810156 6559174 177625945 3341245104 1861014448 153 12865220 1875536568
======================
   8      32 sdc 680798 9150 184122600 13811464 6559530 177625945 3341427376 1861174064 149 12866224 1875679544
======================
   8      32 sdc 681041 9159 184185264 13812732 6559828 177625945 3341579952 1861312668 140 12867228 1875820364
======================
   8      32 sdc 681265 9168 184243064 13813888 6560170 177625945 3341755056 1861442392 160 12868232 1875969560
======================
   8      32 sdc 681530 9178 184311088 13815252 6560525 177625945 3341936816 1861604956 157 12869232 1876116736
======================
   8      32 sdc 681710 9186 184355768 13816556 6560804 177625945 3342079664 1861730028 135 12870236 1876262648
======================
   8      32 sdc 681946 9196 184415848 13817792 6561172 177625945 3342268080 1861890560 150 12871240 1876405948
======================
   8      32 sdc 682207 9205 184482864 13819340 6561493 177625945 3342432432 1862034136 138 12872244 1876548364
======================
   8      32 sdc 682455 9214 184544408 13820864 6561791 177625945 3342585008 1862161112 161 12873248 1876698832
======================
   8      32 sdc 682619 9224 184586584 13822324 6562175 177625945 3342781616 1862335860 160 12874248 1876850328
======================
   8      32 sdc 682822 9234 184637944 13823740 6562559 177625945 3342978224 1862481772 160 12875252 1877000352
======================
   8      32 sdc 683093 9243 184705928 13825188 6562865 177625945 3343134896 1862627384 142 12876256 1877152820
======================
   8      32 sdc 683378 9252 184778544 13826532 6563174 177625945 3343293104 1862766528 154 12877260 1877305284
======================
   8      32 sdc 683571 9262 184828920 13827884 6563547 177625945 3343484080 1862925212 133 12878264 1877447116
======================
   8      32 sdc 683732 9271 184870072 13829188 6563867 177625945 3343647920 1863054936 132 12879268 1877586616
======================
   8      32 sdc 683937 9281 184922208 13830736 6564244 177625945 3343840944 1863209772 140 12880272 1877737400
======================
   8      32 sdc 684175 9290 184981744 13832204 6564544 177625945 3343994544 1863346796 160 12881276 1877888828
======================
   8      32 sdc 684406 9300 185038936 13833552 6564912 177625945 3344182960 1863503928 143 12882280 1878039452
======================
   8      32 sdc 684621 9309 185093360 13834888 6565238 177625945 3344349872 1863644564 137 12883284 1878185152
======================
   8      32 sdc 684862 9318 185152864 13836352 6565547 177625945 3344508080 1863784544 149 12884284 1878333188
======================
   8      32 sdc 685110 9327 185215488 13837836 6565887 177625945 3344682160 1863927400 161 12885288 1878478448
======================
   8      32 sdc 685374 9336 185281936 13839084 6566207 177625945 3344846000 1864076900 161 12886292 1878633292
======================
   8      32 sdc 685674 9345 185357608 13840508 6566543 177625945 3345018032 1864243240 144 12887296 1878784184
======================
   8      32 sdc 685956 9354 185429184 13841868 6566892 177625945 3345196720 1864379832 147 12888300 1878931360
======================
   8      32 sdc 686280 9363 185512048 13843148 6567212 177625945 3345360560 1864525860 147 12889304 1879071692
======================
   8      32 sdc 686341 9364 185527912 13843404 6568419 177625945 3345978544 1864625600 156 12890304 1879221096
======================
   8      32 sdc 686357 9364 185528040 13844852 6568439 177625945 3345988784 1864657912 136 12891308 1879377712
======================
   8      32 sdc 686495 9364 185529144 13845820 6568803 177625945 3346175152 1864983548 156 12892312 1879525580
======================
   8      32 sdc 686657 9364 185530440 13846848 6569107 177625945 3346330800 1865114412 141 12893316 1879673860
======================
   8      32 sdc 686778 9364 185531408 13848148 6569516 177626716 3346526216 1865229572 155 12894320 1879786220
======================
   8      32 sdc 686825 9364 185531784 13848640 6570943 177626716 3347256840 1865395688 135 12895324 1879931892
======================
   8      32 sdc 686825 9364 185531784 13848640 6571619 177626716 3347602952 1865539392 131 12896328 1880075560
======================
   8      32 sdc 686825 9364 185531784 13848640 6572251 177626716 3347926536 1865676068 139 12897328 1880218540
======================
   8      32 sdc 686825 9364 185531784 13848640 6572911 177626716 3348264456 1865824704 151 12898332 1880362004
======================
   8      32 sdc 686825 9364 185531784 13848640 6573528 177626894 3348580272 1865963380 137 12899336 1880502068
======================
   8      32 sdc 686825 9364 185531784 13848640 6574214 177626894 3348931504 1866109608 155 12900340 1880645508
======================
   8      32 sdc 686825 9364 185531784 13848640 6574873 177626894 3349268912 1866252376 136 12901344 1880789348
======================
   8      32 sdc 686825 9364 185531784 13848640 6575515 177626894 3349597616 1866396104 134 12902348 1880933104
======================
   8      32 sdc 686825 9364 185531784 13848640 6576169 177626894 3349932464 1866540424 152 12903352 1881076976
======================
   8      32 sdc 686825 9364 185531784 13848640 6576802 177626894 3350256560 1866688704 135 12904356 1881222528
======================
   8      32 sdc 686826 9364 185531792 13848824 6577460 177626894 3350593456 1866814788 140 12905356 1881351548
======================
   8      32 sdc 686826 9364 185531792 13848824 6578101 177626894 3350921648 1866957856 139 12906360 1881494936
======================
   8      32 sdc 686826 9364 185531792 13848824 6578738 177626894 3351247792 1867101424 142 12907364 1881638512
======================
   8      32 sdc 686826 9364 185531792 13848824 6579384 177626894 3351578544 1867245096 136 12908368 1881781364
======================
   8      32 sdc 686826 9364 185531792 13848824 6579996 177626894 3351891888 1867380076 132 12909392 1881926324
======================
   8      32 sdc 686826 9364 185531792 13848824 6580640 177626894 3352221616 1867527412 128 12910396 1882067664
======================
   8      32 sdc 686826 9364 185531792 13848824 6581337 177626894 3352578480 1867674568 135 12911396 1882210532
======================
   8      32 sdc 686826 9364 185531792 13848824 6582014 177626894 3352925104 1867817912 130 12912400 1882353660
======================
   8      32 sdc 686826 9364 185531792 13848824 6582657 177626894 3353254320 1867959848 127 12913404 1882496860
======================
   8      32 sdc 686826 9364 185531792 13848824 6583287 177626894 3353576880 1868104036 137 12914420 1882642048
======================
   8      32 sdc 686826 9364 185531792 13848824 6583967 177626894 3353925040 1868249128 129 12915424 1882785416
======================
   8      32 sdc 686826 9364 185531792 13848824 6584629 177626894 3354263984 1868387744 21 12916428 1882912736
======================
   8      32 sdc 686827 9364 185531800 13849028 6585269 177626894 3354591664 1868514480 140 12917428 1883051572
======================
   8      32 sdc 686827 9364 185531800 13849028 6585922 177626894 3354926000 1868657948 127 12918432 1883195076
======================
   8      32 sdc 686827 9364 185531800 13849028 6586544 177626894 3355244464 1868800820 145 12919436 1883338956
======================
   8      32 sdc 686827 9364 185531800 13849028 6587136 177626894 3355547568 1868940996 129 12920440 1883480508
======================
   8      32 sdc 686827 9364 185531800 13849028 6587775 177626894 3355874736 1869077640 130 12921444 1883625216
======================
   8      32 sdc 686827 9364 185531800 13849028 6588408 177626894 3356198832 1869217340 137 12922444 1883770248
======================
   8      32 sdc 686827 9364 185531800 13849028 6589146 177626894 3356576688 1869377220 135 12923448 1883913776
======================
   8      32 sdc 686827 9364 185531800 13849028 6589798 177626894 3356910512 1869519824 155 12924452 1884057168
======================
   8      32 sdc 686827 9364 185531800 13849028 6590284 177626894 3357159344 1869638608 149 12925456 1884201892
======================
   8      32 sdc 686827 9364 185531800 13849028 6591083 177626894 3357568432 1869807968 150 12926460 1884345332
======================
   8      32 sdc 686827 9364 185531800 13849028 6591725 177626894 3357897136 1869951576 149 12927460 1884488552
======================
   8      32 sdc 686827 9364 185531800 13849028 6592278 177626894 3358180272 1870072116 20 12928464 1884600580
======================
   8      32 sdc 686828 9364 185531808 13849408 6593016 177626894 3358558128 1870201332 140 12929472 1884739300
======================
   8      32 sdc 686828 9364 185531808 13849408 6593659 177626894 3358887344 1870352640 140 12930472 1884889124
======================
   8      32 sdc 686828 9364 185531808 13849408 6594311 177626894 3359221168 1870496880 128 12931476 1885033236
======================
   8      32 sdc 686828 9364 185531808 13849408 6594953 177626894 3359549872 1870638900 152 12932480 1885176632
======================
   8      32 sdc 686828 9364 185531808 13849408 6595577 177626894 3359869360 1870782120 142 12933484 1885320280
======================
   8      32 sdc 686828 9364 185531808 13849408 6596224 177626894 3360200624 1870926652 135 12934488 1885463580
======================
   8      32 sdc 686828 9364 185531808 13849408 6596901 177626894 3360547248 1871070136 130 12935492 1885606928
======================
   8      32 sdc 686828 9364 185531808 13849408 6597577 177626894 3360893360 1871212976 158 12936496 1885748320
======================
   8      32 sdc 686828 9364 185531808 13849408 6598241 177626894 3361233328 1871353872 134 12937496 1885891488
======================
   8      32 sdc 686828 9364 185531808 13849408 6598866 177626894 3361553328 1871496804 149 12938500 1886034408
======================
   8      32 sdc 686828 9364 185531808 13849408 6599503 177626894 3361879472 1871641324 152 12939512 1886179060
======================
   8      32 sdc 686829 9364 185531816 13849624 6600158 177626894 3362214832 1871766432 136 12940516 1886304388
======================
   8      32 sdc 686829 9364 185531816 13849624 6600817 177626894 3362552240 1871909224 149 12941524 1886448440
======================
   8      32 sdc 686829 9364 185531816 13849624 6601442 177626894 3362872240 1872056516 132 12942524 1886592564
======================
   8      32 sdc 686829 9364 185531816 13849624 6602112 177626894 3363215280 1872196964 134 12943528 1886735060
======================
   8      32 sdc 686829 9364 185531816 13849624 6602743 177626894 3363538352 1872339108 143 12944532 1886878492
======================
   8      32 sdc 686829 9364 185531816 13849624 6603387 177626894 3363868080 1872482972 139 12945536 1887021992
======================
   8      32 sdc 686829 9364 185531816 13849624 6604029 177626894 3364196784 1872626676 137 12946540 1887165696
======================
   8      32 sdc 686829 9364 185531816 13849624 6604674 177626894 3364527024 1872770992 132 12947544 1887309300
======================
   8      32 sdc 686829 9364 185531816 13849624 6605298 177626894 3364846512 1872911436 148 12948548 1887452424
======================
   8      32 sdc 686829 9364 185531816 13849624 6605972 177626894 3365191600 1873056648 146 12949552 1887596264
======================
   8      32 sdc 686829 9364 185531816 13849624 6606615 177626894 3365520816 1873200548 143 12950552 1887739408
======================
   8      32 sdc 686829 9364 185531816 13849624 6607274 177626894 3365858224 1873344836 156 12951556 1887882820
======================
   8      32 sdc 686830 9364 185531824 13849824 6607939 177626894 3366198704 1873471628 134 12952560 1888009916
======================
   8      32 sdc 686830 9364 185531824 13849824 6608575 177626894 3366524336 1873614120 138 12953564 1888153728
======================
   8      32 sdc 686830 9364 185531824 13849824 6609189 177626894 3366838704 1873758360 132 12954572 1888295548
======================
   8      32 sdc 686830 9364 185531824 13849824 6609831 177626894 3367167408 1873898224 130 12955576 1888437228
======================
   8      32 sdc 686830 9364 185531824 13849824 6610490 177626894 3367504816 1874041744 143 12956580 1888580956
======================
   8      32 sdc 686830 9364 185531824 13849824 6611152 177626894 3367844272 1874184116 153 12957584 1888724756
======================
   8      32 sdc 686830 9364 185531824 13849824 6611777 177626894 3368163760 1874327836 136 12958588 1888868320
======================
   8      32 sdc 686830 9364 185531824 13849824 6612363 177626894 3368463792 1874460220 158 12959608 1889015792
======================
   8      32 sdc 686830 9364 185531824 13849824 6613111 177626894 3368846768 1874621368 146 12960612 1889160412
======================
   8      32 sdc 686830 9364 185531824 13849824 6613757 177626894 3369177520 1874765468 140 12961620 1889305468
======================
   8      32 sdc 686830 9364 185531824 13849824 6614399 177626894 3369506224 1874908388 138 12962624 1889448928
======================
   8      32 sdc 686830 9364 185531824 13849824 6615062 177626894 3369845680 1875053496 147 12963628 1889593520
======================
   8      32 sdc 686831 9364 185531832 13850044 6615701 177626894 3370172848 1875184044 149 12964636 1889725772
======================
   8      32 sdc 686831 9364 185531832 13850044 6616346 177626894 3370503088 1875328728 144 12965636 1889869252
======================
   8      32 sdc 686831 9364 185531832 13850044 6616988 177626894 3370831792 1875472668 142 12966640 1890013184
======================
   8      32 sdc 686831 9364 185531832 13850044 6617627 177626894 3371158960 1875620872 143 12967644 1890158792
======================
   8      32 sdc 686831 9364 185531832 13850044 6618274 177626894 3371490224 1875762268 136 12968648 1890302344
======================
   8      32 sdc 686831 9364 185531832 13850044 6618926 177626894 3371824048 1875905096 156 12969652 1890445848
======================
   8      32 sdc 686831 9364 185531832 13850044 6619569 177626894 3372153264 1876054080 153 12970656 1890594712
======================
   8      32 sdc 686831 9364 185531832 13850044 6620224 177626894 3372488624 1876198104 138 12971656 1890737788
======================
   8      32 sdc 686831 9364 185531832 13850044 6620877 177626894 3372822960 1876340192 157 12972664 1890881268
======================
   8      32 sdc 686831 9364 185531832 13850044 6621502 177626894 3373142960 1876484576 140 12973668 1891025884
======================
   8      32 sdc 686831 9364 185531832 13850044 6622155 177626894 3373477296 1876629316 159 12974668 1891168912
======================
   8      32 sdc 686831 9364 185531832 13850044 6622832 177626894 3373823920 1876773200 154 12975672 1891312928
======================
   8      32 sdc 686832 9364 185531840 13850260 6623486 177626894 3374158768 1876904568 140 12976676 1891444644
======================
   8      32 sdc 686832 9364 185531840 13850260 6624151 177626894 3374499248 1877047224 147 12977680 1891588364
======================
   8      32 sdc 686832 9364 185531840 13850260 6624769 177626894 3374815664 1877194180 137 12978684 1891732612
======================
   8      32 sdc 686832 9364 185531840 13850260 6625417 177626894 3375147440 1877336172 129 12979688 1891876336
======================
   8      32 sdc 686832 9364 185531840 13850260 6626057 177626894 3375475120 1877479176 129 12980688 1892019420
======================
   8      32 sdc 686832 9364 185531840 13850260 6626700 177626894 3375804336 1877622964 158 12981696 1892163704
======================
   8      32 sdc 686832 9364 185531840 13850260 6627355 177626894 3376139696 1877766876 143 12982700 1892307568
======================
   8      32 sdc 686832 9364 185531840 13850260 6628020 177626894 3376480176 1877912348 150 12983704 1892452428
======================
   8      32 sdc 686832 9364 185531840 13850260 6628663 177626894 3376809392 1878056456 147 12984704 1892596432
======================
   8      32 sdc 686832 9364 185531840 13850260 6629307 177626894 3377139120 1878200932 143 12985708 1892741752
======================
   8      32 sdc 686832 9364 185531840 13850260 6629951 177626894 3377468848 1878344996 139 12986712 1892885576
======================
   8      32 sdc 686832 9364 185531840 13850260 6630608 177626894 3377805232 1878488620 90 12987716 1893027236
======================
   8      32 sdc 686833 9364 185531848 13850488 6631241 177626894 3378129328 1878620388 129 12988720 1893160328
======================
   8      32 sdc 686833 9364 185531848 13850488 6631884 177626894 3378458544 1878762108 158 12989724 1893304072
======================
   8      32 sdc 686833 9364 185531848 13850488 6632541 177626894 3378794928 1878906504 141 12990724 1893445212
======================
   8      32 sdc 686833 9364 185531848 13850488 6633199 177626894 3379131824 1879047248 155 12991728 1893588948
======================
   8      32 sdc 686833 9364 185531848 13850488 6633817 177626894 3379448240 1879191224 145 12992732 1893732904
======================
   8      32 sdc 686833 9364 185531848 13850488 6634435 177626894 3379764656 1879335496 135 12993736 1893876584
======================
   8      32 sdc 686833 9364 185531848 13850488 6635090 177626894 3380100016 1879478968 152 12994740 1894020240
======================
   8      32 sdc 686833 9364 185531848 13850488 6635654 177626894 3380388784 1879603124 132 12995740 1894163176
======================
   8      32 sdc 686833 9364 185531848 13850488 6636390 177626894 3380765616 1879762704 132 12996744 1894304460
======================
   8      32 sdc 686833 9364 185531848 13850488 6637043 177626894 3381099952 1879906688 151 12997748 1894448208
======================
   8      32 sdc 686833 9364 185531848 13850488 6637679 177626894 3381425584 1880050240 155 12998752 1894591800
======================
   8      32 sdc 686833 9364 185531848 13850488 6638304 177626894 3381745584 1880190600 42 12999756 1894725672
======================
   8      32 sdc 686834 9364 185531856 13850704 6638940 177626894 3382071216 1880325392 142 13000760 1894868244
======================
   8      32 sdc 686834 9364 185531856 13850704 6639552 177626894 3382384560 1880472276 138 13001764 1895013452
======================
   8      32 sdc 686834 9364 185531856 13850704 6640214 177626894 3382723504 1880615104 148 13002768 1895157064
======================
   8      32 sdc 686834 9364 185531856 13850704 6640797 177626894 3383022000 1880743756 141 13003772 1895298800
======================
   8      32 sdc 686834 9364 185531856 13850704 6641365 177626894 3383312816 1880898740 149 13004776 1895442316
======================
   8      32 sdc 686834 9364 185531856 13850704 6642011 177626894 3383643568 1881044612 143 13005784 1895585936
======================
   8      32 sdc 686834 9364 185531856 13850704 6642677 177626894 3383984560 1881186848 149 13006788 1895729616
======================
   8      32 sdc 686834 9364 185531856 13850704 6643310 177626894 3384308656 1881329724 156 13007792 1895873504
======================
   8      32 sdc 686834 9364 185531856 13850704 6643925 177626894 3384623536 1881473272 149 13008796 1896017400
======================
   8      32 sdc 686834 9364 185531856 13850704 6644573 177626894 3384955312 1881617716 141 13009796 1896161260
======================
   8      32 sdc 686834 9364 185531856 13850704 6645190 177626894 3385271216 1881751164 132 13010800 1896304588
======================
   8      32 sdc 686834 9364 185531856 13850704 6645916 177626894 3385642928 1881905276 110 13011804 1896446836
======================
   8      32 sdc 686835 9364 185531864 13850928 6646543 177626894 3385963952 1882034404 146 13012808 1896578272
======================
   8      32 sdc 686835 9364 185531864 13850928 6647157 177626894 3386278320 1882177568 153 13013808 1896721484
======================
   8      32 sdc 686835 9364 185531864 13850928 6647789 177626894 3386601904 1882330408 145 13014812 1896874092
======================
   8      32 sdc 686835 9364 185531864 13850928 6648443 177626894 3386936752 1882476048 131 13015816 1897016296
======================
   8      32 sdc 686835 9364 185531864 13850928 6649080 177626894 3387262896 1882616456 134 13016816 1897159148
======================
   8      32 sdc 686835 9364 185531864 13850928 6649735 177626894 3387598256 1882760292 151 13017824 1897303280
======================
   8      32 sdc 686835 9364 185531864 13850928 6650392 177626894 3387934640 1882903552 134 13018824 1897446072
======================
   8      32 sdc 686835 9364 185531864 13850928 6651027 177626894 3388259760 1883046380 139 13019828 1897589760
======================
   8      32 sdc 686835 9364 185531864 13850928 6651578 177626894 3388541872 1883170876 132 13020832 1897731580
======================
   8      32 sdc 686835 9364 185531864 13850928 6652297 177626894 3388910000 1883327940 149 13021832 1897871040
======================
   8      32 sdc 686835 9364 185531864 13850928 6652941 177626894 3389239728 1883466996 145 13022836 1898009568
======================
   8      32 sdc 686835 9364 185531864 13850928 6653592 177626894 3389573552 1883610388 114 13023840 1898152380
======================
   8      32 sdc 686836 9364 185531872 13851168 6654210 177626894 3389889456 1883734804 158 13024844 1898277928
======================
   8      32 sdc 686836 9364 185531872 13851168 6654857 177626894 3390220720 1883877952 151 13025848 1898421328
======================
   8      32 sdc 686836 9364 185531872 13851168 6655511 177626894 3390555568 1884021504 137 13026852 1898564704
======================
   8      32 sdc 686836 9364 185531872 13851168 6656142 177626894 3390878640 1884164188 146 13027856 1898706948
======================
   8      32 sdc 686836 9364 185531872 13851168 6656771 177626894 3391200688 1884306296 157 13028856 1898849536
======================
   8      32 sdc 686836 9364 185531872 13851168 6657440 177626894 3391543216 1884450436 128 13029860 1898992536
======================
   8      32 sdc 686836 9364 185531872 13851168 6658073 177626894 3391867312 1884590600 135 13030864 1899137060
======================
   8      32 sdc 686836 9364 185531872 13851168 6658772 177626894 3392225200 1884737884 140 13031868 1899280576
======================
   8      32 sdc 686836 9364 185531872 13851168 6659405 177626894 3392549296 1884880124 147 13032872 1899424088
======================
   8      32 sdc 686836 9364 185531872 13851168 6660020 177626894 3392864176 1885023140 140 13033876 1899567292
======================
   8      32 sdc 686836 9364 185531872 13851168 6660670 177626894 3393196976 1885167820 130 13034880 1899710560
======================
   8      32 sdc 686836 9364 185531872 13851168 6661271 177626894 3393504688 1885298572 115 13035884 1899850792
======================
   8      32 sdc 686837 9364 185531880 13851520 6661950 177626894 3393852336 1885435116 142 13036884 1899978448
======================
   8      32 sdc 686837 9364 185531880 13851520 6662599 177626894 3394184624 1885578476 133 13037888 1900121488
======================
   8      32 sdc 686837 9364 185531880 13851520 6663256 177626894 3394521008 1885721884 148 13038896 1900265716
======================
   8      32 sdc 686837 9364 185531880 13851520 6663892 177626894 3394846640 1885863604 152 13039900 1900409364
======================
   8      32 sdc 686837 9364 185531880 13851520 6664527 177626894 3395171760 1886008668 157 13040904 1900552960
======================
   8      32 sdc 686837 9364 185531880 13851520 6665157 177626894 3395494320 1886154912 135 13041908 1900696624
======================
   8      32 sdc 686837 9364 185531880 13851520 6665788 177626894 3395817392 1886291688 144 13042912 1900839848
======================
   8      32 sdc 686837 9364 185531880 13851520 6666466 177626894 3396164528 1886438932 138 13043916 1900983372
======================
   8      32 sdc 686837 9364 185531880 13851520 6667112 177626894 3396495280 1886582604 132 13044920 1901126804
======================
   8      32 sdc 686837 9364 185531880 13851520 6667762 177626894 3396828080 1886726232 154 13045920 1901269688
======================
   8      32 sdc 686837 9364 185531880 13851520 6668419 177626894 3397164464 1886872296 137 13046924 1901414804
======================
   8      32 sdc 686837 9364 185531880 13851520 6669024 177626894 3397474224 1887008152 42 13047928 1901546316
======================
   8      32 sdc 686838 9364 185531888 13851752 6669642 177626894 3397790640 1887144084 129 13048932 1901688936
======================
   8      32 sdc 686838 9364 185531888 13851752 6670300 177626894 3398127536 1887288536 143 13049936 1901832428
======================
   8      32 sdc 686838 9364 185531888 13851752 6670969 177626894 3398470064 1887431744 146 13050940 1901975700
======================
   8      32 sdc 686838 9364 185531888 13851752 6671608 177626894 3398797744 1887576688 150 13051944 1902121136
======================
   8      32 sdc 686838 9364 185531888 13851752 6672224 177626894 3399112624 1887719016 142 13052944 1902264128
======================
   8      32 sdc 686838 9364 185531888 13851752 6672853 177626894 3399434672 1887863404 153 13053948 1902407388
======================
   8      32 sdc 686838 9364 185531888 13851752 6673510 177626894 3399771056 1888006772 136 13054952 1902550968
======================
   8      32 sdc 686838 9364 185531888 13851752 6674159 177626894 3400103344 1888149856 154 13055952 1902693756
======================
   8      32 sdc 686838 9364 185531888 13851752 6674781 177626894 3400421808 1888294708 145 13056956 1902836784
======================
   8      32 sdc 686838 9364 185531888 13851752 6675458 177626894 3400768432 1888436916 140 13057960 1902980888
======================
   8      32 sdc 686838 9364 185531888 13851752 6676101 177626894 3401097648 1888579704 137 13058964 1903124248
======================
   8      32 sdc 686838 9364 185531888 13851752 6676709 177626894 3401408944 1888716832 37 13059968 1903254208
======================
   8      32 sdc 686839 9364 185531896 13852204 6677208 177626894 3401664432 1888828660 152 13060972 1903373804
======================
   8      32 sdc 686839 9364 185531896 13852204 6677833 177626894 3401984432 1888969544 135 13061972 1903516476
======================
   8      32 sdc 686839 9364 185531896 13852204 6678495 177626894 3402323376 1889113780 145 13062976 1903658172
======================
   8      32 sdc 686839 9364 185531896 13852204 6679152 177626894 3402659760 1889256904 128 13063980 1903801240
======================
   8      32 sdc 686839 9364 185531896 13852204 6679784 177626894 3402983344 1889399656 136 13064984 1903944860
======================
   8      32 sdc 686839 9364 185531896 13852204 6680441 177626894 3403319728 1889543408 151 13065984 1904087732
======================
   8      32 sdc 686839 9364 185531896 13852204 6681086 177626894 3403649968 1889685560 146 13066988 1904230996
======================
   8      32 sdc 686839 9364 185531896 13852204 6681700 177626894 3403964336 1889833032 140 13067992 1904375416
======================
   8      32 sdc 686839 9364 185531896 13852204 6682340 177626894 3404292016 1889974608 140 13068996 1904518860
======================
   8      32 sdc 686839 9364 185531896 13852204 6683008 177626894 3404634544 1890117784 144 13070000 1904662340
======================
   8      32 sdc 686839 9364 185531896 13852204 6683678 177626894 3404977072 1890261392 146 13071004 1904805448
======================
   8      32 sdc 686839 9364 185531896 13852204 6684342 177626894 3405317040 1890403824 84 13072008 1904946044
======================
   8      32 sdc 686840 9364 185531904 13852440 6684936 177626894 3405621168 1890533500 129 13073008 1905078656
======================
   8      32 sdc 686840 9364 185531904 13852440 6685439 177626894 3405878704 1890650440 136 13074012 1905220792
======================
   8      32 sdc 686840 9364 185531904 13852440 6686211 177626894 3406273968 1890813716 132 13075016 1905358356
======================
   8      32 sdc 686840 9364 185531904 13852440 6686862 177626894 3406607280 1890956912 153 13076020 1905501972
======================
   8      32 sdc 686840 9364 185531904 13852440 6687351 177626894 3406857648 1891097816 144 13077020 1905643916
======================
   8      32 sdc 686840 9364 185531904 13852440 6688015 177626894 3407197616 1891242596 152 13078024 1905787184
======================
   8      32 sdc 686840 9364 185531904 13852440 6688661 177626894 3407528368 1891385212 146 13079028 1905930768
======================
   8      32 sdc 686840 9364 185531904 13852440 6689290 177626894 3407850416 1891533476 157 13080032 1906075336
======================
   8      32 sdc 686840 9364 185531904 13852440 6689931 177626894 3408178608 1891673228 156 13081032 1906218320
======================
   8      32 sdc 686840 9364 185531904 13852440 6690566 177626894 3408503728 1891816704 129 13082036 1906361792
======================
   8      32 sdc 686840 9364 185531904 13852440 6691215 177626894 3408836016 1891960340 152 13083040 1906505304
======================
   8      32 sdc 686840 9364 185531904 13852440 6691862 177626894 3409167280 1892101572 145 13084044 1906648868
======================
   8      32 sdc 686841 9364 185531912 13852536 6692497 177627132 3409491784 1892234656 144 13085044 1906779652
======================
   8      32 sdc 686841 9364 185531912 13852536 6693159 177627290 3409823424 1892378412 154 13086048 1906923016
======================
   8      32 sdc 686841 9364 185531912 13852536 6693817 177627290 3410160320 1892522012 136 13087052 1907066732
======================
   8      32 sdc 686841 9364 185531912 13852536 6694443 177627290 3410480832 1892667380 150 13088056 1907212164
======================
   8      32 sdc 686841 9364 185531912 13852536 6695082 177627290 3410808000 1892812504 151 13089060 1907357020
======================
   8      32 sdc 686841 9364 185531912 13852536 6695745 177627290 3411147456 1892956152 128 13090064 1907500624
======================
   8      32 sdc 686841 9364 185531912 13852536 6696413 177627290 3411489472 1893099712 132 13091064 1907644088
======================
   8      32 sdc 686841 9364 185531912 13852536 6697072 177627290 3411826880 1893242304 145 13092068 1907788244
======================
   8      32 sdc 686841 9364 185531912 13852536 6697688 177627290 3412142272 1893385972 137 13093076 1907932416
======================
   8      32 sdc 686841 9364 185531912 13852536 6698309 177627290 3412460224 1893535084 156 13094080 1908078120
======================
   8      32 sdc 686841 9364 185531912 13852536 6698955 177627290 3412790976 1893676020 150 13095084 1908220264
======================
   8      32 sdc 686841 9364 185531912 13852536 6699623 177627290 3413132992 1893817780 154 13096088 1908363652
======================
   8      32 sdc 686842 9364 185531920 13852832 6700257 177627529 3413449936 1893937288 138 13097088 1908483364
======================
   8      32 sdc 686842 9364 185531920 13852832 6700912 177627529 3413785296 1894081512 155 13098092 1908626936
======================
   8      32 sdc 686842 9364 185531920 13852832 6701569 177627529 3414121680 1894224784 138 13099096 1908770576
======================
   8      32 sdc 686842 9364 185531920 13852832 6702184 177627529 3414436560 1894363304 131 13100100 1908913672
======================
   8      32 sdc 686842 9364 185531920 13852832 6702811 177627529 3414757584 1894508232 144 13101104 1909056480
======================
   8      32 sdc 686842 9364 185531920 13852832 6703469 177627529 3415094480 1894654072 158 13102108 1909199680
======================
   8      32 sdc 686842 9364 185531920 13852832 6704126 177627529 3415430864 1894798204 141 13103112 1909344240
======================
   8      32 sdc 686842 9364 185531920 13852832 6704778 177627529 3415764688 1894941672 129 13104116 1909487880
======================
   8      32 sdc 686842 9364 185531920 13852832 6705425 177627529 3416095952 1895085276 154 13105120 1909631588
======================
   8      32 sdc 686842 9364 185531920 13852832 6706077 177627529 3416429776 1895228888 142 13106124 1909775364
======================
   8      32 sdc 686842 9364 185531920 13852832 6706734 177627529 3416766160 1895372408 157 13107128 1909918792
======================
   8      32 sdc 686842 9364 185531920 13852832 6707320 177627529 3417066192 1895517976 147 13108128 1910063332
======================
   8      32 sdc 686843 9364 185531928 13853116 6707944 177627529 3417385680 1895639116 136 13109132 1910186572
======================
   8      32 sdc 686843 9364 185531928 13853116 6708607 177627529 3417725136 1895782124 145 13110136 1910328868
======================
   8      32 sdc 686843 9364 185531928 13853116 6709269 177627529 3418064080 1895924448 155 13111136 1910471052
======================
   8      32 sdc 686843 9364 185531928 13853116 6709921 177627529 3418397904 1896064556 143 13112140 1910614356
======================
   8      32 sdc 686843 9364 185531928 13853116 6710539 177627529 3418714320 1896210380 133 13113144 1910757612
======================
   8      32 sdc 686843 9364 185531928 13853116 6711198 177627529 3419051728 1896354116 146 13114148 1910900880
======================
   8      32 sdc 686843 9364 185531928 13853116 6711837 177627529 3419378896 1896499044 147 13115148 1911043224
======================
   8      32 sdc 686843 9364 185531928 13853116 6712498 177627529 3419717328 1896640564 158 13116156 1911187020
======================
   8      32 sdc 686843 9364 185531928 13853116 6713145 177627529 3420048592 1896781584 151 13117160 1911329608
======================
   8      32 sdc 686843 9364 185531928 13853116 6713804 177627529 3420386000 1896926208 132 13118164 1911472952
======================
   8      32 sdc 686843 9364 185531928 13853116 6714444 177627529 3420713680 1897069260 132 13119172 1911617068
======================
   8      32 sdc 686843 9364 185531928 13853116 6715080 177627529 3421039312 1897212688 75 13120176 1911756696
======================
   8      32 sdc 686844 9364 185531936 13853348 6715694 177627529 3421353680 1897336248 132 13121176 1911883784
======================
   8      32 sdc 686844 9364 185531936 13853348 6716333 177627529 3421680848 1897482704 139 13122180 1912029240
======================
   8      32 sdc 686844 9364 185531936 13853348 6716989 177627529 3422016720 1897624984 155 13123180 1912171988
======================
   8      32 sdc 686844 9364 185531936 13853348 6717628 177627529 3422343888 1897767564 156 13124184 1912317456
======================
   8      32 sdc 686844 9364 185531936 13853348 6718277 177627529 3422676176 1897913392 147 13125188 1912461148
======================
   8      32 sdc 686844 9364 185531936 13853348 6718929 177627529 3423010000 1898056336 135 13126188 1912603464
======================
   8      32 sdc 686844 9364 185531936 13853348 6719459 177627529 3423281360 1898175688 149 13127196 1912748440
======================
   8      32 sdc 686844 9364 185531936 13853348 6720175 177627529 3423647952 1898346284 152 13128200 1912894664
======================
   8      32 sdc 686844 9364 185531936 13853348 6720836 177627529 3423986384 1898491180 131 13129204 1913037792
======================
   8      32 sdc 686844 9364 185531936 13853348 6721505 177627529 3424328912 1898634396 134 13130208 1913181116
======================
   8      32 sdc 686844 9364 185531936 13853348 6722173 177627529 3424670928 1898777468 138 13131212 1913324600
======================
   8      32 sdc 686844 9364 185531936 13853348 6722809 177627529 3424996560 1898919592 26 13132216 1913456788
======================
   8      32 sdc 686845 9364 185531944 13853592 6723365 177627529 3425281232 1899032584 133 13133216 1913587492
======================
   8      32 sdc 686845 9364 185531944 13853592 6724044 177627529 3425628880 1899182840 158 13134220 1913730144
======================
   8      32 sdc 686845 9364 185531944 13853592 6724702 177627529 3425965776 1899325968 141 13135224 1913873792
======================
   8      32 sdc 686845 9364 185531944 13853592 6725335 177627529 3426289872 1899467688 147 13136224 1914016924
======================
   8      32 sdc 686845 9364 185531944 13853592 6725990 177627529 3426625232 1899618332 132 13137228 1914164348
======================
   8      32 sdc 686845 9364 185531944 13853592 6726647 177627529 3426961616 1899760464 147 13138236 1914308564
======================
   8      32 sdc 686845 9364 185531944 13853592 6727282 177627529 3427286736 1899903352 152 13139240 1914451716
======================
   8      32 sdc 686845 9364 185531944 13853592 6727917 177627529 3427611856 1900046840 157 13140240 1914594552
======================
   8      32 sdc 686845 9364 185531944 13853592 6728552 177627529 3427936976 1900190336 130 13141244 1914738200
======================
   8      32 sdc 686845 9364 185531944 13853592 6729197 177627529 3428267216 1900335424 157 13142244 1914879984
======================
   8      32 sdc 686845 9364 185531944 13853592 6729854 177627529 3428603600 1900476876 140 13143248 1915024500
======================
   8      32 sdc 686845 9364 185531944 13853592 6730497 177627529 3428932816 1900619868 18 13144252 1915155284
======================
   8      32 sdc 686846 9364 185531952 13853808 6731127 177627529 3429255376 1900745844 149 13145252 1915293664
======================
   8      32 sdc 686846 9364 185531952 13853808 6731782 177627529 3429590736 1900889532 134 13146256 1915437292
======================
   8      32 sdc 686846 9364 185531952 13853808 6732430 177627529 3429922512 1901032000 158 13147256 1915580252
======================
   8      32 sdc 686846 9364 185531952 13853808 6733036 177627529 3430232784 1901175020 128 13148260 1915723896
======================
   8      32 sdc 686846 9364 185531952 13853808 6733677 177627529 3430560976 1901313924 159 13149264 1915867596
======================
   8      32 sdc 686846 9364 185531952 13853808 6734321 177627529 3430891216 1901460572 155 13150268 1916016660
======================
   8      32 sdc 686846 9364 185531952 13853808 6735011 177627529 3431243984 1901606172 137 13151268 1916159520
======================
   8      32 sdc 686846 9364 185531952 13853808 6735667 177627529 3431579856 1901754720 153 13152272 1916303156
======================
   8      32 sdc 686846 9364 185531952 13853808 6736282 177627529 3431894736 1901898296 146 13153276 1916447020
======================
   8      32 sdc 686846 9364 185531952 13853808 6736937 177627529 3432230096 1902042820 131 13154280 1916590424
======================
   8      32 sdc 686846 9364 185531952 13853808 6737590 177627529 3432564432 1902185444 150 13155280 1916732036
======================
   8      32 sdc 686847 9364 185531960 13854040 6738214 177627529 3432883920 1902319404 137 13156284 1916856736
======================
   8      32 sdc 686847 9364 185531960 13854040 6738864 177627529 3433216720 1902452100 154 13157288 1917000024
======================
   8      32 sdc 686847 9364 185531960 13854040 6739521 177627529 3433553104 1902595200 142 13158288 1917143104
======================
   8      32 sdc 686847 9364 185531960 13854040 6740155 177627529 3433877712 1902736088 148 13159292 1917286708
======================
   8      32 sdc 686847 9364 185531960 13854040 6740716 177627529 3434164944 1902866924 130 13160296 1917430264
======================
   8      32 sdc 686847 9364 185531960 13854040 6741417 177627529 3434523856 1903025808 133 13161296 1917574104
======================
   8      32 sdc 686847 9364 185531960 13854040 6742071 177627529 3434858704 1903169832 151 13162300 1917717288
======================
   8      32 sdc 686847 9364 185531960 13854040 6742725 177627529 3435193552 1903306844 131 13163304 1917852160
======================
   8      32 sdc 686847 9364 185531960 13854040 6743373 177627529 3435525328 1903447420 155 13164308 1917995572
======================
   8      32 sdc 686847 9364 185531960 13854040 6744022 177627529 3435857616 1903590864 146 13165312 1918139072
======================
   8      32 sdc 686847 9364 185531960 13854040 6744680 177627529 3436194512 1903734652 128 13166316 1918282316
======================
   8      32 sdc 686847 9364 185531960 13854040 6745314 177627529 3436519120 1903876800 134 13167320 1918426040
======================
   8      32 sdc 686847 9364 185531960 13854040 6745831 177627529 3436783824 1903997304 44 13168320 1918545040
======================
   8      32 sdc 686848 9364 185531968 13854908 6746558 177627529 3437156048 1904083108 137 13169324 1918631720
======================
   8      32 sdc 686848 9364 185531968 13854908 6747222 177627529 3437496016 1904226312 145 13170328 1918774808
======================
   8      32 sdc 686848 9364 185531968 13854908 6747898 177627529 3437842128 1904370656 141 13171340 1918918856
======================
   8      32 sdc 686848 9364 185531968 13854908 6748541 177627529 3438171344 1904513080 138 13172352 1919063216
======================
   8      32 sdc 686848 9364 185531968 13854908 6749183 177627529 3438500048 1904661104 136 13173376 1919209816
======================
   8      32 sdc 686848 9364 185531968 13854908 6749823 177627529 3438827728 1904804868 136 13174384 1919356152
======================
   8      32 sdc 686848 9364 185531968 13854908 6750495 177627529 3439171792 1904950016 136 13175392 1919499888
======================
   8      32 sdc 686848 9364 185531968 13854908 6751145 177627529 3439504592 1905096264 158 13176408 1919645524
======================
   8      32 sdc 686848 9364 185531968 13854908 6751800 177627529 3439839952 1905239696 143 13177412 1919789324
======================
   8      32 sdc 686848 9364 185531968 13854908 6752460 177627529 3440177872 1905383848 155 13178420 1919933204
======================
   8      32 sdc 686848 9364 185531968 13854908 6753097 177627529 3440504016 1905527396 158 13179428 1920077252
======================
   8      32 sdc 686849 9364 185531976 13855132 6753712 177627529 3440818896 1905655512 145 13180440 1920205724
======================
   8      32 sdc 686849 9364 185531976 13855132 6754348 177627529 3441144528 1905800032 149 13181444 1920348216
======================
   8      32 sdc 686849 9364 185531976 13855132 6754993 177627529 3441474768 1905941852 144 13182448 1920491484
======================
   8      32 sdc 686849 9364 185531976 13855132 6755645 177627529 3441808592 1906087628 132 13183452 1920636124
======================
   8      32 sdc 686849 9364 185531976 13855132 6756149 177627529 3442066640 1906227700 204 13184460 1920790908
======================
   8      32 sdc 686849 9364 185531976 13855132 6756801 177627529 3442400464 1906374836 192 13185464 1920996788
======================
   8      32 sdc 686849 9364 185531976 13855132 6757460 177627529 3442737872 1906531920 205 13186468 1921194796
======================
   8      32 sdc 686849 9364 185531976 13855132 6758086 177627529 3443058384 1906816868 155 13187472 1921369436
======================
   8      32 sdc 686849 9364 185531976 13855132 6758701 177627529 3443373264 1906961744 148 13188476 1921512780
======================
   8      32 sdc 686849 9364 185531976 13855132 6759317 177627529 3443688656 1907097008 140 13189476 1921655868
======================
   8      32 sdc 686849 9364 185531976 13855132 6760025 177627529 3444051152 1907248472 128 13190480 1921797676
======================
   8      32 sdc 686849 9364 185531976 13855132 6760688 177627529 3444390608 1907391792 137 13191484 1921941244
======================
   8      32 sdc 686850 9364 185531984 13855428 6761310 177627655 3444708064 1907513296 153 13192488 1922055560
======================
   8      32 sdc 686850 9364 185531984 13855428 6761896 177627655 3445008096 1907645460 143 13193488 1922201888
======================
   8      32 sdc 686850 9364 185531984 13855428 6762538 177627655 3445336800 1907789596 141 13194492 1922345460
======================
   8      32 sdc 686850 9364 185531984 13855428 6763207 177627655 3445679328 1907935540 144 13195496 1922488868
======================
   8      32 sdc 686850 9364 185531984 13855428 6763857 177627655 3446012128 1908082248 134 13196500 1922632696
======================
   8      32 sdc 686850 9364 185531984 13855428 6764508 177627665 3446345440 1908226332 91 13197500 1922773976
======================
   8      32 sdc 686850 9364 185531984 13855428 6765164 177627665 3446680384 1908353788 142 13198504 1922904260
======================
   8      32 sdc 686850 9364 185531984 13855428 6765800 177627665 3447006016 1908497688 146 13199508 1923048000
======================
   8      32 sdc 686850 9364 185531984 13855428 6766435 177627665 3447331136 1908641248 151 13200512 1923191664
======================
   8      32 sdc 686850 9364 185531984 13855428 6767070 177627665 3447656256 1908784756 156 13201516 1923335136
======================
   8      32 sdc 686850 9364 185531984 13855428 6767717 177627675 3447987520 1908928780 84 13202520 1923476156
======================
   8      32 sdc 686850 9364 185531984 13855428 6768376 177627675 3448324000 1909056708 132 13203520 1923606224
======================
   8      32 sdc 686851 9364 185531992 13855720 6769003 177627675 3448645024 1909181172 156 13204524 1923726968
======================
   8      32 sdc 686851 9364 185531992 13855720 6769643 177627675 3448972704 1909320040 156 13205528 1923870480
======================
   8      32 sdc 686851 9364 185531992 13855720 6770297 177627675 3449307552 1909464976 142 13206528 1924013340
======================
   8      32 sdc 686851 9364 185531992 13855720 6770946 177627686 3449639840 1909605696 89 13207532 1924154432
======================
   8      32 sdc 686851 9364 185531992 13855720 6771560 177627686 3449953288 1909733924 150 13208536 1924284300
======================
   8      32 sdc 686851 9364 185531992 13855720 6772229 177627686 3450295816 1909878368 153 13209536 1924427860
======================
   8      32 sdc 686851 9364 185531992 13855720 6772897 177627686 3450637832 1910022156 157 13210540 1924571904
======================
   8      32 sdc 686851 9364 185531992 13855720 6773560 177627686 3450977288 1910165740 134 13211544 1924715484
======================
   8      32 sdc 686851 9364 185531992 13855720 6774184 177627696 3451296776 1910307732 117 13212548 1924858500
======================
   8      32 sdc 686851 9364 185531992 13855720 6774801 177627696 3451611752 1910434364 145 13213548 1924985392
======================
   8      32 sdc 686851 9364 185531992 13855720 6775456 177627696 3451947112 1910578888 130 13214552 1925128776
======================
   8      32 sdc 686851 9364 185531992 13855720 6776109 177627696 3452281448 1910721636 149 13215556 1925272392
======================
   8      32 sdc 686852 9364 185532000 13856012 6776722 177627696 3452595304 1910841300 151 13216560 1925393032
======================
   8      32 sdc 686852 9364 185532000 13856012 6777139 177627861 3452799536 1910940652 0 13217244 1925475364
======================
   8      32 sdc 686852 9364 185532000 13856012 6777140 177627861 3452799536 1910940652 0 13217244 1925475364
======================
   8      32 sdc 686852 9364 185532000 13856012 6777140 177627861 3452799536 1910940652 0 13217244 1925475364
======================
   8      32 sdc 686852 9364 185532000 13856012 6777140 177627861 3452799536 1910940652 0 13217244 1925475364
======================
   8      32 sdc 686852 9364 185532000 13856012 6777140 177627861 3452799536 1910940652 0 13217244 1925475364
======================
   8      32 sdc 686852 9364 185532000 13856012 6777140 177627861 3452799536 1910940652 0 13217244 1925475364
======================
   8      32 sdc 687087 9364 185533874 13864300 6777161 177627861 3452799616 1910940652 1 13217728 1925484052
started
======================
   8      32 sdc 687461 9364 185627090 13865372 6777163 177627861 3452799624 1910940776 2 13218296 1925484848
======================
   8      32 sdc 688571 9365 185908506 13867692 6777163 177627861 3452799624 1910940776 33 13219300 1925492192
======================
   8      32 sdc 688733 9366 185921434 13898244 6777163 177627861 3452799624 1910940776 33 13220304 1925525320
======================
   8      32 sdc 689057 9368 185945178 13935004 6777163 177627861 3452799624 1910940776 33 13221308 1925558476
======================
   8      32 sdc 689416 9369 185968986 13969068 6777163 177627861 3452799624 1910940776 32 13222312 1925592096
======================
   8      32 sdc 689762 9370 185991962 14003372 6777163 177627861 3452799624 1910940776 33 13223324 1925625500
======================
   8      32 sdc 690110 9370 186014682 14035708 6777166 177627863 3452799664 1910940776 34 13224336 1925658880
======================
   8      32 sdc 690430 9371 186036698 14064932 6777166 177627863 3452799664 1910940776 33 13225336 1925691880
======================
   8      32 sdc 690781 9372 186061722 14101556 6777166 177627863 3452799664 1910940776 33 13226340 1925725020
======================
   8      32 sdc 691167 9373 186086810 14136636 6777166 177627863 3452799664 1910940776 33 13227340 1925759316
======================
   8      32 sdc 691522 9374 186111770 14168472 6777166 177627863 3452799664 1910940776 33 13228344 1925792456
======================
   8      32 sdc 691855 9375 186134362 14202320 6777166 177627863 3452799664 1910940776 33 13229348 1925825624
======================
   8      32 sdc 692144 9375 186153306 14231024 6777166 177627863 3452799664 1910940776 34 13230352 1925858864
======================
   8      32 sdc 692468 9376 186174426 14268864 6777166 177627863 3452799664 1910940776 33 13231352 1925892108
======================
   8      32 sdc 692855 9377 186200026 14302140 6777166 177627863 3452799664 1910940776 33 13232356 1925925324
======================
   8      32 sdc 693196 9378 186222682 14334972 6777166 177627863 3452799664 1910940776 33 13233360 1925958456
======================
   8      32 sdc 693576 9379 186250330 14368088 6777166 177627863 3452799664 1910940776 33 13234360 1925991468
======================
   8      32 sdc 693916 9380 186273114 14401636 6777166 177627863 3452799664 1910940776 33 13235364 1926024596
======================
   8      32 sdc 694243 9380 186294490 14435136 6777166 177627863 3452799664 1910940776 34 13236364 1926057656
======================
   8      32 sdc 694593 9381 186317274 14466268 6777166 177627863 3452799664 1910940776 33 13237368 1926090844
======================
   8      32 sdc 694953 9382 186343258 14498672 6777166 177627863 3452799664 1910940776 33 13238372 1926123984
======================
   8      32 sdc 695293 9383 186367770 14534004 6777166 177627863 3452799664 1910940776 33 13239372 1926156988
======================
   8      32 sdc 695658 9384 186391962 14567088 6777166 177627863 3452799664 1910940776 33 13240376 1926190264
======================
   8      32 sdc 696038 9385 186417114 14601192 6777166 177627863 3452799664 1910940776 33 13241376 1926223284
======================
   8      32 sdc 696430 9386 186447258 14632624 6777166 177627863 3452799664 1910940776 33 13242380 1926256428
======================
   8      32 sdc 696790 9386 186470746 14667528 6777166 177627863 3452799664 1910940776 33 13243384 1926289568
======================
   8      32 sdc 697130 9387 186492890 14699276 6777166 177627863 3452799664 1910940776 33 13244384 1926322616
======================
   8      32 sdc 697483 9388 186516314 14732252 6777166 177627863 3452799664 1910940776 33 13245388 1926355824
======================
   8      32 sdc 697829 9389 186541402 14764864 6777166 177627863 3452799664 1910940776 33 13246388 1926388844
======================
   8      32 sdc 698186 9390 186567194 14797872 6777166 177627863 3452799664 1910940776 33 13247392 1926421976
======================
   8      32 sdc 698518 9391 186589274 14832052 6777166 177627863 3452799664 1910940776 33 13248396 1926455308
======================
   8      32 sdc 698886 9391 186613274 14866052 6777166 177627863 3452799664 1910940776 34 13249404 1926488744
======================
   8      32 sdc 699225 9392 186635354 14896976 6777166 177627863 3452799664 1910940776 33 13250404 1926521856
======================
   8      32 sdc 699579 9393 186661594 14931680 6777166 177627863 3452799664 1910940776 33 13251408 1926554996
======================
   8      32 sdc 699947 9394 186685658 14964576 6777166 177627863 3452799664 1910940776 32 13252412 1926588260
======================
   8      32 sdc 700293 9395 186708634 14996364 6777166 177627863 3452799664 1910940776 33 13253416 1926621516
======================
   8      32 sdc 700628 9396 186730906 15031244 6777168 177627863 3452799680 1910941008 33 13254416 1926654820
======================
   8      32 sdc 700974 9396 186753050 15063920 6777168 177627863 3452799680 1910941008 33 13255420 1926687924
======================
   8      32 sdc 701331 9397 186776730 15096324 6777168 177627863 3452799680 1910941008 33 13256424 1926721172
======================
   8      32 sdc 701673 9398 186799450 15129840 6777168 177627863 3452799680 1910941008 33 13257428 1926754336
======================
   8      32 sdc 701985 9399 186820250 15162688 6777168 177627863 3452799680 1910941008 33 13258428 1926787368
======================
   8      32 sdc 702319 9400 186842458 15197932 6777168 177627863 3452799680 1910941008 33 13259432 1926820560
======================
   8      32 sdc 702665 9401 186865562 15230264 6777168 177627863 3452799680 1910941008 33 13260436 1926853784
======================
   8      32 sdc 703020 9401 186888282 15262348 6777168 177627863 3452799680 1910941008 33 13261440 1926886888
======================
   8      32 sdc 703393 9402 186913882 15296036 6777168 177627863 3452799680 1910941008 33 13262444 1926920012
======================
   8      32 sdc 703760 9403 186938202 15329084 6777168 177627863 3452799680 1910941008 33 13263456 1926953428
======================
   8      32 sdc 704140 9404 186965466 15363072 6777168 177627863 3452799680 1910941008 33 13264460 1926986560
======================
   8      32 sdc 704488 9405 186988570 15396000 6777168 177627863 3452799680 1910941008 33 13265464 1927019764
======================
   8      32 sdc 704831 9406 187011354 15428796 6777168 177627863 3452799680 1910941008 32 13266468 1927053016
======================
   8      32 sdc 705228 9406 187048474 15461520 6777168 177627863 3452799680 1910941008 33 13267468 1927086088
======================
   8      32 sdc 705576 9407 187070746 15494596 6777168 177627863 3452799680 1910941008 33 13268472 1927119204
======================
   8      32 sdc 705926 9408 187101018 15528660 6777168 177627863 3452799680 1910941008 33 13269476 1927152348
======================
   8      32 sdc 706294 9409 187125402 15560616 6777168 177627863 3452799680 1910941008 33 13270476 1927185396
======================
   8      32 sdc 706674 9410 187152794 15595116 6777168 177627863 3452799680 1910941008 32 13271480 1927218128
======================
   8      32 sdc 707016 9411 187177434 15626852 6777168 177627863 3452799680 1910941008 33 13272480 1927250620
======================
   8      32 sdc 707395 9412 187203290 15658176 6777168 177627863 3452799680 1910941008 33 13273484 1927283752
======================
   8      32 sdc 707747 9412 187226618 15693668 6777168 177627863 3452799680 1910941008 33 13274484 1927316940
======================
   8      32 sdc 708078 9412 187247802 15726088 6777168 177627863 3452799680 1910941008 33 13275488 1927350060
======================
   8      32 sdc 708414 9413 187269658 15758400 6777168 177627863 3452799680 1910941008 33 13276488 1927383036
======================
   8      32 sdc 708758 9414 187292506 15793056 6777168 177627863 3452799680 1910941008 33 13277492 1927416636
======================
   8      32 sdc 709142 9414 187323290 15826348 6777168 177627863 3452799680 1910941008 34 13278500 1927450136
======================
   8      32 sdc 709514 9414 187347162 15859936 6777168 177627863 3452799680 1910941008 34 13279508 1927484392
======================
   8      32 sdc 710068 9415 187441306 15888240 6777168 177627863 3452799680 1910941008 2 13280508 1927508592
