======================
   8      16 sdb 5368788 1905 864556330 7597796 18384407 30999469 4931672312 678462544 0 6499436 686043288
======================
   8      16 sdb 5368788 1905 864556330 7597796 18384422 30999505 4931672720 678462544 0 6499436 686043288
======================
   8      16 sdb 5368788 1905 864556330 7597796 18384422 30999505 4931672720 678462544 0 6499436 686043288
======================
   8      16 sdb 5368792 1905 864556362 7597800 18384422 30999505 4931672720 678462544 0 6499440 686043292
======================
   8      16 sdb 5368796 1905 864556394 7597804 18384422 30999505 4931672720 678462544 0 6499444 686043296
======================
   8      16 sdb 5368800 1905 864556426 7597808 18384422 30999505 4931672720 678462544 0 6499448 686043300
======================
   8      16 sdb 5368805 1905 864556466 7597808 18384599 31009149 4931751288 678462948 0 6499552 686043704
======================
   8      16 sdb 5368808 1905 864556490 7597808 18384599 31009149 4931751288 678462948 0 6499552 686043704
======================
   8      16 sdb 5368811 1905 864556514 7597808 18384743 31018106 4931824096 678463004 0 6499580 686043760
======================
   8      16 sdb 5368814 1905 864556538 7597808 18384743 31018106 4931824096 678463004 0 6499580 686043760
======================
   8      16 sdb 5368817 1905 864556562 7597808 18384743 31018106 4931824096 678463004 0 6499580 686043760
======================
   8      16 sdb 5368821 1905 864556594 7597808 18385243 31047477 4932062416 678463820 2 6499864 686044572
======================
   8      16 sdb 5368825 1905 864556626 7597808 18386030 31093662 4932438840 678464912 0 6500312 686045660
======================
   8      16 sdb 5368828 1905 864556650 7597812 18386268 31108530 4932559688 678465036 0 6500364 686045788
======================
   8      16 sdb 5368831 1905 864556674 7597816 18386268 31108530 4932559688 678465036 0 6500368 686045792
======================
   8      16 sdb 5368835 1905 864556706 7597820 18386268 31108530 4932559688 678465036 0 6500372 686045796
======================
   8      16 sdb 5368838 1905 864556730 7597820 18386268 31108530 4932559688 678465036 0 6500372 686045796
======================
   8      16 sdb 5368840 1905 864556746 7597824 18386905 31145767 4932861136 678466444 5 6500756 686047204
======================
   8      16 sdb 5368844 1905 864556778 7597872 18387803 31184762 4933181824 678485724 0 6501084 686066528
======================
   8      16 sdb 5368848 1905 864556810 7597884 18387803 31184762 4933181824 678485724 0 6501096 686066540
======================
   8      16 sdb 5368852 1905 864556842 7597892 18387803 31184762 4933181824 678485724 0 6501104 686066548
======================
   8      16 sdb 5368854 1905 864556858 7597892 18387803 31184762 4933181824 678485724 0 6501104 686066548
======================
   8      16 sdb 5368857 1905 864556882 7597892 18388502 31224942 4933508744 678486980 2 6501460 686067804
======================
   8      16 sdb 5368863 1905 864556930 7597896 18390237 31321467 4934294496 678489700 2 6502464 686070504
======================
   8      16 sdb 5368869 1905 864556978 7597896 18391819 31417800 4935078256 678491088 0 6503428 686071884
======================
   8      16 sdb 5368871 1905 864556994 7597896 18391819 31417800 4935078256 678491088 0 6503428 686071884
======================
   8      16 sdb 5368875 1905 864557026 7597896 18391819 31417800 4935078256 678491088 0 6503428 686071884
======================
   8      16 sdb 5368878 1905 864557050 7597896 18392239 31444140 4935292336 678491304 0 6503572 686072100
======================
   8      16 sdb 5368880 1905 864557066 7597896 18392239 31444140 4935292336 678491304 0 6503572 686072100
======================
   8      16 sdb 5368883 1905 864557090 7597900 18392239 31444140 4935292336 678491304 0 6503576 686072104
======================
   8      16 sdb 5368886 1905 864557114 7597912 18392239 31444140 4935292336 678491304 0 6503588 686072116
======================
   8      16 sdb 5368889 1905 864557138 7597912 18392239 31444140 4935292336 678491304 0 6503588 686072116
======================
   8      16 sdb 5368891 1905 864557154 7597912 18392415 31455146 4935381792 678491388 0 6503628 686072200
======================
   8      16 sdb 5368894 1905 864557178 7597912 18392415 31455146 4935381792 678491388 0 6503628 686072200
======================
   8      16 sdb 5368898 1905 864557210 7597912 18392415 31455146 4935381792 678491388 0 6503628 686072200
======================
   8      16 sdb 5368901 1905 864557234 7597916 18392415 31455146 4935381792 678491388 0 6503632 686072204
======================
   8      16 sdb 5368904 1905 864557258 7597920 18392415 31455146 4935381792 678491388 0 6503636 686072208
======================
   8      16 sdb 5368906 1905 864557274 7597920 18392600 31466714 4935475816 678491464 0 6503676 686072280
======================
   8      16 sdb 5368909 1905 864557298 7597920 18392600 31466714 4935475816 678491464 0 6503676 686072280
======================
   8      16 sdb 5368912 1905 864557322 7597920 18392600 31466714 4935475816 678491464 0 6503676 686072280
======================
   8      16 sdb 5368915 1905 864557346 7597924 18392773 31477595 4935564248 678491608 0 6503784 686072428
======================
   8      16 sdb 5368918 1905 864557370 7597928 18392773 31477595 4935564248 678491608 0 6503788 686072432
======================
   8      16 sdb 5368921 1905 864557394 7597928 18392990 31491193 4935674768 678491692 0 6503836 686072516
======================
   8      16 sdb 5368923 1905 864557410 7597928 18392990 31491193 4935674768 678491692 0 6503836 686072516
======================
   8      16 sdb 5368926 1905 864557434 7597936 18395121 31574214 4936355528 678493896 1 6504312 686074724
======================
   8      16 sdb 5368929 1905 864557458 7597940 18396798 31674527 4937171424 678495388 1 6505316 686076208
======================
   8      16 sdb 5368932 1905 864557482 7597948 18398481 31774844 4937987784 678496664 1 6506316 686077484
======================
   8      16 sdb 5368935 1905 864557506 7597960 18400474 31896031 4938972760 678505612 2 6507304 686086440
======================
   8      16 sdb 5368938 1905 864557530 7597992 18402116 31993857 4939768784 678507052 1 6508308 686087912
======================
   8      16 sdb 5368941 1905 864557554 7597996 18404875 32116392 4940770872 678508980 2 6509308 686089828
======================
   8      16 sdb 5368944 1905 864557578 7598016 18406641 32224003 4941646424 678510592 1 6510284 686091480
======================
   8      16 sdb 5368944 1905 864557578 7598016 18406986 32245276 4941819392 678510824 0 6510412 686091684
======================
   8      16 sdb 5368944 1905 864557578 7598016 18406986 32245276 4941819392 678510824 0 6510412 686091684
======================
   8      16 sdb 5368944 1905 864557578 7598016 18406986 32245276 4941819392 678510824 0 6510412 686091684
======================
   8      16 sdb 5368944 1905 864557578 7598016 18406986 32245276 4941819392 678510824 0 6510412 686091684
======================
   8      16 sdb 5368944 1905 864557578 7598016 18406986 32245276 4941819392 678510824 0 6510412 686091684
======================
   8      16 sdb 5368944 1905 864557578 7598016 18406986 32245276 4941819392 678510824 0 6510412 686091684
started
======================
   8      16 sdb 5368944 1905 864557578 7598016 18406986 32245276 4941819392 678510824 0 6510412 686091684
======================
   8      16 sdb 5381220 1905 864655786 7604264 18406986 32245276 4941819392 678510824 11 6510872 686097968
======================
   8      16 sdb 5406256 1905 864856074 7612500 18406986 32245276 4941819392 678510824 1 6511636 686106140
======================
   8      16 sdb 5422034 1905 864982298 7616300 18406986 32245276 4941819392 678510824 0 6512220 686109936
======================
   8      16 sdb 5428488 1905 865033930 7617088 18406986 32245276 4941819392 678510824 0 6512624 686110724
======================
   8      16 sdb 5432313 1905 865064530 7617780 18406986 32245276 4941819392 678510824 1 6512976 686111416
======================
   8      16 sdb 5434942 1905 865085562 7618144 18406986 32245276 4941819392 678510824 0 6513312 686111780
======================
   8      16 sdb 5437583 1905 865106690 7618544 18406986 32245276 4941819392 678510824 0 6513644 686112176
======================
   8      16 sdb 5439892 1905 865125162 7618852 18406986 32245276 4941819392 678510824 1 6513952 686112484
======================
   8      16 sdb 5441718 1905 865139770 7619124 18406986 32245276 4941819392 678510824 0 6514220 686112752
======================
   8      16 sdb 5443832 1905 865156682 7619384 18406986 32245276 4941819392 678510824 1 6514476 686113008
======================
   8      16 sdb 5445512 1905 865170122 7619596 18406986 32245276 4941819392 678510824 0 6514688 686113220
======================
   8      16 sdb 5447137 1905 865183122 7619780 18406986 32245276 4941819392 678510824 1 6514872 686113404
======================
   8      16 sdb 5448735 1905 865195906 7620048 18406986 32245276 4941819392 678510824 0 6515136 686113668
======================
   8      16 sdb 5450450 1905 865209626 7620328 18406986 32245276 4941819392 678510824 0 6515416 686113948
======================
   8      16 sdb 5451998 1905 865222010 7620488 18406986 32245276 4941819392 678510824 1 6515576 686114108
======================
   8      16 sdb 5453321 1905 865232594 7620644 18406986 32245276 4941819392 678510824 1 6515732 686114264
======================
   8      16 sdb 5454630 1905 865243066 7620780 18406986 32245276 4941819392 678510824 0 6515868 686114400
======================
   8      16 sdb 5456168 1905 865255370 7620984 18406986 32245276 4941819392 678510824 1 6516072 686114604
======================
   8      16 sdb 5457342 1905 865264762 7621152 18406986 32245276 4941819392 678510824 0 6516240 686114772
======================
   8      16 sdb 5458495 1905 865273986 7621340 18406986 32245276 4941819392 678510824 0 6516424 686114956
======================
   8      16 sdb 5459598 1905 865282810 7621540 18406986 32245276 4941819392 678510824 0 6516624 686115156
======================
   8      16 sdb 5460652 1905 865291242 7621668 18406986 32245276 4941819392 678510824 0 6516752 686115284
======================
   8      16 sdb 5461687 1905 865299522 7621768 18406986 32245276 4941819392 678510824 0 6516852 686115384
======================
   8      16 sdb 5462792 1905 865308362 7621932 18406986 32245276 4941819392 678510824 0 6517016 686115548
======================
   8      16 sdb 5463753 1905 865316050 7622052 18406986 32245276 4941819392 678510824 0 6517136 686115668
======================
   8      16 sdb 5464679 1905 865323458 7622172 18406986 32245276 4941819392 678510824 0 6517256 686115788
======================
   8      16 sdb 5465674 1905 865331418 7622328 18406986 32245276 4941819392 678510824 0 6517412 686115944
======================
   8      16 sdb 5466527 1905 865338242 7622464 18406986 32245276 4941819392 678510824 0 6517548 686116080
======================
   8      16 sdb 5467543 1905 865346370 7622592 18406986 32245276 4941819392 678510824 0 6517676 686116208
======================
   8      16 sdb 5468341 1905 865352754 7622720 18406986 32245276 4941819392 678510824 0 6517804 686116336
======================
   8      16 sdb 5469114 1905 865358938 7622812 18406986 32245276 4941819392 678510824 0 6517892 686116424
======================
   8      16 sdb 5469863 1905 865364930 7622868 18406986 32245276 4941819392 678510824 1 6517948 686116480
======================
   8      16 sdb 5470626 1905 865371034 7623036 18406986 32245276 4941819392 678510824 0 6518116 686116648
======================
   8      16 sdb 5471436 1905 865377514 7623164 18406986 32245276 4941819392 678510824 0 6518244 686116776
======================
   8      16 sdb 5472243 1905 865383970 7623300 18406986 32245276 4941819392 678510824 1 6518380 686116912
======================
   8      16 sdb 5472901 1905 865389234 7623416 18406986 32245276 4941819392 678510824 0 6518496 686117028
======================
   8      16 sdb 5473688 1905 865395530 7623532 18406986 32245276 4941819392 678510824 0 6518612 686117144
======================
   8      16 sdb 5474342 1905 865400762 7623632 18406986 32245276 4941819392 678510824 0 6518712 686117244
======================
   8      16 sdb 5474967 1905 865405762 7623712 18406986 32245276 4941819392 678510824 0 6518792 686117324
======================
   8      16 sdb 5475583 1905 865410690 7623800 18406986 32245276 4941819392 678510824 0 6518880 686117412
======================
   8      16 sdb 5476180 1905 865415466 7623856 18406986 32245276 4941819392 678510824 0 6518936 686117468
======================
   8      16 sdb 5476749 1905 865420018 7623988 18406986 32245276 4941819392 678510824 0 6519068 686117600
======================
   8      16 sdb 5477314 1905 865424538 7624104 18406986 32245276 4941819392 678510824 0 6519184 686117716
======================
   8      16 sdb 5477957 1905 865429682 7624172 18406986 32245276 4941819392 678510824 0 6519248 686117780
======================
   8      16 sdb 5478497 1905 865434002 7624260 18406986 32245276 4941819392 678510824 0 6519332 686117864
======================
   8      16 sdb 5479030 1905 865438266 7624348 18406986 32245276 4941819392 678510824 0 6519420 686117952
======================
   8      16 sdb 5479553 1905 865442450 7624436 18406986 32245276 4941819392 678510824 0 6519508 686118040
======================
   8      16 sdb 5480066 1905 865446554 7624516 18406986 32245276 4941819392 678510824 0 6519588 686118120
======================
   8      16 sdb 5480570 1905 865450586 7624612 18406986 32245276 4941819392 678510824 0 6519684 686118216
======================
   8      16 sdb 5481072 1905 865454602 7624732 18406986 32245276 4941819392 678510824 0 6519804 686118336
======================
   8      16 sdb 5481562 1905 865458522 7624832 18406986 32245276 4941819392 678510824 0 6519904 686118436
======================
   8      16 sdb 5482045 1905 865462386 7624936 18406986 32245276 4941819392 678510824 0 6520004 686118536
======================
   8      16 sdb 5482516 1905 865466154 7625008 18406986 32245276 4941819392 678510824 0 6520076 686118608
======================
   8      16 sdb 5482971 1905 865469794 7625092 18406986 32245276 4941819392 678510824 0 6520160 686118692
======================
   8      16 sdb 5483423 1905 865473410 7625172 18406986 32245276 4941819392 678510824 0 6520236 686118768
======================
   8      16 sdb 5483887 1905 865477122 7625256 18406986 32245276 4941819392 678510824 0 6520320 686118852
======================
   8      16 sdb 5484349 1905 865480818 7625336 18406986 32245276 4941819392 678510824 0 6520400 686118932
======================
   8      16 sdb 5484775 1905 865484226 7625400 18406986 32245276 4941819392 678510824 0 6520464 686118996
======================
   8      16 sdb 5485196 1905 865487594 7625420 18406986 32245276 4941819392 678510824 0 6520484 686119016
======================
   8      16 sdb 5485651 1905 865491234 7625616 18407022 32247380 4941836512 678510832 0 6520668 686119220
======================
   8      16 sdb 5485795 1905 865492386 7625628 18407022 32247380 4941836512 678510832 0 6520680 686119232
