======================
   8      16 sdb 2833146 10 496419936 1552096 12903190 4066854 4079285352 565154732 0 5069312 566692232
======================
   8      16 sdb 2833146 10 496419936 1552096 12903190 4066854 4079285352 565154732 0 5069312 566692232
======================
   8      16 sdb 2833146 10 496419936 1552096 12903190 4066854 4079285352 565154732 0 5069312 566692232
======================
   8      16 sdb 2833146 10 496419936 1552096 12903190 4066854 4079285352 565154732 0 5069312 566692232
======================
   8      16 sdb 2833636 10 496423856 1552252 12904467 4066854 4079654000 565220512 1 5069908 566758176
======================
   8      16 sdb 2833671 10 496424136 1552732 12905356 4066854 4080072304 565297096 134 5070904 566839580
======================
   8      16 sdb 2833672 10 496424144 1552856 12907109 4066854 4080732272 565425744 139 5071908 566972016
======================
   8      16 sdb 2833673 10 496424152 1552880 12908785 4066854 4081313904 565561952 153 5072908 567113528
======================
   8      16 sdb 2833674 10 496424160 1552912 12910307 4066854 4081847920 565703908 149 5073912 567255668
======================
   8      16 sdb 2833675 10 496424168 1552944 12912324 4067359 4082600072 565855776 150 5074916 567397976
======================
   8      16 sdb 2833677 10 496424184 1552988 12915641 4067821 4083791704 565997748 137 5075920 567539048
======================
   8      16 sdb 2833679 10 496424200 1553088 12916599 4067821 4084218968 566132664 158 5076924 567679280
======================
   8      16 sdb 2833679 10 496424200 1553088 12917805 4067821 4084599384 566269580 136 5077928 567822320
======================
   8      16 sdb 2833680 10 496424208 1553196 12918669 4067821 4084962392 566418128 133 5078932 567964020
======================
   8      16 sdb 2833681 10 496424216 1553332 12919721 4067830 4085326000 566555080 143 5079932 568101212
======================
   8      16 sdb 2833681 10 496424216 1553332 12920706 4067830 4085689520 566697456 150 5080936 568244404
======================
   8      16 sdb 2833682 10 496424224 1553368 12921603 4067834 4086061784 566833980 138 5081940 568387024
======================
   8      16 sdb 2833683 10 496424232 1553424 12922772 4067834 4086454488 566975616 131 5082948 568529308
======================
   8      16 sdb 2833683 10 496424232 1553424 12923689 4067834 4086775768 567105600 142 5083952 568673196
======================
   8      16 sdb 2833685 10 496424248 1553548 12924858 4067842 4087216424 567261052 138 5084956 568807728
======================
   8      16 sdb 2833686 10 496424256 1553636 12925842 4067842 4087596584 567400932 150 5085960 568948504
======================
   8      16 sdb 2833687 10 496424264 1553744 12926881 4067845 4087991112 567541048 154 5086964 569088164
======================
   8      16 sdb 2833688 10 496424272 1553816 12928584 4067845 4088566344 567686756 133 5087964 569229192
======================
   8      16 sdb 2833689 10 496424280 1553860 12930576 4067845 4089325128 567824784 150 5088968 569368548
======================
   8      16 sdb 2833690 10 496424288 1553956 12932071 4067854 4089848992 567952800 155 5089972 569498340
======================
   8      16 sdb 2833691 10 496424296 1554080 12933269 4067854 4090294432 568086064 138 5090976 569634068
======================
   8      16 sdb 2833692 10 496424304 1554112 12934156 4067858 4090643400 568222176 140 5091980 569776804
======================
   8      16 sdb 2833693 10 496424312 1554168 12935242 4067858 4090997704 568366216 150 5092984 569919448
======================
   8      16 sdb 2833693 10 496424312 1554168 12936325 4067858 4091363272 568514964 155 5093988 570062564
======================
   8      16 sdb 2833694 10 496424320 1554240 12937240 4067866 4091721496 568654604 136 5094992 570202628
======================
   8      16 sdb 2833695 10 496424328 1554332 12938207 4067866 4092088600 568795484 134 5095996 570343636
======================
   8      16 sdb 2833695 10 496424328 1554332 12939214 4067869 4092462136 568934424 151 5097000 570487172
======================
   8      16 sdb 2833696 10 496424336 1554404 12940323 4067869 4092850744 569074880 136 5098004 570628352
======================
   8      16 sdb 2833697 10 496424344 1554460 12942476 4067869 4093588024 569221652 99 5099008 570767576
======================
   8      16 sdb 2833699 10 496424360 1554592 12944714 4067877 4094356616 569362372 135 5100012 570906936
======================
   8      16 sdb 2833701 10 496424376 1554656 12946526 4067880 4095051176 569492416 141 5101016 571043500
======================
   8      16 sdb 2833702 10 496424384 1554812 12947650 4067880 4095428776 569622060 139 5102020 571176436
======================
   8      16 sdb 2833703 10 496424392 1554844 12948852 4067880 4095818920 569766012 145 5103024 571319096
======================
   8      16 sdb 2833703 10 496424392 1554844 12949941 4067880 4096196008 569914976 144 5104028 571462508
======================
   8      16 sdb 2833704 10 496424400 1554880 12950924 4067889 4096572416 570058192 144 5105032 571606148
======================
   8      16 sdb 2833705 10 496424408 1554928 12951965 4067889 4096948480 570194108 133 5106036 571748692
======================
   8      16 sdb 2833706 10 496424416 1554992 12952729 4067892 4097328936 570335376 92 5107040 571888760
======================
   8      16 sdb 2833708 10 496424432 1555140 12953473 4067892 4097709864 570473616 129 5108044 572029264
======================
   8      16 sdb 2833711 10 496424456 1555284 12954960 4067892 4098471208 570620352 148 5109048 572166436
======================
   8      16 sdb 2833715 10 496424488 1555444 12956886 4067904 4099456912 570754248 141 5110052 572298900
======================
   8      16 sdb 2833719 10 496424520 1555612 12958808 4067904 4100440976 570885440 148 5111056 572432308
======================
   8      16 sdb 2833723 10 496424552 1555820 12960732 4067904 4101426064 571016856 140 5112060 572564012
======================
   8      16 sdb 2833727 10 496424584 1556052 12962655 4067904 4102410640 571145380 132 5113060 572692176
======================
   8      16 sdb 2833730 10 496424608 1556236 12964575 4067904 4103393680 571275520 23 5114064 572819116
======================
   8      16 sdb 2833735 10 496424648 1556528 12966486 4067935 4104370848 571390468 141 5115068 572937832
======================
   8      16 sdb 2833739 10 496424680 1556812 12968365 4067935 4105332896 571509500 145 5116072 573058796
======================
   8      16 sdb 2833743 10 496424712 1557116 12970306 4067935 4106326184 571633112 145 5117076 573179148
======================
   8      16 sdb 2833746 10 496424736 1557332 12972228 4067952 4107308872 571755688 57 5118076 573302208
======================
   8      16 sdb 2833751 10 496424776 1557660 12974148 4067952 4108291912 571870120 151 5119076 573419088
======================
   8      16 sdb 2833755 10 496424808 1557952 12976068 4067975 4109274128 571987104 130 5120076 573536040
======================
   8      16 sdb 2833759 10 496424840 1558260 12977993 4067992 4110258856 572108328 130 5121080 573656040
======================
   8      16 sdb 2833762 10 496424864 1558448 12979894 4067992 4111232168 572233496 75 5122084 573781860
======================
   8      16 sdb 2833767 10 496424904 1558772 12981792 4067992 4112203944 572347304 133 5123084 573897208
======================
   8      16 sdb 2833771 10 496424936 1559076 12983711 4067992 4113186472 572465548 151 5124084 574015740
======================
   8      16 sdb 2833775 10 496424968 1559304 12985636 4068014 4114171240 572585612 138 5125084 574132612
======================
   8      16 sdb 2833778 10 496424992 1559536 12987562 4068030 4115156472 572707236 91 5126088 574257172
======================
   8      16 sdb 2833783 10 496425032 1559864 12989405 4068030 4116100088 572815896 136 5127088 574372480
======================
   8      16 sdb 2833787 10 496425064 1560152 12991403 4068030 4117123576 572940196 143 5128084 574491304
======================
   8      16 sdb 2833791 10 496425096 1560456 12993303 4068030 4118095864 573062164 136 5129084 574610476
======================
   8      16 sdb 2833794 10 496425120 1560680 12995205 4068053 4119068864 573176164 98 5130088 574727260
======================
   8      16 sdb 2833799 10 496425160 1561016 12997122 4068070 4120049496 573290252 136 5131092 574842252
======================
   8      16 sdb 2833803 10 496425192 1561328 12999045 4068070 4121034072 573409104 143 5132096 574961796
======================
   8      16 sdb 2833807 10 496425224 1561632 13000967 4068070 4122018136 573532288 141 5133096 575081088
======================
   8      16 sdb 2833810 10 496425248 1561852 13002886 4068070 4123000664 573652924 99 5134100 575205220
======================
   8      16 sdb 2833815 10 496425288 1562184 13004809 4068094 4123984424 573764752 156 5135104 575317988
======================
   8      16 sdb 2833818 10 496425312 1562400 13006519 4068111 4124858568 573875292 55 5136108 575432512
======================
   8      16 sdb 2833823 10 496425352 1562628 13008614 4068111 4125931208 574013868 151 5137112 575567780
======================
   8      16 sdb 2833826 10 496425376 1562644 13010538 4068111 4126916296 574155648 132 5138116 575709480
======================
   8      16 sdb 2833831 10 496425416 1562728 13012460 4068111 4127900360 574297328 129 5139116 575850880
======================
   8      16 sdb 2833835 10 496425448 1562800 13014383 4068133 4128884608 574439560 146 5140120 575993272
======================
   8      16 sdb 2833839 10 496425480 1562892 13016293 4068133 4129862528 574578648 131 5141124 576132784
======================
   8      16 sdb 2833842 10 496425504 1562980 13018220 4068133 4130849152 574717000 131 5142128 576271052
======================
   8      16 sdb 2833847 10 496425544 1563172 13020120 4068133 4131821952 574848912 155 5143132 576403312
======================
   8      16 sdb 2833851 10 496425576 1563324 13022015 4068133 4132792192 574985304 128 5144132 576539388
======================
   8      16 sdb 2833855 10 496425608 1563500 13023938 4068133 4133776768 575121896 151 5145136 576674304
======================
   8      16 sdb 2833858 10 496425632 1563640 13025861 4068133 4134761856 575253296 155 5146140 576807764
======================
   8      16 sdb 2833863 10 496425672 1563908 13027779 4068164 4135742600 575376232 141 5147144 576930664
======================
   8      16 sdb 2833867 10 496425704 1564144 13029705 4068181 4136727840 575504040 131 5148148 577058568
======================
   8      16 sdb 2833870 10 496425728 1564336 13031628 4068181 4137712416 575631680 39 5149152 577184200
======================
   8      16 sdb 2833874 10 496425760 1564624 13033527 4068181 4138684200 575754296 138 5150156 577310164
======================
   8      16 sdb 2833879 10 496425800 1564948 13035423 4068205 4139653632 575870440 145 5151152 577426164
======================
   8      16 sdb 2833883 10 496425832 1565188 13037329 4068227 4140628672 575990300 147 5152156 577542116
======================
   8      16 sdb 2833886 10 496425856 1565408 13039272 4068243 4141622608 576111448 51 5153160 577665560
======================
   8      16 sdb 2833890 10 496425888 1565704 13041191 4068243 4142605136 576228800 139 5154160 577785536
======================
   8      16 sdb 2833895 10 496425928 1566028 13043112 4068243 4143588688 576342260 144 5155160 577899272
======================
   8      16 sdb 2833899 10 496425960 1566320 13045031 4068243 4144571216 576462472 131 5156160 578018324
======================
   8      16 sdb 2833902 10 496425984 1566532 13046939 4068266 4145547288 576580472 66 5157164 578136424
======================
   8      16 sdb 2833906 10 496426016 1566836 13048839 4068283 4146519216 576699100 131 5158164 578256800
======================
   8      16 sdb 2833911 10 496426056 1567156 13050737 4068283 4147490992 576811596 138 5159168 578370632
======================
   8      16 sdb 2833915 10 496426088 1567444 13052658 4068283 4148474544 576935772 151 5160168 578489848
======================
   8      16 sdb 2833918 10 496426112 1567672 13054582 4068283 4149459632 577056492 105 5161168 578614432
======================
   8      16 sdb 2833922 10 496426144 1567956 13056507 4068306 4150444408 577168916 144 5162168 578727684
======================
   8      16 sdb 2833927 10 496426184 1568288 13058430 4068323 4151428112 577283772 127 5163172 578842852
======================
   8      16 sdb 2833931 10 496426216 1568588 13060351 4068323 4152411664 577406812 142 5164172 578962336
======================
   8      16 sdb 2833934 10 496426240 1568820 13062269 4068323 4153393680 577527608 102 5165176 579086692
======================
   8      16 sdb 2833938 10 496426272 1569124 13064169 4068323 4154366480 577644048 142 5166180 579203820
======================
   8      16 sdb 2833943 10 496426312 1569444 13066083 4068346 4155346136 577757956 137 5167176 579317984
======================
   8      16 sdb 2833946 10 496426336 1569672 13068006 4068363 4156329336 577882744 2 5168180 579438084
======================
   8      16 sdb 2833950 10 496426368 1569976 13069926 4068363 4157311864 578001580 130 5169180 579562464
======================
   8      16 sdb 2833954 10 496426400 1570280 13071850 4068363 4158296952 578120816 136 5170180 579681544
======================
   8      16 sdb 2833959 10 496426440 1570600 13073770 4068363 4159279992 578235624 133 5171184 579796044
======================
   8      16 sdb 2833963 10 496426472 1570904 13075691 4068385 4160262712 578351136 22 5172184 579907512
======================
   8      16 sdb 2833966 10 496426496 1571116 13077597 4068401 4161237704 578468624 130 5173188 580030368
======================
   8      16 sdb 2833970 10 496426528 1571396 13079497 4068401 4162210504 578586116 141 5174188 580148332
======================
   8      16 sdb 2833975 10 496426568 1571724 13081414 4068401 4163192008 578702000 133 5175192 580263140
======================
   8      16 sdb 2833978 10 496426592 1571944 13083337 4068401 4164176584 578823884 35 5176192 580383584
======================
   8      16 sdb 2833982 10 496426624 1572176 13085263 4068424 4165161872 578945700 138 5177192 580508808
======================
   8      16 sdb 2833986 10 496426656 1572484 13087182 4068441 4166144040 579064448 137 5178192 580627352
======================
   8      16 sdb 2833991 10 496426696 1572808 13089105 4068441 4167128104 579178564 154 5179192 580740516
======================
   8      16 sdb 2833994 10 496426720 1573028 13091006 4068441 4168101416 579302076 50 5180196 580863568
======================
   8      16 sdb 2833998 10 496426752 1573328 13092905 4068441 4169073704 579420516 146 5181196 580984412
======================
   8      16 sdb 2834002 10 496426784 1573500 13094826 4068480 4170055048 579540696 153 5182200 581104372
======================
   8      16 sdb 2834007 10 496426824 1573832 13096747 4068480 4171038600 579656540 135 5183204 581217680
======================
   8      16 sdb 2834010 10 496426848 1574044 13098671 4068480 4172023688 579777096 70 5184208 581340644
======================
   8      16 sdb 2834014 10 496426880 1574344 13100589 4068480 4173005704 579895648 147 5185208 581460408
======================
   8      16 sdb 2834018 10 496426912 1574636 13102511 4068480 4173989768 580011908 154 5186212 581577108
======================
   8      16 sdb 2834023 10 496426952 1574972 13104412 4068503 4174962256 580124328 152 5187212 581685316
======================
   8      16 sdb 2834026 10 496426976 1575192 13106298 4068520 4175927016 580242832 127 5188216 581808612
======================
   8      16 sdb 2834030 10 496427008 1575488 13108231 4068520 4176916712 580362256 137 5189220 581928472
======================
   8      16 sdb 2834034 10 496427040 1575792 13110149 4068520 4177898728 580481160 130 5190220 582047188
======================
   8      16 sdb 2834039 10 496427080 1576116 13112069 4068520 4178881768 580599044 138 5191224 582162024
======================
   8      16 sdb 2834042 10 496427104 1576328 13113988 4068544 4179863480 580716588 87 5192224 582282600
======================
   8      16 sdb 2834046 10 496427136 1576632 13115915 4068560 4180848216 580834928 137 5193228 582402184
======================
   8      16 sdb 2834050 10 496427168 1576932 13117814 4068560 4181820504 580953668 149 5194232 582521296
======================
   8      16 sdb 2834054 10 496427200 1577184 13119710 4068560 4182791256 581074380 1 5195236 582636968
======================
   8      16 sdb 2834058 10 496427232 1577492 13121633 4068560 4183775832 581191032 126 5196236 582759168
======================
   8      16 sdb 2834062 10 496427264 1577736 13123561 4068599 4184760760 581307264 129 5197236 582875064
======================
   8      16 sdb 2834066 10 496427296 1578048 13125483 4068599 4185744824 581424836 138 5198240 582993224
======================
   8      16 sdb 2834070 10 496427328 1578300 13127395 4068599 4186723768 581545240 1 5199244 583108884
======================
   8      16 sdb 2834074 10 496427360 1578588 13129320 4068599 4187709368 581662688 124 5200244 583231808
======================
   8      16 sdb 2834078 10 496427392 1578888 13131218 4068599 4188681656 581780952 133 5201240 583350612
======================
   8      16 sdb 2834082 10 496427424 1579192 13133117 4068639 4189651736 581892680 148 5202236 583461060
======================
   8      16 sdb 2834086 10 496427456 1579444 13135041 4068639 4190636824 582013124 39 5203240 583580220
======================
   8      16 sdb 2834090 10 496427488 1579748 13136964 4068639 4191621400 582130628 145 5204244 583700876
======================
   8      16 sdb 2834094 10 496427520 1580048 13138886 4068639 4192605464 582249644 141 5205248 583820388
======================
   8      16 sdb 2834098 10 496427552 1580356 13140801 4068639 4193585944 582369484 150 5206252 583939104
======================
   8      16 sdb 2834102 10 496427584 1580604 13142728 4068662 4194571744 582486412 34 5207248 584054320
======================
   8      16 sdb 2834106 10 496427616 1580892 13144626 4068679 4195543160 582602208 133 5208248 584173716
======================
   8      16 sdb 2834110 10 496427648 1581188 13146522 4068679 4196513400 582720300 135 5209252 584292004
======================
   8      16 sdb 2834114 10 496427680 1581484 13148443 4068679 4197496952 582841780 156 5210252 584410748
======================
   8      16 sdb 2834118 10 496427712 1581728 13150354 4068679 4198475896 582958240 90 5211252 584529428
======================
   8      16 sdb 2834122 10 496427744 1581988 13152286 4068717 4199461848 583072428 155 5212252 584645068
======================
   8      16 sdb 2834126 10 496427776 1582224 13154144 4068717 4200413656 583197544 9 5213252 584764896
======================
   8      16 sdb 2834130 10 496427808 1582528 13156126 4068717 4201427928 583312584 128 5214256 584882584
======================
   8      16 sdb 2834134 10 496427840 1582776 13158029 4068717 4202402264 583429888 101 5215260 585002532
======================
   8      16 sdb 2834138 10 496427872 1583080 13159923 4068717 4203371992 583544520 173 5216260 585118116
======================
   8      16 sdb 2834142 10 496427904 1583384 13161847 4068741 4204356264 583659184 135 5217260 585232696
======================
   8      16 sdb 2834146 10 496427936 1583692 13163769 4068741 4205340328 583783892 58 5218264 585352772
======================
   8      16 sdb 2834150 10 496427968 1583948 13165687 4068741 4206322344 583899968 125 5219268 585474300
======================
   8      16 sdb 2834154 10 496428000 1584244 13167608 4068741 4207305896 584016696 133 5220264 585591068
======================
   8      16 sdb 2834158 10 496428032 1584552 13169527 4068741 4208288424 584136772 135 5221268 585711320
======================
   8      16 sdb 2834161 10 496428056 1584780 13171418 4068764 4209256304 584257092 28 5222272 585829356
======================
   8      16 sdb 2834166 10 496428096 1585112 13173347 4068764 4210243440 584372224 143 5223272 585947456
======================
   8      16 sdb 2834170 10 496428128 1585424 13175243 4068764 4211214192 584487760 146 5224276 586063456
======================
   8      16 sdb 2834174 10 496428160 1585708 13177167 4068764 4212199280 584606448 152 5225276 586181324
======================
   8      16 sdb 2834177 10 496428184 1585928 13179093 4068764 4213185392 584730708 33 5226284 586303880
======================
   8      16 sdb 2834181 10 496428216 1586116 13180677 4068847 4213988984 584824800 0 5227100 586395916
======================
   8      16 sdb 2834181 10 496428216 1586116 13180677 4068847 4213988984 584824800 0 5227100 586395916
======================
   8      16 sdb 2834181 10 496428216 1586116 13180677 4068847 4213988984 584824800 0 5227100 586395916
======================
   8      16 sdb 2834181 10 496428216 1586116 13180677 4068847 4213988984 584824800 0 5227100 586395916
======================
   8      16 sdb 2834181 10 496428216 1586116 13180677 4068847 4213988984 584824800 0 5227100 586395916
======================
   8      16 sdb 2834181 10 496428216 1586116 13180677 4068847 4213988984 584824800 0 5227100 586395916
======================
   8      16 sdb 2834181 10 496428216 1586116 13180677 4068847 4213988984 584824800 0 5227100 586395916
started
======================
   8      16 sdb 2834308 10 496429226 1586396 13180694 4068847 4213989048 584824800 0 5227104 586396196
======================
   8      16 sdb 2834313 10 496429266 1586400 13180694 4068847 4213989048 584824800 0 5227108 586396200
======================
   8      16 sdb 2834313 10 496429266 1586400 13180694 4068847 4213989048 584824800 0 5227108 586396200
======================
   8      16 sdb 2834313 10 496429266 1586400 13180694 4068847 4213989048 584824800 0 5227108 586396200
======================
   8      16 sdb 2834313 10 496429266 1586400 13180694 4068847 4213989048 584824800 0 5227108 586396200
======================
   8      16 sdb 2834313 10 496429266 1586400 13180694 4068847 4213989048 584824800 0 5227108 586396200
======================
   8      16 sdb 2834313 10 496429266 1586400 13180697 4068849 4213989088 584824800 0 5227108 586396200
======================
   8      16 sdb 2834313 10 496429266 1586400 13182069 4068849 4214691560 584832612 49 5227212 586403996
======================
   8      16 sdb 2834313 10 496429266 1586400 13184538 4068849 4215955176 584853896 0 5227472 586425240
======================
   8      16 sdb 2834313 10 496429266 1586400 13185421 4068849 4216407272 584956480 152 5228296 586541440
======================
   8      16 sdb 2834313 10 496429266 1586400 13186144 4068849 4216777448 585100352 133 5229300 586685552
======================
   8      16 sdb 2834313 10 496429266 1586400 13186854 4068850 4217139968 585243016 129 5230304 586829076
======================
   8      16 sdb 2834313 10 496429266 1586400 13187666 4068850 4217555712 585384960 149 5231336 586976076
======================
   8      16 sdb 2834313 10 496429266 1586400 13188435 4068850 4217949952 585529784 148 5232340 587119520
======================
   8      16 sdb 2834313 10 496429266 1586400 13189864 4068850 4218681088 585681204 128 5233344 587262148
======================
   8      16 sdb 2834313 10 496429266 1586400 13191414 4068850 4219474688 585823380 145 5234352 587404896
======================
   8      16 sdb 2834313 10 496429266 1586400 13193353 4068851 4220466456 585966556 128 5235360 587547708
======================
   8      16 sdb 2834313 10 496429266 1586400 13195075 4068851 4221348120 586107904 134 5236364 587689840
======================
   8      16 sdb 2834313 10 496429266 1586400 13196767 4068851 4222214424 586250024 138 5237368 587831928
======================
   8      16 sdb 2834313 10 496429266 1586400 13198393 4068851 4223046936 586390568 144 5238372 587973584
======================
   8      16 sdb 2834313 10 496429266 1586400 13199821 4068851 4223778072 586534956 156 5239376 588116056
======================
   8      16 sdb 2834313 10 496429266 1586400 13201667 4068852 4224722224 586675064 136 5240380 588258616
======================
   8      16 sdb 2834313 10 496429266 1586400 13203169 4068852 4225491248 586819940 138 5241384 588401216
======================
   8      16 sdb 2834313 10 496429266 1586400 13204964 4068852 4226410288 586960500 135 5242388 588543280
======================
   8      16 sdb 2834313 10 496429266 1586400 13206726 4068852 4227312432 587103668 133 5243388 588684656
======================
   8      16 sdb 2834313 10 496429266 1586400 13208482 4068852 4228211504 587245616 137 5244392 588827304
======================
   8      16 sdb 2834313 10 496429266 1586400 13210065 4068853 4229021000 587387984 153 5245396 588969392
======================
   8      16 sdb 2834313 10 496429266 1586400 13211988 4068853 4230005576 587529528 153 5246396 589110572
======================
   8      16 sdb 2834313 10 496429266 1586400 13213660 4068853 4230861640 587671128 145 5247400 589252588
======================
   8      16 sdb 2834313 10 496429266 1586400 13215504 4068853 4231805768 587810360 142 5248404 589394140
======================
   8      16 sdb 2834313 10 496429266 1586400 13217256 4068853 4232702792 587954988 133 5249404 589535900
======================
   8      16 sdb 2834313 10 496429266 1586400 13219037 4068854 4233613664 588095640 146 5250408 589678380
======================
   8      16 sdb 2834313 10 496429266 1586400 13220783 4068854 4234507616 588238984 128 5251412 589820484
======================
   8      16 sdb 2834313 10 496429266 1586400 13222569 4068854 4235422048 588380140 134 5252412 589961516
======================
   8      16 sdb 2834313 10 496429266 1586400 13224276 4068854 4236295720 588520284 155 5253416 590103616
======================
   8      16 sdb 2834313 10 496429266 1586400 13226178 4068856 4237269544 588671904 132 5254496 590253184
======================
   8      16 sdb 2834313 10 496429266 1586400 13227902 4068857 4238149952 588807920 138 5255500 590395500
======================
   8      16 sdb 2834313 10 496429266 1586400 13230079 4068857 4239263040 588982156 140 5256692 590564024
======================
   8      16 sdb 2834313 10 496429266 1586400 13232026 4068857 4240258880 589124768 145 5257700 590705952
======================
   8      16 sdb 2834313 10 496429266 1586400 13233937 4068857 4241236288 589267296 132 5258708 590848224
======================
   8      16 sdb 2834313 10 496429266 1586400 13235590 4068857 4242081600 589402372 129 5259712 590990228
======================
   8      16 sdb 2834313 10 496429266 1586400 13236543 4068858 4242568024 589549336 138 5260716 591134184
======================
   8      16 sdb 2834313 10 496429266 1586400 13237522 4068858 4243068760 589689924 151 5261720 591276496
======================
   8      16 sdb 2834313 10 496429266 1586400 13238361 4068858 4243497816 589832952 144 5262724 591420892
======================
   8      16 sdb 2834313 10 496429266 1586400 13239228 4068858 4243941208 589975220 141 5263732 591565212
======================
   8      16 sdb 2834313 10 496429266 1586400 13240195 4068858 4244435800 590125300 134 5264732 591707984
======================
   8      16 sdb 2834313 10 496429266 1586400 13241789 4068859 4245249392 590261784 135 5265736 591850076
======================
   8      16 sdb 2834313 10 496429266 1586400 13242582 4068859 4245654896 590406292 142 5266740 591994476
======================
   8      16 sdb 2834313 10 496429266 1586400 13243434 4068859 4246090608 590551100 128 5267740 592137772
======================
   8      16 sdb 2834313 10 496429266 1586400 13244248 4068859 4246506864 590692712 146 5268744 592280792
======================
   8      16 sdb 2834313 10 496429266 1586400 13245110 4068859 4246947184 590838948 148 5269752 592425260
======================
   8      16 sdb 2834313 10 496429266 1586400 13246159 4068860 4247482248 590986964 157 5270756 592568816
======================
   8      16 sdb 2834313 10 496429266 1586400 13247866 4068860 4248354696 591123964 154 5271756 592710316
======================
   8      16 sdb 2834313 10 496429266 1586400 13248816 4068860 4248840072 591269648 128 5272760 592854176
======================
   8      16 sdb 2834313 10 496429266 1586400 13249622 4068860 4249252232 591407016 154 5273760 592996576
======================
   8      16 sdb 2834313 10 496429266 1586400 13250440 4068861 4249670024 591557904 152 5274764 593141212
======================
   8      16 sdb 2834313 10 496429266 1586400 13251285 4068861 4250101152 591697284 139 5275764 593285092
======================
   8      16 sdb 2834313 10 496429266 1586400 13252050 4068861 4250491808 591838368 142 5276768 593427372
======================
   8      16 sdb 2834313 10 496429266 1586400 13252775 4068861 4250862496 591976684 153 5277772 593570384
======================
   8      16 sdb 2834313 10 496429266 1586400 13253530 4068861 4251248032 592122208 141 5278772 593713604
======================
   8      16 sdb 2834313 10 496429266 1586400 13254314 4068862 4251648416 592267952 158 5279776 593856392
======================
   8      16 sdb 2834313 10 496429266 1586400 13255219 4068862 4252109752 592413132 150 5280776 594000172
======================
   8      16 sdb 2834313 10 496429266 1586400 13256247 4068862 4252635064 592556428 146 5281780 594143816
