======================
   8      32 sdc 434 0 9530 39080 130025 7767359 63179056 46351856 0 282012 46401668
======================
   8      32 sdc 434 0 9530 39080 130025 7767359 63179056 46351856 0 282012 46401668
======================
   8      32 sdc 437 0 9554 39124 130025 7767359 63179056 46351856 0 282056 46401712
======================
   8      32 sdc 437 0 9554 39124 130025 7767359 63179056 46351856 0 282056 46401712
======================
   8      32 sdc 438 0 9562 39140 132309 7767359 64348464 46366480 144 282340 46422872
======================
   8      32 sdc 438 0 9562 39140 133368 7767359 64890672 46499604 141 283344 46566120
======================
   8      32 sdc 438 0 9562 39140 133987 7767359 65207600 46643496 130 284348 46709788
======================
   8      32 sdc 438 0 9562 39140 133997 7767359 65212720 46645688 153 285352 46862556
======================
   8      32 sdc 438 0 9562 39140 134668 7767386 65555480 46929532 155 286356 47003992
======================
   8      32 sdc 438 0 9562 39140 135272 7767386 65864728 47086888 131 287356 47144748
======================
   8      32 sdc 438 0 9562 39140 135664 7767386 66065432 47132292 151 288360 47293560
======================
   8      32 sdc 438 0 9562 39140 136245 7767386 66362904 47383520 146 289408 47447960
======================
   8      32 sdc 439 0 9570 39208 137511 7767386 67011096 47520568 142 290412 47588240
======================
   8      32 sdc 439 0 9570 39208 137898 7767386 67209240 47620040 139 291416 47730028
======================
   8      32 sdc 439 0 9570 39208 138747 7767386 67643928 47810220 154 292420 47875452
======================
   8      32 sdc 439 0 9570 39208 139681 7767386 68122136 47945764 148 293420 48018288
======================
   8      32 sdc 439 0 9570 39208 140322 7767386 68450328 48089320 147 294424 48161652
======================
   8      32 sdc 439 0 9570 39208 140972 7767386 68783128 48232284 137 295428 48305088
======================
   8      32 sdc 439 0 9570 39208 141614 7767386 69111832 48375820 135 296432 48448668
======================
   8      32 sdc 439 0 9570 39208 142273 7767386 69449240 48526456 148 297436 48591200
======================
   8      32 sdc 439 0 9570 39208 142943 7767386 69792280 48660544 150 298440 48735032
======================
   8      32 sdc 439 0 9570 39208 143573 7767386 70114840 48805580 128 299444 48878796
======================
   8      32 sdc 439 0 9570 39208 144191 7767386 70431256 48948564 150 300444 49021852
======================
   8      32 sdc 439 0 9570 39208 144867 7767386 70777368 49093752 146 301448 49165420
======================
   8      32 sdc 440 0 9578 39464 145529 7767412 71115512 49216824 147 302448 49288840
======================
   8      32 sdc 440 0 9578 39464 146214 7767422 71459760 49362468 134 303452 49434756
======================
   8      32 sdc 440 0 9578 39464 146840 7767422 71780272 49504840 148 304456 49578360
======================
   8      32 sdc 440 0 9578 39464 147470 7767422 72102832 49649628 158 305460 49722180
======================
   8      32 sdc 440 0 9578 39464 148123 7767422 72437168 49792532 145 306460 49865228
======================
   8      32 sdc 440 0 9578 39464 148765 7767422 72766384 49935976 143 307464 50008944
======================
   8      32 sdc 440 0 9578 39464 149410 7767422 73096112 50079796 138 308468 50153276
======================
   8      32 sdc 440 0 9578 39464 150079 7767422 73438640 50224420 141 309472 50296904
======================
   8      32 sdc 440 0 9578 39464 150730 7767422 73771952 50367236 130 310476 50440252
======================
   8      32 sdc 440 0 9578 39464 151372 7767422 74100656 50510808 128 311476 50583248
======================
   8      32 sdc 440 0 9578 39464 152014 7767422 74429360 50654452 158 312484 50727616
======================
   8      32 sdc 440 0 9578 39464 152649 7767422 74754480 50795992 131 313488 50870696
======================
   8      32 sdc 441 0 9586 39912 153148 7767422 75009968 50897936 132 314492 50971604
======================
   8      32 sdc 441 0 9586 39912 153813 7767422 75350448 51041536 139 315496 51115212
======================
   8      32 sdc 441 0 9586 39912 154456 7767422 75679664 51184652 136 316500 51258888
======================
   8      32 sdc 441 0 9586 39912 155103 7767422 76010928 51328748 129 317500 51401564
======================
   8      32 sdc 441 0 9586 39912 155745 7767422 76339632 51467468 159 318504 51543040
======================
   8      32 sdc 441 0 9586 39912 156374 7767422 76661680 51612084 138 319508 51686772
======================
   8      32 sdc 441 0 9586 39912 157012 7767422 76988336 51756460 140 320512 51829908
======================
   8      32 sdc 441 0 9586 39912 157688 7767422 77334448 51899932 136 321512 51972884
======================
   8      32 sdc 441 0 9586 39912 158364 7767422 77680560 52043232 132 322516 52116296
======================
   8      32 sdc 441 0 9586 39912 159037 7767422 78025136 52186104 131 323520 52259604
======================
   8      32 sdc 441 0 9586 39912 159662 7767422 78345136 52327144 146 324524 52401728
======================
   8      32 sdc 441 0 9586 39912 160289 7767422 78666160 52471712 145 325524 52544740
======================
   8      32 sdc 442 0 9594 40636 160791 7767422 78923184 52550016 137 326528 52622552
======================
   8      32 sdc 442 0 9594 40636 161460 7767422 79265712 52691380 140 327532 52765484
======================
   8      32 sdc 442 0 9594 40636 162098 7767422 79592368 52833204 142 328536 52908888
======================
   8      32 sdc 442 0 9594 40636 162753 7767422 79927728 52978328 153 329540 53052260
======================
   8      32 sdc 442 0 9594 40636 163398 7767422 80257968 53120500 154 330540 53194892
======================
   8      32 sdc 442 0 9594 40636 164040 7767422 80586672 53264264 152 331544 53338824
======================
   8      32 sdc 442 0 9594 40636 164682 7767422 80915376 53407752 150 332548 53482392
======================
   8      32 sdc 442 0 9594 40636 165319 7767422 81241520 53550108 153 333552 53625732
======================
   8      32 sdc 442 0 9594 40636 165979 7767422 81579440 53694292 133 334556 53769332
======================
   8      32 sdc 442 0 9594 40636 166643 7767422 81919408 53838616 141 335560 53912884
======================
   8      32 sdc 442 0 9594 40636 167284 7767422 82247600 53981220 140 336564 54056348
======================
   8      32 sdc 442 0 9594 40636 167935 7767422 82580912 54126000 129 337568 54199724
======================
   8      32 sdc 443 0 9602 41056 168442 7767422 82840496 54233044 135 338568 54308096
======================
   8      32 sdc 443 0 9602 41056 169104 7767422 83179440 54375096 145 339572 54451432
======================
   8      32 sdc 443 0 9602 41056 169718 7767422 83493808 54516872 139 340576 54594632
======================
   8      32 sdc 443 0 9602 41056 170398 7767422 83841968 54663892 131 341580 54738028
======================
   8      32 sdc 443 0 9602 41056 171052 7767422 84176816 54806664 149 342584 54881192
======================
   8      32 sdc 443 0 9602 41056 171705 7767422 84511152 54947276 136 343584 55023796
======================
   8      32 sdc 443 0 9602 41056 172335 7767422 84833712 55091672 146 344588 55166956
======================
   8      32 sdc 443 0 9602 41056 172984 7767422 85166000 55236116 137 345592 55310232
======================
   8      32 sdc 443 0 9602 41056 173660 7767422 85512112 55379576 133 346596 55453612
======================
   8      32 sdc 443 0 9602 41056 174309 7767422 85844400 55521760 156 347600 55596760
======================
   8      32 sdc 443 0 9602 41056 174952 7767422 86173616 55665584 153 348604 55740152
======================
   8      32 sdc 443 0 9602 41056 175611 7767422 86511024 55808620 134 349604 55882808
======================
   8      32 sdc 444 0 9610 41280 176242 7767422 86834096 55937220 144 350608 56012712
======================
   8      32 sdc 444 0 9610 41280 176884 7767422 87162800 56080656 142 351612 56156008
======================
   8      32 sdc 444 0 9610 41280 177526 7767422 87491504 56224004 140 352616 56299572
======================
   8      32 sdc 444 0 9610 41280 178166 7767422 87819184 56367188 140 353620 56443284
======================
   8      32 sdc 444 0 9610 41280 178814 7767422 88150960 56511756 132 354620 56586232
======================
   8      32 sdc 444 0 9610 41280 179459 7767422 88481200 56655064 135 355624 56730012
======================
   8      32 sdc 444 0 9610 41280 180097 7767422 88807856 56800172 129 356628 56873960
======================
   8      32 sdc 444 0 9610 41280 180773 7767422 89153968 56943036 157 357632 57017608
======================
   8      32 sdc 444 0 9610 41280 181426 7767422 89488304 57084056 144 358636 57161260
======================
   8      32 sdc 444 0 9610 41280 182055 7767422 89810352 57228900 155 359636 57304340
======================
   8      32 sdc 444 0 9610 41280 182705 7767422 90143152 57373844 145 360640 57448248
======================
   8      32 sdc 444 0 9610 41280 183258 7767422 90426288 57491272 136 361644 57590524
======================
   8      32 sdc 445 0 9618 41652 183889 7767422 90749360 57619564 145 362648 57694100
======================
   8      32 sdc 445 0 9618 41652 184554 7767422 91089840 57761428 133 363652 57837148
======================
   8      32 sdc 445 0 9618 41652 185188 7767422 91414448 57904348 139 364656 57980684
======================
   8      32 sdc 445 0 9618 41652 185815 7767422 91735472 58048280 152 365660 58124028
======================
   8      32 sdc 445 0 9618 41652 186460 7767422 92066224 58189540 147 366664 58267744
======================
   8      32 sdc 445 0 9618 41652 187118 7767422 92402608 58335244 129 367668 58410932
======================
   8      32 sdc 445 0 9618 41652 187766 7767422 92734384 58478948 153 368668 58553744
======================
   8      32 sdc 445 0 9618 41652 188431 7767422 93074864 58622784 128 369672 58697596
======================
   8      32 sdc 445 0 9618 41652 189078 7767422 93406128 58765748 153 370676 58841412
======================
   8      32 sdc 445 0 9618 41652 189720 7767422 93734832 58909268 151 371680 58985028
======================
   8      32 sdc 445 0 9618 41652 190362 7767422 94063536 59051396 149 372684 59127248
======================
   8      32 sdc 445 0 9618 41652 191000 7767422 94390192 59193964 151 373688 59270796
======================
   8      32 sdc 446 0 9626 41880 191645 7767422 94720432 59321356 148 374692 59396788
======================
   8      32 sdc 446 0 9626 41880 192296 7767422 95053744 59464032 137 375692 59539536
======================
   8      32 sdc 446 0 9626 41880 192938 7767422 95382448 59607080 135 376696 59682764
======================
   8      32 sdc 446 0 9626 41880 193587 7767422 95714736 59751600 151 377700 59825936
======================
   8      32 sdc 446 0 9626 41880 194235 7767422 96046512 59892948 150 378704 59969488
======================
   8      32 sdc 446 0 9626 41880 194861 7767422 96367024 60036676 132 379708 60112632
======================
   8      32 sdc 446 0 9626 41880 195511 7767422 96699824 60180720 154 380712 60255824
======================
   8      32 sdc 446 0 9626 41880 196188 7767422 97046448 60324024 149 381716 60399008
======================
   8      32 sdc 446 0 9626 41880 196864 7767422 97392560 60467412 145 382720 60541660
======================
   8      32 sdc 446 0 9626 41880 197526 7767422 97731504 60607328 155 383720 60683872
======================
   8      32 sdc 446 0 9626 41880 198154 7767422 98053040 60751244 135 384724 60827332
======================
   8      32 sdc 446 0 9626 41880 198796 7767422 98381744 60895644 48 385728 60963628
======================
   8      32 sdc 447 0 9634 42308 199309 7767422 98644400 60996068 133 386732 61071308
======================
   8      32 sdc 447 0 9634 42308 199970 7767422 98982832 61139864 144 387736 61215116
======================
   8      32 sdc 447 0 9634 42308 200610 7767422 99310512 61281604 144 388740 61358976
======================
   8      32 sdc 447 0 9634 42308 201270 7767422 99648432 61427224 156 389744 61502668
======================
   8      32 sdc 447 0 9634 42308 201906 7767422 99974064 61570320 128 390752 61647044
======================
   8      32 sdc 447 0 9634 42308 202542 7767422 100299696 61712372 132 391756 61790584
======================
   8      32 sdc 447 0 9634 42308 203190 7767422 100631472 61857064 156 392760 61934140
======================
   8      32 sdc 447 0 9634 42308 203825 7767422 100957104 61998580 129 393764 62075872
======================
   8      32 sdc 447 0 9634 42308 204491 7767422 101297584 62143160 136 394764 62219236
======================
   8      32 sdc 447 0 9634 42308 205151 7767422 101635504 62286044 147 395768 62362768
======================
   8      32 sdc 447 0 9634 42308 205793 7767422 101964208 62429508 145 396772 62506284
======================
   8      32 sdc 447 0 9634 42308 206448 7767422 102299568 62573760 75 397776 62646232
======================
   8      32 sdc 448 0 9642 42744 206951 7767422 102557104 62674516 159 398780 62752012
======================
   8      32 sdc 448 0 9642 42744 207604 7767422 102891440 62817280 146 399784 62895188
======================
   8      32 sdc 448 0 9642 42744 208229 7767422 103211440 62960636 129 400788 63038188
======================
   8      32 sdc 448 0 9642 42744 208883 7767422 103546288 63105216 147 401792 63181764
======================
   8      32 sdc 448 0 9642 42744 209547 7767422 103886256 63248904 155 402796 63325376
======================
   8      32 sdc 448 0 9642 42744 210217 7767422 104229296 63390936 157 403796 63468204
======================
   8      32 sdc 448 0 9642 42744 210847 7767422 104551856 63534212 135 404800 63611804
======================
   8      32 sdc 448 0 9642 42744 211478 7767422 104874928 63678780 144 405804 63755448
======================
   8      32 sdc 448 0 9642 42744 212149 7767422 105218480 63822548 145 406808 63898924
======================
   8      32 sdc 448 0 9642 42744 212805 7767422 105554352 63965112 129 407812 64042332
======================
   8      32 sdc 448 0 9642 42744 213446 7767422 105882544 64108380 128 408816 64185720
======================
   8      32 sdc 448 0 9642 42744 214104 7767422 106219440 64252580 99 409820 64327792
======================
   8      32 sdc 449 0 9650 43180 214603 7767422 106474928 64356744 155 410824 64433984
======================
   8      32 sdc 449 0 9650 43180 215254 7767422 106808240 64499544 144 411828 64577460
======================
   8      32 sdc 449 0 9650 43180 215896 7767422 107136944 64643112 142 412832 64721116
======================
   8      32 sdc 449 0 9650 43180 216532 7767422 107462576 64785256 146 413832 64864088
======================
   8      32 sdc 449 0 9650 43180 217185 7767422 107796912 64931120 133 414836 65008240
======================
   8      32 sdc 449 0 9650 43180 217850 7767422 108137392 65074648 140 415840 65151920
======================
   8      32 sdc 449 0 9650 43180 218492 7767422 108466096 65217696 138 416844 65295528
======================
   8      32 sdc 449 0 9650 43180 219140 7767422 108797872 65361868 130 417844 65438452
======================
   8      32 sdc 449 0 9650 43180 219812 7767422 109141936 65504580 130 418848 65582060
======================
   8      32 sdc 449 0 9650 43180 220467 7767422 109477296 65649264 147 419852 65726120
======================
   8      32 sdc 449 0 9650 43180 221091 7767422 109796784 65791912 131 420856 65869888
======================
   8      32 sdc 449 0 9650 43180 221743 7767422 110130608 65936336 140 421860 66013060
======================
   8      32 sdc 450 0 9658 43628 222239 7767422 110384560 66039340 135 422864 66116760
======================
   8      32 sdc 450 0 9658 43628 222911 7767422 110728624 66181772 135 423868 66260124
======================
   8      32 sdc 450 0 9658 43628 223585 7767422 111073712 66326952 133 424872 66403676
======================
   8      32 sdc 450 0 9658 43628 224214 7767422 111395760 66468552 144 425876 66547500
======================
   8      32 sdc 450 0 9658 43628 224863 7767422 111728048 66613440 135 426876 66690564
======================
   8      32 sdc 450 0 9658 43628 225531 7767422 112070064 66756376 139 427880 66834340
======================
   8      32 sdc 450 0 9658 43628 226167 7767422 112395696 66898488 143 428884 66977856
======================
   8      32 sdc 450 0 9658 43628 226806 7767422 112722864 67040516 144 429888 67121348
======================
   8      32 sdc 450 0 9658 43628 227473 7767422 113064368 67186944 149 430892 67264656
======================
   8      32 sdc 450 0 9658 43628 228122 7767422 113396656 67329748 140 431896 67408180
======================
   8      32 sdc 450 0 9658 43628 228764 7767422 113725360 67473272 138 432900 67551776
======================
   8      32 sdc 450 0 9658 43628 229405 7767422 114053552 67616784 137 433900 67694968
======================
   8      32 sdc 451 0 9666 44056 229893 7767422 114303408 67722912 129 434904 67801152
======================
   8      32 sdc 451 0 9666 44056 230554 7767422 114641840 67866804 140 435908 67944752
======================
   8      32 sdc 451 0 9666 44056 231217 7767422 114981296 68010024 149 436912 68088360
======================
   8      32 sdc 451 0 9666 44056 231859 7767422 115310000 68153204 147 437916 68231936
======================
   8      32 sdc 451 0 9666 44056 232502 7767422 115639216 68295968 144 438920 68375364
======================
   8      32 sdc 451 0 9666 44056 233169 7767422 115980720 68439792 149 439924 68519028
======================
   8      32 sdc 451 0 9666 44056 233793 7767422 116300208 68583744 133 440924 68662520
======================
   8      32 sdc 451 0 9666 44056 234435 7767422 116628912 68728580 131 441928 68806056
======================
   8      32 sdc 451 0 9666 44056 235105 7767422 116971952 68871132 133 442932 68949144
======================
   8      32 sdc 451 0 9666 44056 235781 7767422 117318064 69015032 129 443936 69092608
======================
   8      32 sdc 451 0 9666 44056 236452 7767422 117661616 69158196 130 444940 69236868
======================
   8      32 sdc 451 0 9666 44056 237076 7767422 117981104 69301264 146 445944 69380488
======================
   8      32 sdc 452 0 9674 44500 237559 7767422 118228400 69407500 144 446960 69486844
======================
   8      32 sdc 452 0 9674 44500 238235 7767422 118574512 69551848 140 447964 69630236
======================
   8      32 sdc 452 0 9674 44500 238900 7767422 118914992 69694404 147 448964 69772952
======================
   8      32 sdc 452 0 9674 44500 239536 7767422 119240624 69836404 151 449968 69916416
======================
   8      32 sdc 452 0 9674 44500 240180 7767422 119570352 69981208 147 450972 70059844
======================
   8      32 sdc 452 0 9674 44500 240833 7767422 119904688 70124248 134 451976 70203960
======================
   8      32 sdc 452 0 9674 44500 241475 7767422 120233392 70267736 132 452980 70347368
======================
   8      32 sdc 452 0 9674 44500 242117 7767422 120562096 70411144 130 453984 70490712
======================
   8      32 sdc 452 0 9674 44500 242759 7767422 120890800 70555072 128 454984 70634108
======================
   8      32 sdc 452 0 9674 44500 243412 7767422 121225136 70696660 147 455988 70777648
======================
   8      32 sdc 452 0 9674 44500 244077 7767422 121565616 70841504 154 456992 70920808
======================
   8      32 sdc 452 0 9674 44500 244719 7767422 121894320 70984348 152 457996 71063992
======================
   8      32 sdc 453 0 9682 44948 245205 7767422 122143152 71088556 134 459000 71167920
======================
   8      32 sdc 453 0 9682 44948 245881 7767422 122489264 71232400 130 460004 71311480
======================
   8      32 sdc 453 0 9682 44948 246538 7767422 122825648 71374688 145 461008 71455164
======================
   8      32 sdc 453 0 9682 44948 247162 7767422 123145136 71518436 129 462012 71598748
======================
   8      32 sdc 453 0 9682 44948 247806 7767422 123474864 71663000 157 463016 71742340
======================
   8      32 sdc 453 0 9682 44948 248467 7767422 123813296 71805924 136 464020 71885664
======================
   8      32 sdc 453 0 9682 44948 249143 7767422 124159408 71949856 132 465024 72029364
======================
   8      32 sdc 453 0 9682 44948 249770 7767422 124480432 72092316 145 466028 72173244
======================
   8      32 sdc 453 0 9682 44948 250399 7767422 124802480 72236896 156 467028 72316256
======================
   8      32 sdc 453 0 9682 44948 251075 7767422 125148592 72380916 152 468032 72460008
======================
   8      32 sdc 453 0 9682 44948 251717 7767422 125477296 72519208 150 469036 72603472
======================
   8      32 sdc 453 0 9682 44948 252379 7767422 125816240 72667016 128 470040 72747068
======================
   8      32 sdc 454 0 9690 45176 253007 7767422 126137776 72798208 140 471040 72877804
======================
   8      32 sdc 454 0 9690 45176 253665 7767422 126474672 72941828 154 472044 73021424
======================
   8      32 sdc 454 0 9690 45176 254312 7767422 126805936 73084712 147 473048 73165108
======================
   8      32 sdc 454 0 9690 45176 254954 7767422 127134640 73228240 145 474052 73308520
======================
   8      32 sdc 454 0 9690 45176 255451 7767422 127389104 73369996 128 475052 73449732
======================
   8      32 sdc 454 0 9690 45176 256110 7767422 127726512 73513888 141 476056 73593696
======================
   8      32 sdc 454 0 9690 45176 256774 7767422 128066480 73657460 149 477060 73737212
======================
   8      32 sdc 454 0 9690 45176 257416 7767422 128395184 73800376 147 478064 73880960
======================
   8      32 sdc 454 0 9690 45176 258064 7767422 128726960 73944556 139 479068 74024484
======================
   8      32 sdc 454 0 9690 45176 258740 7767422 129073072 74087688 135 480068 74166860
======================
   8      32 sdc 454 0 9690 45176 259391 7767422 129406384 74229884 156 481072 74310468
======================
   8      32 sdc 454 0 9690 45176 260015 7767422 129725872 74373472 140 482076 74454464
======================
   8      32 sdc 455 0 9698 45412 260650 7767422 130050992 74504968 147 483080 74584588
======================
   8      32 sdc 455 0 9698 45412 261325 7767422 130396592 74648244 144 484084 74728328
======================
   8      32 sdc 455 0 9698 45412 262001 7767422 130742704 74791736 140 485084 74871240
======================
   8      32 sdc 455 0 9698 45412 262658 7767422 131079088 74933428 155 486088 75014080
======================
   8      32 sdc 455 0 9698 45412 263278 7767422 131396528 75077572 143 487092 75157316
======================
   8      32 sdc 455 0 9698 45412 263953 7767422 131742128 75220764 140 488096 75300624
======================
   8      32 sdc 455 0 9698 45412 264612 7767422 132079536 75363416 153 489096 75443608
======================
   8      32 sdc 455 0 9698 45412 265255 7767422 132408752 75506396 150 490100 75585928
======================
   8      32 sdc 455 0 9698 45412 265912 7767422 132745136 75649668 133 491104 75729532
======================
   8      32 sdc 455 0 9698 45412 266577 7767422 133085616 75793340 140 492108 75873160
======================
   8      32 sdc 455 0 9698 45412 267220 7767422 133414832 75936340 137 493112 76016888
======================
   8      32 sdc 455 0 9698 45412 267861 7767422 133743024 76079672 70 494116 76156188
======================
   8      32 sdc 456 0 9706 45864 268338 7767422 133987248 76199892 143 495116 76270156
======================
   8      32 sdc 456 0 9706 45864 268982 7767422 134316976 76332844 139 496120 76413224
======================
   8      32 sdc 456 0 9706 45864 269646 7767422 134656944 76476040 147 497124 76556400
======================
   8      32 sdc 456 0 9706 45864 270304 7767422 134993840 76618772 129 498128 76699436
======================
   8      32 sdc 456 0 9706 45864 270939 7767422 135318960 76762212 134 499132 76842232
======================
   8      32 sdc 456 0 9706 45864 271494 7767422 135603120 76879908 155 500136 76987596
======================
   8      32 sdc 456 0 9706 45864 272257 7767422 135993776 77050296 128 501140 77131444
======================
   8      32 sdc 456 0 9706 45864 272881 7767422 136313264 77193360 144 502140 77274380
======================
   8      32 sdc 456 0 9706 45864 273541 7767422 136651184 77337848 156 503144 77417528
======================
   8      32 sdc 456 0 9706 45864 274217 7767422 136997296 77481024 152 504148 77560736
======================
   8      32 sdc 456 0 9706 45864 274875 7767422 137334192 77621008 134 505152 77703512
======================
   8      32 sdc 456 0 9706 45864 275550 7767422 137679792 77765444 61 506156 77841268
======================
   8      32 sdc 457 0 9714 46308 276019 7767422 137919920 77872172 141 507160 77954120
======================
   8      32 sdc 457 0 9714 46308 276646 7767422 138240944 78014492 154 508164 78097580
======================
   8      32 sdc 457 0 9714 46308 277327 7767422 138589616 78160304 145 509164 78240548
======================
   8      32 sdc 457 0 9714 46308 277985 7767422 138926512 78303096 129 510168 78383932
======================
   8      32 sdc 457 0 9714 46308 278622 7767422 139252656 78446812 130 511172 78527384
======================
   8      32 sdc 457 0 9714 46308 279287 7767422 139593136 78590092 137 512176 78670676
======================
   8      32 sdc 457 0 9714 46308 279935 7767422 139924912 78733120 129 513180 78814024
======================
   8      32 sdc 457 0 9714 46308 280576 7767422 140253104 78876136 128 514184 78957172
======================
   8      32 sdc 457 0 9714 46308 281217 7767422 140581808 79019240 137 515188 79100664
======================
   8      32 sdc 457 0 9714 46308 281863 7767422 140912048 79163080 153 516188 79243624
======================
   8      32 sdc 457 0 9714 46308 282528 7767422 141252528 79306812 128 517192 79387060
======================
   8      32 sdc 457 0 9714 46308 283183 7767422 141587888 79449324 108 518196 79529704
======================
   8      32 sdc 458 0 9722 46756 283646 7767422 141824944 79556932 130 519200 79637048
======================
   8      32 sdc 458 0 9722 46756 284314 7767422 142166960 79700024 134 520204 79780884
======================
   8      32 sdc 458 0 9722 46756 284991 7767422 142513584 79843564 129 521208 79924232
======================
   8      32 sdc 458 0 9722 46756 285629 7767422 142840240 79985792 131 522212 80067820
======================
   8      32 sdc 458 0 9722 46756 286268 7767422 143167408 80130212 132 523216 80211104
======================
   8      32 sdc 458 0 9722 46756 286943 7767422 143513008 80273468 129 524220 80354364
======================
   8      32 sdc 458 0 9722 46756 287620 7767422 143859632 80417092 156 525224 80498040
======================
   8      32 sdc 458 0 9722 46756 288284 7767422 144199600 80559224 132 526228 80641520
======================
   8      32 sdc 458 0 9722 46756 288909 7767422 144519600 80702552 147 527232 80785012
======================
   8      32 sdc 458 0 9722 46756 289552 7767422 144848816 80847252 144 528232 80928084
======================
   8      32 sdc 458 0 9722 46756 290223 7767422 145192368 80990904 145 529236 81071640
======================
   8      32 sdc 458 0 9722 46756 290877 7767422 145527216 81133888 94 530240 81213476
======================
   8      32 sdc 459 0 9730 46984 291497 7767422 145844656 81264456 151 531244 81345212
======================
   8      32 sdc 459 0 9730 46984 292158 7767422 146183088 81407396 130 532248 81488580
======================
   8      32 sdc 459 0 9730 46984 292822 7767422 146523056 81550436 138 533252 81631948
======================
   8      32 sdc 459 0 9730 46984 293447 7767422 146843056 81689892 153 534256 81774876
======================
   8      32 sdc 459 0 9730 46984 294089 7767422 147171760 81836360 151 535260 81918396
======================
   8      32 sdc 459 0 9730 46984 294737 7767422 147503536 81980472 143 536264 82061920
======================
   8      32 sdc 459 0 9730 46984 295396 7767422 147840944 82123888 156 537268 82205228
======================
   8      32 sdc 459 0 9730 46984 296050 7767422 148175792 82266268 142 538272 82348592
======================
   8      32 sdc 459 0 9730 46984 296542 7767422 148427696 82384780 130 539272 82489304
======================
   8      32 sdc 459 0 9730 46984 297201 7767422 148765104 82551796 143 540276 82632804
======================
   8      32 sdc 459 0 9730 46984 297877 7767422 149111216 82695136 139 541280 82776264
======================
   8      32 sdc 459 0 9730 46984 298513 7767422 149436848 82837428 106 542284 82918692
======================
   8      32 sdc 460 0 9738 47208 299121 7767422 149748656 82968100 145 543288 83051092
======================
   8      32 sdc 460 0 9738 47208 299787 7767422 150089136 83113284 151 544292 83194660
======================
   8      32 sdc 460 0 9738 47208 300464 7767422 150435760 83256936 146 545296 83338292
======================
   8      32 sdc 460 0 9738 47208 301121 7767422 150772144 83397568 129 546300 83481620
======================
   8      32 sdc 460 0 9738 47208 301743 7767422 151090608 83542064 147 547304 83625280
======================
   8      32 sdc 460 0 9738 47208 302399 7767422 151426480 83687888 131 548308 83769204
======================
   8      32 sdc 460 0 9738 47208 303072 7767422 151771056 83831376 130 549312 83912812
======================
   8      32 sdc 460 0 9738 47208 303715 7767422 152100272 83974396 151 550316 84056540
======================
   8      32 sdc 460 0 9738 47208 304355 7767422 152427952 84118532 143 551316 84199664
======================
   8      32 sdc 460 0 9738 47208 305019 7767422 152767920 84261972 135 552320 84343516
======================
   8      32 sdc 460 0 9738 47208 305668 7767422 153100208 84405448 158 553324 84486960
======================
   8      32 sdc 460 0 9738 47208 306230 7767422 153387952 84530840 37 554328 84608832
======================
   8      32 sdc 460 0 9738 47208 306230 7767422 153387952 84530840 37 555332 84645980
======================
   8      32 sdc 461 0 9746 49068 307426 7767422 154000304 84645360 136 556336 84729140
======================
   8      32 sdc 461 0 9746 49068 308082 7767422 154336176 84788624 143 557340 84872024
======================
   8      32 sdc 461 0 9746 49068 308730 7767422 154667952 84931108 135 558344 85014288
======================
   8      32 sdc 461 0 9746 49068 309371 7767422 154996144 85073592 134 559344 85157132
======================
   8      32 sdc 461 0 9746 49068 310047 7767422 155342256 85217388 130 560348 85300256
======================
   8      32 sdc 461 0 9746 49068 310707 7767422 155680176 85359172 142 561352 85443544
======================
   8      32 sdc 461 0 9746 49068 311330 7767422 155999152 85502392 152 562356 85586736
======================
   8      32 sdc 461 0 9746 49068 311969 7767422 156326320 85648184 128 563360 85729972
======================
   8      32 sdc 461 0 9746 49068 312649 7767422 156674480 85789968 152 564364 85873460
======================
   8      32 sdc 461 0 9746 49068 313325 7767422 157020592 85933212 148 565364 86015892
======================
   8      32 sdc 461 0 9746 49068 313895 7767422 157312432 86053572 52 566368 86138772
======================
   8      32 sdc 462 0 9754 49476 314464 7767422 157603760 86188448 146 567372 86273204
======================
   8      32 sdc 462 0 9754 49476 315072 7767422 157915056 86328992 146 568376 86416652
======================
   8      32 sdc 462 0 9754 49476 315765 7767422 158269872 86476660 157 569380 86560004
======================
   8      32 sdc 462 0 9754 49476 316415 7767422 158602672 86615820 147 570384 86703968
======================
   8      32 sdc 462 0 9754 49476 317058 7767422 158931888 86763556 144 571388 86847584
======================
   8      32 sdc 462 0 9754 49476 317722 7767422 159271856 86905928 152 572392 86989940
======================
   8      32 sdc 462 0 9754 49476 318370 7767422 159603632 87048976 144 573396 87133628
======================
   8      32 sdc 462 0 9754 49476 319011 7767422 159931824 87192372 143 574396 87276736
======================
   8      32 sdc 462 0 9754 49476 319654 7767422 160261040 87336092 140 575400 87420312
======================
   8      32 sdc 462 0 9754 49476 320295 7767422 160589232 87479396 139 576404 87563912
======================
   8      32 sdc 462 0 9754 49476 320959 7767422 160929200 87624240 147 577408 87707820
======================
   8      32 sdc 462 0 9754 49476 321608 7767422 161261488 87764904 19 578412 87837548
======================
   8      32 sdc 463 0 9762 49932 322091 7767422 161508784 87863980 136 579416 87948856
======================
   8      32 sdc 463 0 9762 49932 322736 7767422 161839024 88007860 131 580420 88092080
======================
   8      32 sdc 463 0 9762 49932 323407 7767422 162182576 88151984 132 581424 88235984
======================
   8      32 sdc 463 0 9762 49932 324063 7767422 162518448 88293836 148 582428 88379576
======================
   8      32 sdc 463 0 9762 49932 324689 7767422 162838960 88439184 130 583428 88522796
======================
   8      32 sdc 463 0 9762 49932 325365 7767422 163185072 88582716 157 584432 88666360
======================
   8      32 sdc 463 0 9762 49932 326041 7767422 163531184 88726100 154 585436 88809952
======================
   8      32 sdc 463 0 9762 49932 326717 7767422 163877296 88869464 150 586440 88953488
======================
   8      32 sdc 463 0 9762 49932 327343 7767422 164197808 89012084 132 587444 89097336
======================
   8      32 sdc 463 0 9762 49932 327973 7767422 164520368 89156616 142 588448 89241008
======================
   8      32 sdc 463 0 9762 49932 328649 7767422 164866480 89300344 138 589452 89384596
======================
   8      32 sdc 463 0 9762 49932 329287 7767422 165193136 89437468 20 590456 89511256
======================
   8      32 sdc 464 0 9770 50156 329932 7767422 165523376 89568420 134 591456 89653136
======================
   8      32 sdc 464 0 9770 50156 330581 7767422 165855664 89716396 157 592460 89799008
======================
   8      32 sdc 464 0 9770 50156 331239 7767422 166192560 89857644 139 593464 89942792
======================
   8      32 sdc 464 0 9770 50156 331860 7767422 166510512 90000312 158 594468 90086580
======================
   8      32 sdc 464 0 9770 50156 332496 7767422 166836144 90145596 130 595472 90230568
======================
   8      32 sdc 464 0 9770 50156 333148 7767422 167169968 90289380 150 596476 90374244
======================
   8      32 sdc 464 0 9770 50156 333813 7767422 167510448 90435048 157 597480 90518008
======================
   8      32 sdc 464 0 9770 50156 334462 7767422 167842736 90576372 148 598480 90661236
======================
   8      32 sdc 464 0 9770 50156 335104 7767422 168171440 90719720 146 599484 90804736
======================
   8      32 sdc 464 0 9770 50156 335776 7767422 168515504 90864204 146 600488 90948364
======================
   8      32 sdc 464 0 9770 50156 336438 7767422 168854448 91006724 156 601492 91092068
======================
   8      32 sdc 464 0 9770 50156 336967 7767422 169125296 91128468 20 602496 91204864
======================
   8      32 sdc 465 0 9778 50612 337528 7767422 169412528 91248476 154 603500 91334092
======================
   8      32 sdc 465 0 9778 50612 338204 7767422 169758640 91392568 150 604504 91477512
======================
   8      32 sdc 465 0 9778 50612 338880 7767422 170104752 91536004 146 605508 91621076
======================
   8      32 sdc 465 0 9778 50612 339536 7767422 170440624 91677576 130 606512 91764704
======================
   8      32 sdc 465 0 9778 50612 340160 7767422 170760112 91821816 146 607512 91907740
======================
   8      32 sdc 465 0 9778 50612 340816 7767422 171095984 91966716 130 608516 92051312
======================
   8      32 sdc 465 0 9778 50612 341488 7767422 171440048 92110348 130 609520 92194896
======================
   8      32 sdc 465 0 9778 50612 342132 7767422 171769776 92253016 158 610524 92338336
======================
   8      32 sdc 465 0 9778 50612 342777 7767422 172100016 92396596 153 611528 92481504
======================
   8      32 sdc 465 0 9778 50612 343450 7767422 172444592 92541884 152 612544 92626908
======================
   8      32 sdc 465 0 9778 50612 344107 7767422 172780976 92684948 135 613548 92770408
======================
   8      32 sdc 465 0 9778 50612 344647 7767422 173057456 92805636 20 614552 92882436
======================
   8      32 sdc 466 0 9786 51048 345236 7767422 173359024 92927744 128 615556 93013164
======================
   8      32 sdc 466 0 9786 51048 345878 7767422 173687728 93071016 156 616556 93156068
======================
   8      32 sdc 466 0 9786 51048 346531 7767422 174022064 93214296 145 617560 93299584
======================
   8      32 sdc 466 0 9786 51048 347180 7767422 174354352 93355448 136 618564 93443180
======================
   8      32 sdc 466 0 9786 51048 347822 7767422 174683056 93500832 134 619568 93586596
======================
   8      32 sdc 466 0 9786 51048 348488 7767422 175024048 93644660 140 620572 93730000
======================
   8      32 sdc 466 0 9786 51048 349164 7767422 175370160 93787756 136 621576 93873216
======================
   8      32 sdc 466 0 9786 51048 349788 7767422 175689648 93930148 152 622580 94016704
======================
   8      32 sdc 466 0 9786 51048 350420 7767422 176013232 94075064 128 623584 94160316
======================
   8      32 sdc 466 0 9786 51048 351090 7767422 176356272 94218652 130 624584 94303388
======================
   8      32 sdc 466 0 9786 51048 351767 7767422 176702896 94362100 157 625588 94446788
======================
   8      32 sdc 466 0 9786 51048 352329 7767422 176990640 94482800 18 626592 94558916
======================
   8      32 sdc 466 0 9786 51048 352329 7767422 176990640 94482800 18 627596 94576988
======================
   8      32 sdc 467 0 9794 52888 353545 7767422 177613232 94566864 149 628600 94655248
======================
   8      32 sdc 467 0 9794 52888 354206 7767422 177951664 94710788 146 629604 94798036
======================
   8      32 sdc 467 0 9794 52888 354871 7767422 178292144 94854388 274 630608 94946196
======================
   8      32 sdc 467 0 9794 52888 355513 7767422 178620848 94991944 240 631612 95197756
======================
   8      32 sdc 467 0 9794 52888 356178 7767422 178961328 95142556 247 632616 95443464
======================
   8      32 sdc 467 0 9794 52888 356838 7767422 179299248 95296152 227 633620 95684936
======================
   8      32 sdc 467 0 9794 52888 357468 7767422 179621808 95452104 236 634624 95921544
======================
   8      32 sdc 467 0 9794 52888 358110 7767422 179950512 95628596 234 635628 96153296
======================
   8      32 sdc 467 0 9794 52888 358752 7767422 180279216 95794868 232 636628 96379324
======================
   8      32 sdc 467 0 9794 52888 359405 7767422 180613552 95985712 219 637632 96600848
======================
   8      32 sdc 467 0 9794 52888 359957 7767422 180896176 96142520 70 638636 96775712
======================
   8      32 sdc 467 0 9794 52888 359957 7767422 180896176 96142520 70 639640 96845992
======================
   8      32 sdc 468 0 9802 54560 361333 7767422 181600688 96438300 186 640644 97003088
======================
   8      32 sdc 468 0 9802 54560 362010 7767422 181947312 96625020 181 641648 97192016
======================
   8      32 sdc 468 0 9802 54560 362654 7767422 182277040 96825648 177 642652 97375896
======================
   8      32 sdc 468 0 9802 54560 363298 7767422 182606768 97448432 141 643656 97537232
======================
   8      32 sdc 468 0 9802 54560 363969 7767422 182950320 97592108 142 644660 97680796
======================
   8      32 sdc 468 0 9802 54560 364640 7767422 183293872 97735296 143 645664 97824044
======================
   8      32 sdc 468 0 9802 54560 365314 7767422 183638960 97877988 141 646668 97967172
======================
   8      32 sdc 468 0 9802 54560 365938 7767422 183958448 98020656 157 647672 98110636
======================
   8      32 sdc 468 0 9802 54560 366572 7767422 184283056 98165444 131 648676 98254068
======================
   8      32 sdc 468 0 9802 54560 367248 7767422 184629168 98308996 146 649680 98397544
======================
   8      32 sdc 469 0 9810 54820 367889 7767867 184956384 98428980 149 650684 98518788
======================
   8      32 sdc 469 0 9810 54820 368531 7767867 185285088 98572236 147 651684 98661708
======================
   8      32 sdc 469 0 9810 54820 369182 7767867 185618400 98716396 136 652688 98805392
======================
   8      32 sdc 469 0 9810 54820 369841 7767867 185955808 98859636 149 653692 98948776
======================
   8      32 sdc 469 0 9810 54820 370476 7767867 186280928 99002856 154 654696 99092252
======================
   8      32 sdc 469 0 9810 54820 371118 7767867 186609632 99146656 152 655700 99236132
======================
   8      32 sdc 469 0 9810 54820 371761 7767867 186938848 99290412 149 656704 99379792
======================
   8      32 sdc 469 0 9810 54820 372426 7767867 187279328 99434544 157 657708 99523324
======================
   8      32 sdc 469 0 9810 54820 373062 7767867 187604960 99578368 153 658712 99668028
======================
   8      32 sdc 469 0 9810 54820 373704 7767867 187933664 99721976 151 659716 99811684
======================
   8      32 sdc 469 0 9810 54820 374373 7767867 188276192 99866128 154 660720 99955324
======================
   8      32 sdc 469 0 9810 54820 375037 7767867 188616160 100008744 130 661724 100098920
======================
   8      32 sdc 470 0 9818 55088 375633 7767887 188919960 100121708 151 662728 100212328
======================
   8      32 sdc 470 0 9818 55088 375859 7768339 189016592 100175196 0 663080 100249004
======================
   8      32 sdc 470 0 9818 55088 375859 7768339 189016592 100175196 0 663080 100249004
======================
   8      32 sdc 470 0 9818 55088 375859 7768339 189016592 100175196 0 663080 100249004
======================
   8      32 sdc 470 0 9818 55088 375859 7768339 189016592 100175196 0 663080 100249004
======================
   8      32 sdc 470 0 9818 55088 375859 7768339 189016592 100175196 0 663080 100249004
======================
   8      32 sdc 711 0 11740 67132 375876 7768339 189016656 100175196 0 663488 100261048
started
======================
   8      32 sdc 711 0 11740 67132 375876 7768339 189016656 100175196 0 663488 100261048
======================
   8      32 sdc 1294 0 159676 67900 375876 7768339 189016656 100175196 2 663932 100261816
======================
   8      32 sdc 2586 0 490428 69604 375876 7768339 189016656 100175196 2 664936 100263516
======================
   8      32 sdc 3647 0 761788 71336 375876 7768339 189016656 100175196 2 665940 100265244
======================
   8      32 sdc 4409 0 956860 73152 375876 7768339 189016656 100175196 2 666944 100267060
======================
   8      32 sdc 5742 0 1297852 74848 375876 7768339 189016656 100175196 2 667948 100268760
======================
   8      32 sdc 7039 0 1629628 76500 375876 7768339 189016656 100175196 1 668948 100270412
======================
   8      32 sdc 8323 1 1958588 78180 375879 7768341 189016696 100175260 2 669952 100272148
======================
   8      32 sdc 9633 1 2293692 79828 375879 7768341 189016696 100175260 2 670956 100273800
======================
   8      32 sdc 10963 1 2634172 81452 375879 7768341 189016696 100175260 2 671960 100275420
======================
   8      32 sdc 12246 1 2962620 83108 375879 7768341 189016696 100175260 1 672964 100277072
======================
   8      32 sdc 13531 1 3291580 84776 375879 7768341 189016696 100175260 1 673968 100278740
======================
   8      32 sdc 14803 1 3617212 86424 375879 7768341 189016696 100175260 2 674964 100280376
======================
   8      32 sdc 15760 1 3862012 88164 375879 7768341 189016696 100175260 2 675964 100282124
======================
   8      32 sdc 17079 1 4199612 89852 375879 7768341 189016696 100175260 2 676968 100283804
======================
   8      32 sdc 18364 1 4528572 91524 375879 7768341 189016696 100175260 1 677972 100285476
======================
   8      32 sdc 19674 1 4863932 93220 375879 7768341 189016696 100175260 1 678976 100287172
======================
   8      32 sdc 21040 1 5213628 94920 375879 7768341 189016696 100175260 2 679992 100288876
======================
   8      32 sdc 22322 1 5541820 96596 375879 7768341 189016696 100175260 1 680996 100290548
======================
   8      32 sdc 23560 1 5858748 98268 375879 7768341 189016696 100175260 1 682000 100292224
======================
   8      32 sdc 24864 1 6192316 99912 375879 7768341 189016696 100175260 2 683000 100293864
======================
   8      32 sdc 26210 1 6536636 101564 375879 7768341 189016696 100175260 1 684004 100295516
======================
   8      32 sdc 27563 1 6883004 103212 375879 7768341 189016696 100175260 2 685008 100297164
======================
   8      32 sdc 28857 1 7214268 104900 375879 7768341 189016696 100175260 2 686012 100298852
======================
   8      32 sdc 30106 1 7534012 106556 375879 7768341 189016696 100175260 2 687016 100300508
======================
   8      32 sdc 31426 1 7871676 108204 375879 7768341 189016696 100175260 1 688020 100302152
======================
   8      32 sdc 32717 1 8202172 109876 375879 7768341 189016696 100175260 1 689024 100303824
======================
   8      32 sdc 33990 1 8528060 111540 375881 7768341 189016712 100175260 2 690028 100305484
======================
   8      32 sdc 35317 1 8867772 113184 375881 7768341 189016712 100175260 2 691032 100307128
======================
   8      32 sdc 36639 1 9206204 114864 375881 7768341 189016712 100175260 2 692036 100308808
======================
   8      32 sdc 37924 1 9535164 116508 375881 7768341 189016712 100175260 1 693040 100310452
======================
   8      32 sdc 39209 1 9864124 118132 375881 7768341 189016712 100175260 1 694044 100312076
======================
   8      32 sdc 40493 1 10192828 119752 375881 7768341 189016712 100175260 1 695044 100313696
======================
   8      32 sdc 41793 1 10525628 121400 375881 7768341 189016712 100175260 1 696048 100315344
======================
   8      32 sdc 42758 1 10772668 123128 375881 7768341 189016712 100175260 2 697048 100317072
======================
   8      32 sdc 44065 1 11107260 124800 375881 7768341 189016712 100175260 1 698052 100318736
======================
   8      32 sdc 45349 1 11435964 126444 375881 7768341 189016712 100175260 1 699056 100320376
======================
   8      32 sdc 46674 1 11774908 128108 375881 7768341 189016712 100175260 2 700060 100322040
======================
   8      32 sdc 47942 1 12099516 129752 375881 7768341 189016712 100175260 1 701064 100323684
======================
   8      32 sdc 49191 1 12419260 131404 375881 7768341 189016712 100175260 2 702068 100325336
======================
   8      32 sdc 50528 1 12761532 133012 375881 7768341 189016712 100175260 2 703072 100326944
======================
   8      32 sdc 51870 1 13105084 134628 375881 7768341 189016712 100175260 2 704072 100328556
======================
   8      32 sdc 53223 1 13451452 136232 375881 7768341 189016712 100175260 2 705076 100330156
======================
   8      32 sdc 54512 1 13781436 137848 375881 7768341 189016712 100175260 1 706080 100331772
======================
   8      32 sdc 55761 1 14101180 139516 375881 7768341 189016712 100175260 2 707084 100333440
======================
   8      32 sdc 57088 1 14440892 141180 375881 7768341 189016712 100175260 2 708088 100335096
======================
   8      32 sdc 58438 1 14786492 142840 375881 7768341 189016712 100175260 1 709092 100336756
======================
   8      32 sdc 59711 1 15112380 144512 375881 7768341 189016712 100175260 2 710096 100338428
======================
   8      32 sdc 60996 1 15441340 146164 375881 7768341 189016712 100175260 1 711100 100340080
======================
   8      32 sdc 62307 1 15776700 147800 375881 7768341 189016712 100175260 1 712104 100341716
======================
   8      32 sdc 63591 1 16105404 149460 375881 7768341 189016712 100175260 2 713104 100343376
======================
   8      32 sdc 64876 1 16434364 151088 375881 7768341 189016712 100175260 1 714108 100345004
======================
   8      32 sdc 66161 1 16763324 152776 375881 7768341 189016712 100175260 1 715112 100346692
======================
   8      32 sdc 67475 1 17099708 154460 375881 7768341 189016712 100175260 1 716116 100348368
======================
   8      32 sdc 68793 1 17437116 156124 375881 7768341 189016712 100175260 2 717120 100350028
======================
   8      32 sdc 70073 1 17764796 157752 375881 7768341 189016712 100175260 1 718120 100351656
======================
   8      32 sdc 71363 1 18095036 159424 375881 7768341 189016712 100175260 1 719124 100353328
======================
   8      32 sdc 72716 1 18441404 161072 375881 7768341 189016712 100175260 2 720128 100354976
======================
   8      32 sdc 74021 1 18775484 162772 375881 7768341 189016712 100175260 1 721132 100356672
======================
   8      32 sdc 75269 1 19094972 164444 375881 7768341 189016712 100175260 1 722136 100358344
======================
   8      32 sdc 76620 1 19440828 166060 375881 7768341 189016712 100175260 1 723140 100359956
======================
   8      32 sdc 77941 1 19778748 167692 375881 7768341 189016712 100175260 2 724144 100361588
======================
   8      32 sdc 78263 1 19861180 168084 375881 7768341 189016712 100175260 0 724388 100361980
