======================
   8      32 sdc 2015219 74470 222622802 15907472 13841285 36163232 4355263848 2449997920 0 19719104 2467311664
======================
   8      32 sdc 2015219 74470 222622802 15907472 13841285 36163232 4355263848 2449997920 0 19719104 2467311664
======================
   8      32 sdc 2015705 74470 222626690 15907552 13841285 36163232 4355263848 2449997920 0 19719184 2467311744
======================
   8      32 sdc 2015705 74470 222626690 15907552 13841285 36163232 4355263848 2449997920 0 19719184 2467311744
======================
   8      32 sdc 2015708 74470 222626714 15907580 13843269 36163232 4356279656 2450009372 1 19719572 2467323416
======================
   8      32 sdc 2015708 74470 222626714 15907580 13843269 36163232 4356279656 2450009372 1 19720576 2467324420
======================
   8      32 sdc 2015710 74470 222626730 15908904 13844250 36163232 4356781928 2450023764 44 19721340 2467361568
======================
   8      32 sdc 2015714 74470 222626762 15909508 13845789 36163736 4357569392 2450154732 145 19722284 2467487052
======================
   8      32 sdc 2015715 74470 222626770 15909532 13846439 36163736 4357902192 2450298712 135 19723284 2467630212
======================
   8      32 sdc 2015716 74470 222626778 15909556 13847080 36163736 4358230384 2450442396 134 19724288 2467773936
======================
   8      32 sdc 2015716 74470 222626778 15909556 13847254 36163736 4358319472 2450502988 121 19725292 2467909108
======================
   8      32 sdc 2015718 74470 222626794 15911028 13847311 36163736 4358348656 2450617564 140 19726396 2468042892
======================
   8      32 sdc 2015718 74470 222626794 15911028 13847749 36163736 4358572912 2450800424 138 19727404 2468184744
======================
   8      32 sdc 2015718 74470 222626794 15911028 13847749 36163736 4358572912 2450800424 138 19728408 2468323296
======================
   8      32 sdc 2015720 74470 222626810 15912624 13848579 36163736 4358997872 2451136828 139 19729408 2468464136
======================
   8      32 sdc 2015722 74470 222626826 15912676 13849585 36163736 4359512944 2451273316 157 19730412 2468607812
======================
   8      32 sdc 2015724 74470 222626842 15912752 13850549 36163736 4360006512 2451423976 153 19731416 2468751388
======================
   8      32 sdc 2015726 74470 222626858 15912824 13851746 36163736 4360619376 2451567788 145 19732424 2468895076
======================
   8      32 sdc 2015728 74470 222626874 15912908 13852723 36163736 4361119600 2451704876 145 19733428 2469037596
======================
   8      32 sdc 2015729 74470 222626882 15912952 13853376 36163736 4361453936 2451845000 129 19734428 2469179120
======================
   8      32 sdc 2015731 74470 222626898 15913132 13854012 36163736 4361779568 2451984764 144 19735432 2469316316
======================
   8      32 sdc 2015732 74470 222626906 15913192 13854617 36163736 4362089328 2452121912 144 19736436 2469458172
======================
   8      32 sdc 2015733 74470 222626914 15913336 13855004 36163736 4362287472 2452223104 51 19737440 2469567936
======================
   8      32 sdc 2015733 74470 222626914 15913336 13855004 36163736 4362287472 2452223104 51 19738440 2469618936
======================
   8      32 sdc 2015737 74470 222626946 15914792 13856527 36163736 4363067248 2452420004 159 19739444 2469757232
======================
   8      32 sdc 2015738 74470 222626954 15914828 13857190 36163736 4363406704 2452564648 136 19740448 2469901384
======================
   8      32 sdc 2015739 74470 222626962 15914864 13857670 36163736 4363652464 2452704732 136 19741452 2470042336
======================
   8      32 sdc 2015740 74470 222626970 15914908 13858302 36163736 4363976048 2452848204 145 19742452 2470185316
======================
   8      32 sdc 2015741 74470 222626978 15914964 13858959 36163736 4364312432 2452992100 129 19743456 2470328828
======================
   8      32 sdc 2015742 74470 222626986 15915000 13859561 36163736 4364620656 2453128064 102 19744460 2470469416
======================
   8      32 sdc 2015742 74470 222626986 15915000 13859561 36163736 4364620656 2453128064 102 19745460 2470571416
======================
   8      32 sdc 2015744 74470 222627002 15916532 13860535 36163736 4365119344 2453310632 152 19746468 2470703312
======================
   8      32 sdc 2015745 74470 222627010 15917920 13860948 36163736 4365330800 2453529732 146 19747476 2470855808
======================
   8      32 sdc 2015746 74470 222627018 15917940 13861557 36163736 4365642608 2453547492 154 19748480 2471009084
======================
   8      32 sdc 2015749 74470 222627042 15919428 13862591 36163736 4366172016 2453798180 144 19749488 2471159464
======================
   8      32 sdc 2015749 74470 222627042 15919428 13862591 36163736 4366172016 2453798180 144 19750492 2471304040
======================
   8      32 sdc 2015751 74470 222627058 15920900 13863614 36163736 4366695792 2454037932 145 19751496 2471448660
======================
   8      32 sdc 2015753 74470 222627074 15922324 13864402 36163736 4367099248 2454263092 140 19752496 2471593156
======================
   8      32 sdc 2015755 74470 222627090 15922372 13865259 36163736 4367538032 2454387300 131 19753500 2471732136
======================
   8      32 sdc 2015756 74470 222627098 15922416 13865907 36163736 4367869808 2454531392 155 19754504 2471875900
======================
   8      32 sdc 2015757 74470 222627106 15922468 13866557 36163736 4368202608 2454674640 145 19755508 2472019768
======================
   8      32 sdc 2015758 74470 222627114 15922508 13867167 36163736 4368514928 2454817612 143 19756508 2472162904
======================
   8      32 sdc 2015760 74470 222627130 15922592 13867781 36163736 4368829296 2454961396 137 19757512 2472306184
======================
   8      32 sdc 2015761 74470 222627138 15922620 13868444 36163736 4369168752 2455104104 146 19758520 2472449056
======================
   8      32 sdc 2015762 74470 222627146 15922680 13869107 36163736 4369508208 2455247984 139 19759524 2472592636
======================
   8      32 sdc 2015763 74470 222627154 15922732 13869764 36163736 4369844592 2455391368 139 19760528 2472736624
======================
   8      32 sdc 2015766 74470 222627178 15922956 13870368 36163736 4370153840 2455530040 147 19761532 2472873084
======================
   8      32 sdc 2015767 74470 222627186 15922988 13870975 36163736 4370464624 2455668268 143 19762532 2473014588
======================
   8      32 sdc 2015768 74470 222627194 15923024 13871622 36163736 4370795888 2455813052 136 19763536 2473158488
======================
   8      32 sdc 2015769 74470 222627202 15923048 13872266 36163736 4371125616 2455956484 132 19764540 2473302292
======================
   8      32 sdc 2015771 74470 222627218 15923176 13872895 36163736 4371447664 2456099136 158 19765544 2473445552
======================
   8      32 sdc 2015771 74470 222627218 15923176 13873389 36163736 4371700592 2456207748 98 19766548 2473576340
======================
   8      32 sdc 2015771 74470 222627218 15923176 13873389 36163736 4371700592 2456207748 98 19767552 2473674732
======================
   8      32 sdc 2015774 74470 222627242 15924720 13874811 36163736 4372428656 2456461852 147 19768556 2473810000
======================
   8      32 sdc 2015776 74470 222627258 15924788 13875436 36163736 4372748656 2456605016 130 19769556 2473953232
======================
   8      32 sdc 2015777 74470 222627266 15924828 13876060 36163736 4373068144 2456749084 146 19770560 2474097032
======================
   8      32 sdc 2015778 74470 222627274 15924888 13876699 36163736 4373395312 2456893316 150 19771564 2474240956
======================
   8      32 sdc 2015779 74470 222627282 15924928 13877340 36163736 4373723504 2457037832 146 19772568 2474385656
======================
   8      32 sdc 2015780 74470 222627290 15924964 13877982 36163736 4374052208 2457181192 113 19773568 2474528180
======================
   8      32 sdc 2015781 74470 222627298 15925280 13877994 36163736 4374058352 2457184416 101 19774572 2474630168
======================
   8      32 sdc 2015782 74470 222627306 15926704 13878457 36163736 4374295408 2457373208 150 19775576 2474747352
======================
   8      32 sdc 2015785 74470 222627330 15927400 13879749 36163736 4374956912 2457543248 137 19776580 2474893380
======================
   8      32 sdc 2015785 74470 222627330 15927400 13879993 36163736 4375081840 2457599296 150 19777584 2475041396
======================
   8      32 sdc 2015787 74470 222627346 15928684 13880984 36163736 4375589232 2457838364 150 19778588 2475189408
======================
   8      32 sdc 2015789 74470 222627362 15928736 13881631 36163736 4375920496 2457982008 143 19779588 2475333544
======================
   8      32 sdc 2015790 74470 222627370 15928780 13882288 36163736 4376256880 2458125916 158 19780592 2475476456
======================
   8      32 sdc 2015791 74470 222627378 15928828 13882915 36163736 4376577904 2458267716 141 19781596 2475619964
======================
   8      32 sdc 2015792 74470 222627386 15928876 13883525 36163736 4376890224 2458411020 137 19782600 2475763464
======================
   8      32 sdc 2015794 74470 222627402 15929012 13884132 36163736 4377201008 2458549812 159 19783600 2475905888
======================
   8      32 sdc 2015795 74470 222627410 15929052 13884799 36163736 4377542512 2458698396 157 19784604 2476049592
======================
   8      32 sdc 2015796 74470 222627418 15929164 13885434 36163736 4377867632 2458837476 133 19785608 2476189308
======================
   8      32 sdc 2015798 74470 222627434 15929320 13886054 36163736 4378185072 2458973320 145 19786612 2476325580
======================
   8      32 sdc 2015800 74470 222627450 15929392 13886701 36163736 4378516336 2459116520 129 19787616 2476469064
======================
   8      32 sdc 2015801 74470 222627458 15929420 13887345 36163736 4378846064 2459260156 157 19788616 2476612380
======================
   8      32 sdc 2015802 74470 222627466 15929440 13887975 36163736 4379168624 2459399968 147 19789620 2476752572
======================
   8      32 sdc 2015803 74470 222627474 15929472 13888462 36163736 4379417968 2459540848 128 19790624 2476893188
======================
   8      32 sdc 2015804 74470 222627482 15929496 13889098 36163736 4379743600 2459685096 132 19791628 2477037152
======================
   8      32 sdc 2015805 74470 222627490 15929588 13889745 36163736 4380074864 2459826944 126 19792632 2477179324
======================
   8      32 sdc 2015806 74470 222627498 15929700 13890297 36163736 4380357488 2459944428 86 19793632 2477306856
======================
   8      32 sdc 2015806 74470 222627498 15929700 13890297 36163736 4380357488 2459944428 86 19794636 2477393200
======================
   8      32 sdc 2015807 74470 222627506 15931252 13890759 36163736 4380594032 2460089008 136 19795640 2477515468
======================
   8      32 sdc 2015810 74470 222627530 15931952 13892282 36163736 4381373808 2460303428 149 19796644 2477659204
======================
   8      32 sdc 2015812 74470 222627546 15932012 13892897 36163736 4381688688 2460446652 141 19797644 2477802424
======================
   8      32 sdc 2015813 74470 222627554 15932088 13893349 36163736 4381920112 2460553316 106 19798648 2477935796
======================
   8      32 sdc 2015814 74470 222627562 15933352 13893441 36163736 4381967216 2460683736 145 19799652 2478042724
======================
   8      32 sdc 2015815 74470 222627570 15934176 13894331 36163736 4382422896 2460845252 148 19800656 2478192628
======================
   8      32 sdc 2015818 74470 222627594 15934292 13895435 36163736 4382988144 2460978960 131 19801656 2478336244
======================
   8      32 sdc 2015819 74470 222627602 15934332 13895917 36163736 4383234928 2461091644 129 19802660 2478477240
======================
   8      32 sdc 2015820 74470 222627610 15934364 13896557 36163736 4383562608 2461263940 129 19803660 2478620252
======================
   8      32 sdc 2015821 74470 222627618 15934416 13897209 36163736 4383896432 2461407712 149 19804664 2478764420
======================
   8      32 sdc 2015822 74470 222627626 15934452 13897848 36163736 4384223600 2461550928 150 19805668 2478908344
======================
   8      32 sdc 2015822 74470 222627626 15934452 13897956 36163736 4384278896 2461576252 107 19806672 2479021588
======================
   8      32 sdc 2015824 74470 222627642 15935472 13898934 36163736 4384779632 2461763548 153 19807672 2479163492
======================
   8      32 sdc 2015826 74470 222627658 15935916 13899742 36163736 4385193328 2461949560 144 19808676 2479308704
======================
   8      32 sdc 2015827 74470 222627666 15935948 13900372 36163736 4385515888 2462094576 154 19809688 2479453632
======================
   8      32 sdc 2015828 74470 222627674 15935980 13900996 36163736 4385835376 2462238032 139 19810688 2479596976
======================
   8      32 sdc 2015831 74470 222627698 15936236 13901600 36163736 4386144624 2462377836 142 19811692 2479737488
======================
   8      32 sdc 2015832 74470 222627706 15936264 13902244 36163736 4386474352 2462522460 138 19812696 2479881276
======================
   8      32 sdc 2015833 74470 222627714 15936300 13902895 36163736 4386807664 2462665908 159 19813700 2480024816
======================
   8      32 sdc 2015834 74470 222627722 15936336 13903537 36163736 4387136368 2462809372 158 19814700 2480168072
======================
   8      32 sdc 2015836 74470 222627738 15936464 13904178 36163736 4387464560 2462952484 138 19815704 2480311224
======================
   8      32 sdc 2015837 74470 222627746 15936488 13904824 36163736 4387795312 2463094456 150 19816704 2480453952
======================
   8      32 sdc 2015838 74470 222627754 15936560 13905428 36163736 4388104560 2463236116 138 19817708 2480596380
======================
   8      32 sdc 2015839 74470 222627762 15936664 13906051 36163736 4388423536 2463377552 154 19818712 2480736392
======================
   8      32 sdc 2015841 74470 222627778 15936820 13906703 36163736 4388757360 2463514896 151 19819716 2480874472
======================
   8      32 sdc 2015842 74470 222627786 15936856 13907363 36163736 4389095280 2463658268 139 19820716 2481017720
======================
   8      32 sdc 2015842 74470 222627786 15936856 13907654 36163736 4389244272 2463723884 137 19821720 2481157628
======================
   8      32 sdc 2015842 74470 222627786 15936856 13907654 36163736 4389244272 2463723884 137 19822728 2481295724
======================
   8      32 sdc 2015844 74470 222627802 15939280 13908662 36163736 4389760368 2464096748 153 19823728 2481445552
======================
   8      32 sdc 2015848 74470 222627834 15940076 13909735 36163736 4390309744 2464241364 135 19824732 2481596700
======================
   8      32 sdc 2015849 74470 222627842 15940108 13910386 36163736 4390643056 2464381556 156 19825736 2481744028
======================
   8      32 sdc 2015850 74470 222627850 15940156 13911027 36163736 4390971248 2464525160 155 19826740 2481887884
======================
   8      32 sdc 2015851 74470 222627858 15940176 13911665 36163736 4391297904 2464672940 139 19827744 2482035724
======================
   8      32 sdc 2015853 74470 222627874 15940272 13912302 36163736 4391624048 2464814056 137 19828744 2482177576
======================
   8      32 sdc 2015853 74470 222627874 15940272 13912810 36163736 4391884144 2464929548 101 19829748 2482311492
======================
   8      32 sdc 2015853 74470 222627874 15940272 13912810 36163736 4391884144 2464929548 101 19830752 2482412896
======================
   8      32 sdc 2015854 74470 222627882 15941812 13913274 36163736 4392121712 2465099720 149 19831760 2482549932
======================
   8      32 sdc 2015856 74470 222627898 15943244 13914294 36163736 4392643952 2465338244 153 19832760 2482700748
======================
   8      32 sdc 2015859 74470 222627922 15944012 13915423 36163736 4393222000 2465485576 143 19833832 2482861192
======================
   8      32 sdc 2015859 74470 222627922 15944012 13915832 36163736 4393431408 2465575732 151 19834832 2483007248
======================
   8      32 sdc 2015862 74470 222627946 15944984 13916686 36163736 4393868656 2465778128 128 19835836 2483155208
======================
   8      32 sdc 2015862 74470 222627946 15944984 13916853 36163736 4393954160 2465815116 154 19836840 2483307160
======================
   8      32 sdc 2015865 74470 222627970 15946456 13917962 36163736 4394521968 2466081668 132 19837844 2483458156
======================
   8      32 sdc 2015865 74470 222627970 15946456 13918393 36163736 4394742640 2466178860 150 19838844 2483603544
======================
   8      32 sdc 2015865 74470 222627970 15946456 13918393 36163736 4394742640 2466178860 150 19839848 2483754144
======================
   8      32 sdc 2015868 74470 222627994 15947984 13919843 36163736 4395485040 2466519176 139 19840852 2483899116
======================
   8      32 sdc 2015870 74470 222628010 15948056 13920501 36163736 4395821936 2466663212 153 19841856 2484043732
======================
   8      32 sdc 2015871 74470 222628018 15948088 13921133 36163736 4396145520 2466806068 129 19842860 2484187308
======================
   8      32 sdc 2015872 74470 222628026 15948152 13921742 36163736 4396457328 2466949012 134 19843860 2484330232
======================
   8      32 sdc 2015873 74470 222628034 15948220 13922376 36163736 4396781936 2467092740 151 19844864 2484473076
======================
   8      32 sdc 2015874 74470 222628042 15948316 13923028 36163736 4397115760 2467232920 123 19845868 2484612972
======================
   8      32 sdc 2015875 74470 222628050 15948400 13923573 36163736 4397394800 2467355312 90 19846876 2484746408
======================
   8      32 sdc 2015875 74470 222628050 15948400 13923573 36163736 4397394800 2467355312 90 19847880 2484836768
======================
   8      32 sdc 2015877 74470 222628066 15949952 13924039 36163736 4397633392 2467504480 136 19848880 2484960032
======================
   8      32 sdc 2015880 74470 222628090 15950640 13925561 36163736 4398412656 2467718780 150 19849884 2485103232
======================
   8      32 sdc 2015881 74470 222628098 15950668 13926080 36163736 4398678384 2467837208 143 19850888 2485247136
======================
   8      32 sdc 2015883 74470 222628114 15951612 13926807 36163736 4399050608 2468006896 151 19851892 2485390880
======================
   8      32 sdc 2015884 74470 222628122 15951636 13927447 36163736 4399378288 2468151684 151 19852892 2485536004
======================
   8      32 sdc 2015885 74470 222628130 15951672 13928093 36163736 4399709040 2468295144 145 19853896 2485679780
======================
   8      32 sdc 2015887 74470 222628146 15951776 13928726 36163736 4400033136 2468437172 129 19854900 2485823032
======================
   8      32 sdc 2015888 74470 222628154 15951816 13929361 36163736 4400358256 2468580088 157 19855900 2485964640
======================
   8      32 sdc 2015889 74470 222628162 15951884 13930003 36163736 4400686960 2468723248 132 19856904 2486108172
======================
   8      32 sdc 2015890 74470 222628170 15951932 13930652 36163736 4401019248 2468866112 152 19857908 2486251596
======================
   8      32 sdc 2015892 74470 222628186 15952096 13931251 36163736 4401325936 2469004708 155 19858908 2486390916
======================
   8      32 sdc 2015894 74470 222628202 15952184 13931861 36163736 4401638256 2469150024 132 19859912 2486534392
======================
   8      32 sdc 2015894 74470 222628202 15952184 13932242 36163736 4401833328 2469238432 125 19860916 2486670240
======================
   8      32 sdc 2015895 74470 222628210 15953576 13932501 36163736 4401965936 2469424296 137 19861924 2486796940
======================
   8      32 sdc 2015896 74470 222628218 15954248 13933240 36163736 4402344304 2469542876 151 19862924 2486946540
======================
   8      32 sdc 2015897 74470 222628226 15954976 13933751 36163736 4402605936 2469664420 152 19863932 2487098208
======================
   8      32 sdc 2015900 74470 222628250 15955788 13935067 36163736 4403279728 2469856716 147 19864936 2487245316
======================
   8      32 sdc 2015900 74470 222628250 15955788 13935289 36163736 4403393392 2469906324 150 19865940 2487393508
======================
   8      32 sdc 2015903 74470 222628274 15956604 13936335 36163736 4403928944 2470146632 151 19866940 2487537284
======================
   8      32 sdc 2015903 74470 222628274 15956604 13936831 36163736 4404182896 2470257780 144 19867944 2487681464
======================
   8      32 sdc 2015903 74470 222628274 15956604 13936831 36163736 4404182896 2470257780 144 19868948 2487826040
======================
   8      32 sdc 2015905 74470 222628290 15958784 13937336 36163736 4404441456 2470486492 150 19869952 2487976196
======================
   8      32 sdc 2015907 74470 222628306 15958824 13938867 36163736 4405225328 2470727144 156 19870956 2488119452
======================
   8      32 sdc 2015910 74470 222628330 15958956 13939474 36163736 4405536112 2470870348 139 19871956 2488264268
======================
   8      32 sdc 2015911 74470 222628338 15959004 13940100 36163736 4405856624 2471014960 147 19872960 2488407364
======================
   8      32 sdc 2015912 74470 222628346 15959032 13940744 36163736 4406186352 2471158928 134 19873964 2488550848
======================
   8      32 sdc 2015913 74470 222628354 15959064 13941396 36163736 4406520176 2471296616 153 19874964 2488687924
======================
   8      32 sdc 2015914 74470 222628362 15959112 13942020 36163736 4406839664 2471435816 75 19875968 2488825572
======================
   8      32 sdc 2015914 74470 222628362 15959112 13942020 36163736 4406839664 2471435816 75 19876972 2488900872
======================
   8      32 sdc 2015915 74470 222628370 15960612 13942464 36163736 4407066992 2471560788 143 19877976 2489017764
======================
   8      32 sdc 2015916 74470 222628378 15961476 13942970 36163736 4407326064 2471695816 149 19878980 2489164656
======================
   8      32 sdc 2015917 74470 222628386 15962308 13943478 36163736 4407586160 2471835232 153 19879984 2489316376
======================
   8      32 sdc 2015920 74470 222628410 15963028 13945016 36163736 4408373616 2472062940 151 19880988 2489460564
======================
   8      32 sdc 2015920 74470 222628410 15963028 13945016 36163736 4408373616 2472062940 151 19881992 2489612168
======================
   8      32 sdc 2015923 74470 222628434 15964472 13946334 36163736 4409048432 2472361664 144 19882996 2489758972
======================
   8      32 sdc 2015924 74470 222628442 15964500 13946961 36163736 4409369456 2472504136 157 19883996 2489902276
======================
   8      32 sdc 2015926 74470 222628458 15964540 13947555 36163736 4409673584 2472645544 150 19885000 2490043972
======================
   8      32 sdc 2015927 74470 222628466 15964584 13948116 36163736 4409960816 2472773136 123 19886004 2490184680
======================
   8      32 sdc 2015927 74470 222628466 15964584 13948116 36163736 4409960816 2472773136 123 19887008 2490308172
======================
   8      32 sdc 2015928 74470 222628474 15966052 13948603 36163736 4410210160 2472971892 148 19888012 2490448660
======================
   8      32 sdc 2015931 74470 222628498 15966952 13950081 36163736 4410966896 2473193896 141 19889016 2490593844
======================
   8      32 sdc 2015933 74470 222628514 15967016 13950726 36163736 4411297136 2473336104 136 19890020 2490737068
======================
   8      32 sdc 2015934 74470 222628522 15967052 13951355 36163736 4411619184 2473479708 147 19891024 2490880792
======================
   8      32 sdc 2015935 74470 222628530 15967124 13951975 36163736 4411936624 2473621784 135 19892028 2491023916
======================
   8      32 sdc 2015936 74470 222628538 15967172 13952604 36163736 4412258672 2473766024 146 19893032 2491167556
======================
   8      32 sdc 2015938 74470 222628554 15967292 13953241 36163736 4412584816 2473909936 159 19894036 2491310956
======================
   8      32 sdc 2015939 74470 222628562 15967396 13953891 36163736 4412917616 2474053072 151 19895044 2491453512
======================
   8      32 sdc 2015940 74470 222628570 15967636 13954397 36163736 4413177200 2474191228 148 19896048 2491593628
======================
   8      32 sdc 2015942 74470 222628586 15967684 13955021 36163736 4413496176 2474335472 129 19897052 2491737364
======================
   8      32 sdc 2015943 74470 222628594 15967724 13955664 36163736 4413825392 2474477600 158 19898056 2491879048
======================
   8      32 sdc 2015945 74470 222628610 15967804 13956310 36163736 4414156144 2474619824 152 19899060 2492022768
======================
   8      32 sdc 2015946 74470 222628618 15967860 13956928 36163736 4414472560 2474763500 142 19900064 2492166684
======================
   8      32 sdc 2015947 74470 222628626 15967932 13957546 36163736 4414788976 2474908620 141 19901068 2492310480
======================
   8      32 sdc 2015948 74470 222628634 15968000 13958202 36163736 4415124848 2475050840 135 19902072 2492453068
======================
   8      32 sdc 2015949 74470 222628642 15968112 13958867 36163736 4415465328 2475189100 124 19903072 2492590308
======================
   8      32 sdc 2015951 74470 222628658 15968244 13959499 36163736 4415788912 2475327012 141 19904076 2492729900
======================
   8      32 sdc 2015952 74470 222628666 15968400 13960104 36163736 4416098672 2475463820 138 19905080 2492867320
======================
   8      32 sdc 2015953 74470 222628674 15968428 13960736 36163736 4416422256 2475608940 142 19906088 2493011540
======================
   8      32 sdc 2015953 74470 222628674 15968428 13960911 36163736 4416511856 2475670400 128 19907092 2493150248
======================
   8      32 sdc 2015954 74470 222628682 15969864 13961398 36163736 4416761200 2475885540 153 19908096 2493280636
======================
   8      32 sdc 2015957 74470 222628706 15970632 13962431 36163736 4417290096 2476025260 144 19909100 2493430912
======================
   8      32 sdc 2015957 74470 222628706 15970632 13962431 36163736 4417290096 2476025260 144 19910104 2493575488
======================
   8      32 sdc 2015958 74470 222628714 15972040 13962935 36163736 4417548144 2476243284 152 19911108 2493724388
======================
   8      32 sdc 2015961 74470 222628738 15972792 13964376 36163736 4418285936 2476461320 150 19912108 2493868080
======================
   8      32 sdc 2015963 74470 222628754 15972868 13965003 36163736 4418606960 2476604332 131 19913112 2494011996
======================
   8      32 sdc 2015964 74470 222628762 15972892 13965635 36163736 4418930544 2476748684 139 19914116 2494155756
======================
   8      32 sdc 2015965 74470 222628770 15972944 13966276 36163736 4419258736 2476891816 138 19915120 2494298920
======================
   8      32 sdc 2015966 74470 222628778 15973000 13966914 36163736 4419585392 2477034912 143 19916120 2494441964
======================
   8      32 sdc 2015967 74470 222628786 15973040 13967553 36163736 4419912560 2477178964 142 19917124 2494585832
======================
   8      32 sdc 2015967 74470 222628786 15973040 13967593 36163736 4419933040 2477187484 102 19918128 2494689596
======================
   8      32 sdc 2015968 74470 222628794 15974544 13968080 36163736 4420182384 2477354132 127 19919128 2494805788
======================
   8      32 sdc 2015969 74470 222628802 15975252 13968568 36163736 4420432240 2477456072 151 19920132 2494950192
======================
   8      32 sdc 2015971 74470 222628818 15976008 13969585 36163736 4420952944 2477593348 158 19921136 2495105244
======================
   8      32 sdc 2015972 74470 222628826 15977432 13970102 36163736 4421217648 2477829344 153 19922140 2495261288
======================
   8      32 sdc 2015976 74470 222628858 15978216 13971321 36163736 4421841776 2477997984 149 19923144 2495410088
======================
   8      32 sdc 2015976 74470 222628858 15978216 13971640 36163736 4422005104 2478068016 151 19924148 2495558128
======================
   8      32 sdc 2015977 74470 222628866 15979700 13971928 36163736 4422152560 2478309400 150 19925152 2495709260
======================
   8      32 sdc 2015980 74470 222628890 15979772 13973215 36163736 4422811504 2478437784 143 19926156 2495852640
======================
   8      32 sdc 2015981 74470 222628898 15979808 13973850 36163736 4423136624 2478587188 148 19927156 2496001488
======================
   8      32 sdc 2015982 74470 222628906 15979844 13974426 36163736 4423431536 2478729308 148 19928160 2496145596
======================
   8      32 sdc 2015983 74470 222628914 15979916 13974996 36163736 4423723376 2478872376 130 19929160 2496287980
======================
   8      32 sdc 2015984 74470 222628922 15979988 13975587 36163736 4424025968 2479015288 155 19930164 2496430584
======================
   8      32 sdc 2015985 74470 222628930 15980084 13976167 36163736 4424322928 2479154908 140 19931168 2496571672
======================
   8      32 sdc 2015986 74470 222628938 15980288 13976727 36163736 4424609648 2479293968 151 19932172 2496710676
======================
   8      32 sdc 2015987 74470 222628946 15980320 13977279 36163736 4424892272 2479434728 144 19933176 2496854380
======================
   8      32 sdc 2015990 74470 222628970 15980500 13977842 36163736 4425180528 2479577716 155 19934180 2496996576
======================
   8      32 sdc 2015991 74470 222628978 15980564 13978394 36163736 4425463152 2479723056 148 19935180 2497139916
======================
   8      32 sdc 2015992 74470 222628986 15980668 13978943 36163736 4425744240 2479866700 133 19936184 2497283356
======================
   8      32 sdc 2015993 74470 222628994 15980752 13979538 36163736 4426048880 2480008332 131 19937188 2497424240
======================
   8      32 sdc 2015993 74470 222628994 15980752 13979892 36163736 4426230128 2480089916 91 19938192 2497542472
======================
   8      32 sdc 2015993 74470 222628994 15980752 13979892 36163736 4426230128 2480089916 91 19939196 2497633836
======================
   8      32 sdc 2015996 74470 222629018 15982448 13981273 36163736 4426937200 2480351524 149 19940196 2497770736
======================
   8      32 sdc 2015996 74470 222629018 15982448 13981369 36163736 4426986352 2480376464 150 19941200 2497920236
======================
   8      32 sdc 2015998 74470 222629034 15984124 13982384 36163736 4427506032 2480664708 159 19942204 2498069168
======================
   8      32 sdc 2015999 74470 222629042 15984144 13982906 36163736 4427773296 2480782036 149 19943208 2498212792
======================
   8      32 sdc 2016000 74470 222629050 15984376 13983386 36163736 4428019056 2480935928 148 19944212 2498357164
======================
   8      32 sdc 2016002 74470 222629066 15984448 13983959 36163736 4428312432 2481079904 151 19945216 2498500976
======================
   8      32 sdc 2016003 74470 222629074 15984512 13984545 36163736 4428612464 2481223568 144 19946220 2498644844
======================
   8      32 sdc 2016004 74470 222629082 15984588 13985116 36163736 4428904816 2481366788 157 19947224 2498787864
======================
   8      32 sdc 2016006 74470 222629098 15984760 13985677 36163736 4429192048 2481498568 135 19948224 2498916840
======================
   8      32 sdc 2016007 74470 222629106 15984816 13986248 36163736 4429484400 2481639464 140 19949228 2499060432
======================
   8      32 sdc 2016008 74470 222629114 15984924 13986815 36163736 4429774704 2481780904 143 19950232 2499201732
======================
   8      32 sdc 2016009 74470 222629122 15984964 13987406 36163736 4430077296 2481924856 128 19951236 2499345180
======================
   8      32 sdc 2016009 74470 222629122 15984964 13987583 36163736 4430167920 2481967276 80 19952240 2499441144
======================
   8      32 sdc 2016010 74470 222629130 15986716 13988045 36163736 4430404464 2482118440 130 19953244 2499526712
======================
   8      32 sdc 2016013 74470 222629154 15986808 13989103 36163736 4430946160 2482247652 143 19954244 2499671544
======================
   8      32 sdc 2016014 74470 222629162 15986852 13989655 36163736 4431228784 2482390708 155 19955248 2499814968
======================
   8      32 sdc 2016015 74470 222629170 15986896 13990204 36163736 4431509872 2482534884 146 19956252 2499958728
======================
   8      32 sdc 2016016 74470 222629178 15986924 13990801 36163736 4431815536 2482680628 157 19957256 2500102360
======================
   8      32 sdc 2016017 74470 222629186 15987004 13991407 36163736 4432125808 2482823428 140 19958256 2500245332
======================
   8      32 sdc 2016018 74470 222629194 15987028 13991758 36163736 4432305520 2482965676 160 19959260 2500390304
======================
   8      32 sdc 2016018 74470 222629194 15987028 13991758 36163736 4432305520 2482965676 160 19960264 2500550944
======================
   8      32 sdc 2016021 74470 222629218 15988352 13993149 36164491 4432999560 2483270232 129 19961268 2500695272
======================
   8      32 sdc 2016022 74470 222629226 15988404 13993202 36164491 4433026696 2483284024 141 19962272 2500837500
======================
   8      32 sdc 2016024 74470 222629242 15990052 13994225 36164491 4433550472 2483559576 142 19963276 2500979240
======================
   8      32 sdc 2016024 74470 222629242 15990052 13994225 36164491 4433550472 2483559576 142 19964280 2501121808
======================
   8      32 sdc 2016025 74470 222629250 15991684 13994725 36164491 4433806472 2483801620 154 19965284 2501268628
======================
   8      32 sdc 2016028 74470 222629274 15992544 13995820 36164491 4434367112 2483968704 146 19966288 2501417588
======================
   8      32 sdc 2016029 74470 222629282 15992580 13996397 36164491 4434662536 2484132532 145 19967292 2501561128
======================
   8      32 sdc 2016030 74470 222629290 15992608 13996967 36164491 4434954376 2484275960 151 19968296 2501705112
======================
   8      32 sdc 2016031 74470 222629298 15992632 13997537 36164491 4435246216 2484416520 138 19969296 2501845296
======================
   8      32 sdc 2016031 74470 222629298 15992632 13997844 36164491 4435403400 2484494780 107 19970300 2501970388
======================
   8      32 sdc 2016031 74470 222629298 15992632 13997844 36164491 4435403400 2484494780 107 19971304 2502077816
======================
   8      32 sdc 2016033 74470 222629314 15994292 13998820 36164491 4435903112 2484700928 155 19972308 2502225576
======================
   8      32 sdc 2016035 74470 222629330 15995872 13999495 36164491 4436248712 2484963416 151 19973312 2502379152
======================
   8      32 sdc 2016036 74470 222629338 15995896 14000362 36164491 4436692616 2485090088 149 19974316 2502523052
======================
   8      32 sdc 2016039 74470 222629362 15996044 14000915 36164491 4436975752 2485230432 153 19975320 2502665836
======================
   8      32 sdc 2016040 74470 222629370 15996112 14001459 36164491 4437254280 2485374744 155 19976320 2502808000
======================
   8      32 sdc 2016041 74470 222629378 15996164 14002008 36164491 4437535368 2485519724 148 19977324 2502951920
======================
   8      32 sdc 2016041 74470 222629378 15996164 14002461 36164491 4437767304 2485629904 98 19978328 2503082984
======================
   8      32 sdc 2016041 74470 222629378 15996164 14002461 36164491 4437767304 2485629904 98 19979332 2503181376
======================
   8      32 sdc 2016044 74470 222629402 15997936 14003692 36164491 4438397576 2485881544 146 19980336 2503314100
======================
   8      32 sdc 2016045 74470 222629410 15997964 14004241 36164491 4438678664 2486022688 141 19981336 2503457408
======================
   8      32 sdc 2016046 74470 222629418 15997992 14004792 36164491 4438960776 2486166748 134 19982340 2503601100
======================
   8      32 sdc 2016047 74470 222629426 15998036 14005358 36164491 4439250568 2486309440 144 19983344 2503743648
======================
   8      32 sdc 2016048 74470 222629434 15998080 14005924 36164491 4439540360 2486452216 154 19984348 2503886744
======================
   8      32 sdc 2016049 74470 222629442 15998136 14006484 36164491 4439827080 2486595816 138 19985352 2504030520
======================
   8      32 sdc 2016049 74470 222629442 15998136 14006550 36164491 4439860872 2486612940 105 19986356 2504139460
======================
   8      32 sdc 2016052 74470 222629466 15999844 14007614 36164491 4440405640 2486824120 128 19987360 2504255748
======================
   8      32 sdc 2016053 74470 222629474 15999876 14008190 36164491 4440700552 2486963500 128 19988360 2504399000
======================
   8      32 sdc 2016054 74470 222629482 15999940 14008583 36164491 4440901768 2487072900 120 19989364 2504537992
======================
   8      32 sdc 2016054 74470 222629482 15999940 14008583 36164491 4440901768 2487072900 120 19990368 2504658472
======================
   8      32 sdc 2016057 74470 222629506 16001588 14009879 36164491 4441565320 2487356704 135 19991372 2504794132
======================
   8      32 sdc 2016058 74470 222629514 16001628 14010471 36164491 4441868424 2487500796 151 19992376 2504937940
======================
   8      32 sdc 2016059 74470 222629522 16001668 14011049 36164491 4442164360 2487643352 149 19993380 2505081780
======================
   8      32 sdc 2016060 74470 222629530 16001712 14011600 36164491 4442446472 2487785628 142 19994380 2505224988
======================
   8      32 sdc 2016060 74470 222629530 16001712 14011652 36164491 4442473096 2487798816 123 19995384 2505349940
======================
   8      32 sdc 2016063 74470 222629554 16003452 14012719 36164491 4443019400 2488045928 143 19996392 2505479524
======================
   8      32 sdc 2016063 74470 222629554 16003452 14013161 36164491 4443245704 2488153212 150 19997396 2505624500
======================
   8      32 sdc 2016063 74470 222629554 16003452 14013161 36164491 4443245704 2488153212 150 19998400 2505775100
======================
   8      32 sdc 2016065 74470 222629570 16005036 14014177 36164491 4443765896 2488428284 158 19999404 2505927440
======================
   8      32 sdc 2016065 74470 222629570 16005036 14014177 36164491 4443765896 2488428284 158 20000408 2506086072
======================
   8      32 sdc 2016068 74470 222629594 16006580 14015642 36164491 4444515976 2488786776 132 20001412 2506230724
======================
   8      32 sdc 2016069 74470 222629602 16006608 14016191 36164491 4444797064 2488930648 149 20002412 2506374152
======================
   8      32 sdc 2016072 74470 222629626 16007256 14016735 36164491 4445075592 2489065060 142 20003416 2506509452
======================
   8      32 sdc 2016073 74470 222629634 16007296 14017303 36164491 4445366408 2489207700 135 20004420 2506652804
======================
   8      32 sdc 2016074 74470 222629642 16007348 14017864 36164491 4445653640 2489351304 150 20005424 2506796700
======================
   8      32 sdc 2016075 74470 222629650 16007420 14018423 36164491 4445939848 2489495480 138 20006424 2506939692
======================
   8      32 sdc 2016075 74470 222629650 16007420 14018793 36164491 4446129288 2489586108 118 20007428 2507073592
======================
   8      32 sdc 2016075 74470 222629650 16007420 14018793 36164491 4446129288 2489586108 118 20008432 2507192064
======================
   8      32 sdc 2016078 74470 222629674 16009388 14020011 36164491 4446752904 2489876780 147 20009436 2507323400
======================
   8      32 sdc 2016079 74470 222629682 16009432 14020583 36164491 4447045768 2490021104 151 20010436 2507466884
======================
   8      32 sdc 2016080 74470 222629690 16009488 14021156 36164491 4447339144 2490165028 154 20011440 2507610372
======================
   8      32 sdc 2016081 74470 222629698 16009528 14021747 36164491 4447641736 2490308580 156 20012444 2507753992
======================
   8      32 sdc 2016082 74470 222629706 16009560 14022327 36164491 4447938696 2490450828 137 20013448 2507897636
======================
   8      32 sdc 2016082 74470 222629706 16009560 14022382 36164491 4447966856 2490464808 113 20014452 2508013192
======================
   8      32 sdc 2016083 74470 222629714 16011280 14022869 36164491 4448216200 2490675900 138 20015452 2508132984
======================
   8      32 sdc 2016087 74470 222629746 16012144 14023975 36164491 4448782472 2490826928 151 20016456 2508273060
======================
   8      32 sdc 2016088 74470 222629754 16012188 14024529 36164491 4449066120 2490967536 141 20017460 2508416896
======================
   8      32 sdc 2016089 74470 222629762 16012248 14025078 36164491 4449347208 2491107144 156 20018464 2508556788
======================
   8      32 sdc 2016090 74470 222629770 16012292 14025673 36164491 4449651848 2491250628 129 20019468 2508699248
======================
   8      32 sdc 2016091 74470 222629778 16012360 14026290 36164491 4449967752 2491393912 129 20020468 2508841212
======================
   8      32 sdc 2016092 74470 222629786 16012672 14026744 36164491 4450200200 2491527284 148 20021472 2508976276
======================
   8      32 sdc 2016093 74470 222629794 16012708 14027293 36164491 4450481288 2491670084 129 20022476 2509119828
======================
   8      32 sdc 2016094 74470 222629802 16012736 14027846 36164491 4450764424 2491810048 134 20023480 2509259120
======================
   8      32 sdc 2016095 74470 222629810 16012796 14028414 36164491 4451055240 2491951504 152 20024484 2509401736
======================
   8      32 sdc 2016096 74470 222629818 16012852 14028981 36164491 4451345544 2492092876 134 20025484 2509542196
======================
   8      32 sdc 2016097 74470 222629826 16012900 14029541 36164491 4451632264 2492234536 122 20026488 2509683676
======================
   8      32 sdc 2016099 74470 222629842 16013068 14030118 36164491 4451927688 2492377464 140 20027492 2509823116
======================
   8      32 sdc 2016100 74470 222629850 16013100 14030709 36164491 4452230280 2492517272 141 20028496 2509966548
======================
   8      32 sdc 2016101 74470 222629858 16013136 14031274 36164491 4452519560 2492659132 148 20029500 2510109732
======================
   8      32 sdc 2016103 74470 222629874 16013244 14031837 36164491 4452807816 2492801864 129 20030500 2510251472
======================
   8      32 sdc 2016104 74470 222629882 16013280 14032405 36164491 4453099144 2492944060 137 20031504 2510394620
======================
   8      32 sdc 2016105 74470 222629890 16013364 14032984 36164491 4453395080 2493088480 147 20032508 2510537704
======================
   8      32 sdc 2016106 74470 222629898 16013432 14033574 36164491 4453697160 2493230612 139 20033512 2510680300
======================
   8      32 sdc 2016107 74470 222629906 16013496 14034153 36164491 4453993608 2493372024 118 20034520 2510822140
======================
   8      32 sdc 2016109 74470 222629922 16013664 14034691 36164491 4454269064 2493518336 158 20035524 2510968908
======================
   8      32 sdc 2016110 74470 222629930 16013708 14035262 36164491 4454561416 2493662532 128 20036528 2511112720
======================
   8      32 sdc 2016111 74470 222629938 16013776 14035815 36164491 4454844552 2493805328 156 20037532 2511256308
======================
   8      32 sdc 2016112 74470 222629946 16013860 14036364 36164491 4455125640 2493946660 131 20038536 2511397836
======================
   8      32 sdc 2016113 74470 222629954 16013924 14036971 36164491 4455436424 2494090904 136 20039544 2511541120
======================
   8      32 sdc 2016114 74470 222629962 16014012 14037585 36164491 4455750792 2494231700 150 20040548 2511681896
======================
   8      32 sdc 2016115 74470 222629970 16014116 14038198 36164491 4456064648 2494372760 142 20041552 2511822972
======================
   8      32 sdc 2016117 74470 222629986 16014276 14038771 36164491 4456358024 2494510040 139 20042556 2511962908
======================
   8      32 sdc 2016119 74470 222630002 16014384 14039306 36164491 4456631944 2494650712 154 20043560 2512105680
======================
   8      32 sdc 2016119 74470 222630002 16014384 14039777 36164491 4456873096 2494773560 126 20044560 2512245696
======================
   8      32 sdc 2016119 74470 222630002 16014384 14039777 36164491 4456873096 2494773560 126 20045564 2512372200
======================
   8      32 sdc 2016122 74470 222630026 16016104 14040976 36164491 4457486984 2495054552 142 20046568 2512508216
======================
   8      32 sdc 2016123 74470 222630034 16016136 14041539 36164491 4457775240 2495199032 155 20047572 2512651940
======================
   8      32 sdc 2016124 74470 222630042 16016368 14042009 36164491 4458015880 2495343476 133 20048576 2512795376
======================
   8      32 sdc 2016125 74470 222630050 16016400 14042579 36164491 4458307720 2495484924 139 20049580 2512939232
======================
   8      32 sdc 2016126 74470 222630058 16016444 14043150 36164491 4458600072 2495628620 144 20050580 2513082360
======================
   8      32 sdc 2016127 74470 222630066 16016512 14043721 36164491 4458892424 2495772456 149 20051584 2513226056
======================
   8      32 sdc 2016128 74470 222630074 16016592 14044293 36164491 4459185800 2495916352 132 20052588 2513369440
======================
   8      32 sdc 2016129 74470 222630082 16016684 14044885 36164491 4459488392 2496058032 138 20053592 2513511384
======================
   8      32 sdc 2016129 74470 222630082 16016684 14044917 36164491 4459504776 2496065896 106 20054592 2513618392
======================
   8      32 sdc 2016132 74470 222630106 16018444 14045986 36164491 4460052104 2496284656 156 20055596 2513736012
======================
   8      32 sdc 2016133 74470 222630114 16018480 14046548 36164491 4460339848 2496425384 138 20056600 2513881156
======================
   8      32 sdc 2016135 74470 222630130 16018588 14047104 36164491 4460624520 2496568012 145 20057604 2514023984
======================
   8      32 sdc 2016136 74470 222630138 16018652 14047655 36164491 4460906632 2496709668 141 20058608 2514166208
======================
   8      32 sdc 2016137 74470 222630146 16018700 14048206 36164491 4461188744 2496854604 128 20059612 2514310464
======================
   8      32 sdc 2016138 74470 222630154 16018776 14048819 36164491 4461502600 2496997016 135 20060616 2514451840
======================
   8      32 sdc 2016139 74470 222630162 16018824 14049432 36164491 4461816456 2497139012 150 20061620 2514593612
======================
   8      32 sdc 2016139 74470 222630162 16018824 14049562 36164491 4461883016 2497179740 69 20062624 2514684660
======================
   8      32 sdc 2016139 74470 222630162 16018824 14049562 36164491 4461883016 2497179740 69 20063628 2514753936
======================
   8      32 sdc 2016142 74470 222630186 16020840 14050987 36164491 4462612616 2497429988 147 20064632 2514887600
======================
   8      32 sdc 2016144 74470 222630202 16020900 14051553 36164491 4462902408 2497572264 157 20065636 2515031340
======================
   8      32 sdc 2016145 74470 222630210 16020960 14052116 36164491 4463190664 2497715864 139 20066640 2515175332
======================
   8      32 sdc 2016146 74470 222630218 16021016 14052676 36164491 4463477384 2497859580 154 20067640 2515317912
======================
   8      32 sdc 2016147 74470 222630226 16021096 14053263 36164491 4463777928 2498003456 143 20068644 2515460788
======================
   8      32 sdc 2016148 74470 222630234 16021124 14053847 36164491 4464076936 2498146076 135 20069648 2515604316
======================
   8      32 sdc 2016149 74470 222630242 16021152 14054418 36164491 4464369288 2498289448 128 20070652 2515747656
======================
   8      32 sdc 2016150 74470 222630250 16021312 14054685 36164491 4464505992 2498355952 66 20071652 2515844272
======================
   8      32 sdc 2016150 74470 222630250 16021312 14054685 36164491 4464505992 2498355952 66 20072656 2515910536
======================
   8      32 sdc 2016153 74470 222630274 16022956 14056100 36164491 4465230472 2498587252 154 20073664 2516046948
======================
   8      32 sdc 2016155 74470 222630290 16023036 14056680 36164491 4465527432 2498728672 150 20074664 2516190408
======================
   8      32 sdc 2016155 74470 222630290 16023036 14057179 36164491 4465782920 2498855712 132 20075668 2516332820
======================
   8      32 sdc 2016157 74470 222630306 16023328 14057706 36164491 4466052744 2499014960 148 20076672 2516476604
======================
   8      32 sdc 2016158 74470 222630314 16023376 14058271 36164491 4466342024 2499158624 159 20077676 2516619928
======================
   8      32 sdc 2016158 74470 222630314 16023376 14058714 36164491 4466568840 2499272436 133 20078680 2516761772
======================
   8      32 sdc 2016158 74470 222630314 16023376 14058714 36164491 4466568840 2499272436 133 20079684 2516895304
======================
   8      32 sdc 2016161 74470 222630338 16025108 14059969 36164491 4467211400 2499572860 157 20080684 2517033732
======================
   8      32 sdc 2016162 74470 222630346 16025132 14060579 36164491 4467523720 2499712792 152 20081688 2517178120
======================
   8      32 sdc 2016162 74470 222630346 16025132 14060782 36164491 4467627656 2499759764 113 20082692 2517300648
======================
   8      32 sdc 2016163 74470 222630354 16026748 14061268 36164491 4467876488 2499963564 139 20083700 2517416960
======================
   8      32 sdc 2016165 74470 222630370 16026800 14062266 36164491 4468387464 2500090936 132 20084700 2517560484
======================
   8      32 sdc 2016168 74470 222630394 16026884 14062818 36164491 4468670088 2500233796 156 20085704 2517703492
======================
   8      32 sdc 2016169 74470 222630402 16026936 14063386 36164491 4468960904 2500377860 132 20086708 2517847456
======================
   8      32 sdc 2016170 74470 222630410 16026996 14063948 36164491 4469248648 2500522320 146 20087716 2517991904
======================
   8      32 sdc 2016171 74470 222630418 16027044 14064514 36164491 4469538440 2500665156 156 20088720 2518135720
======================
   8      32 sdc 2016171 74470 222630418 16027044 14064889 36164491 4469730440 2500758540 102 20089724 2518265008
======================
   8      32 sdc 2016171 74470 222630418 16027044 14064889 36164491 4469730440 2500758540 102 20090728 2518367416
======================
   8      32 sdc 2016174 74470 222630442 16029020 14066099 36164491 4470349960 2501021488 139 20091732 2518492684
======================
   8      32 sdc 2016174 74470 222630442 16029020 14066379 36164491 4470493320 2501097308 148 20092736 2518639388
======================
   8      32 sdc 2016174 74470 222630442 16029020 14066379 36164491 4470493320 2501097308 148 20093736 2518787388
======================
   8      32 sdc 2016177 74470 222630466 16030708 14067829 36164491 4471235720 2501466152 212 20094740 2519003340
======================
   8      32 sdc 2016178 74470 222630474 16030956 14068391 36164491 4471523464 2501683420 140 20095744 2519156572
======================
   8      32 sdc 2016179 74470 222630482 16031036 14068950 36164491 4471809672 2501824648 136 20096748 2519298032
======================
   8      32 sdc 2016179 74470 222630482 16031036 14069087 36164491 4471879312 2501859160 1 20097752 2519315136
======================
   8      32 sdc 2016180 74470 222630490 16032876 14069603 36164648 4472142744 2501861128 1 20098856 2519318176
======================
   8      32 sdc 2016184 74470 222630522 16033924 14070585 36164648 4472645528 2501868380 156 20099860 2519332560
======================
   8      32 sdc 2016185 74470 222630530 16034000 14071152 36164648 4472935832 2501999848 144 20100864 2519474424
======================
   8      32 sdc 2016186 74470 222630538 16034080 14071759 36164648 4473246616 2502140016 156 20101864 2519614576
======================
   8      32 sdc 2016187 74470 222630546 16034152 14072372 36164648 4473560472 2502282868 130 20102868 2519757200
======================
   8      32 sdc 2016188 74470 222630554 16034344 14072811 36164659 4473785240 2502419116 89 20103872 2519893368
======================
   8      32 sdc 2016189 74470 222630562 16034424 14073362 36164659 4474066432 2502543844 148 20104876 2520020556
======================
   8      32 sdc 2016190 74470 222630570 16034504 14073922 36164659 4474353152 2502686536 154 20105880 2520162524
======================
   8      32 sdc 2016191 74470 222630578 16034584 14074486 36164659 4474641920 2502828112 145 20106888 2520304264
======================
   8      32 sdc 2016192 74470 222630586 16034668 14075040 36164659 4474925568 2502970064 146 20107892 2520447024
======================
   8      32 sdc 2016193 74470 222630594 16034748 14075605 36164668 4475214848 2503112876 113 20108896 2520588244
======================
   8      32 sdc 2016195 74470 222630610 16034936 14076193 36164668 4475514968 2503230116 148 20109900 2520704396
======================
   8      32 sdc 2016196 74470 222630618 16035012 14076777 36164668 4475813976 2503370560 150 20110904 2520846648
======================
   8      32 sdc 2016197 74470 222630626 16035092 14077348 36164668 4476106328 2503510572 134 20111908 2520987688
======================
   8      32 sdc 2016197 74470 222630626 16035092 14077799 36164668 4476337240 2503623180 1 20112912 2521082768
======================
   8      32 sdc 2016197 74470 222630626 16035092 14077799 36164668 4476337240 2503623180 1 20113916 2521083772
======================
   8      32 sdc 2016201 74470 222630658 16037036 14079036 36164678 4476969656 2503683884 138 20114920 2521162856
======================
   8      32 sdc 2016202 74470 222630666 16037112 14079629 36164678 4477273272 2503825108 132 20115924 2521303696
======================
   8      32 sdc 2016203 74470 222630674 16037188 14080193 36164678 4477562040 2503966548 155 20116924 2521445720
======================
   8      32 sdc 2016204 74470 222630682 16037484 14080633 36164678 4477787320 2504102944 142 20117928 2521582288
======================
   8      32 sdc 2016204 74470 222630682 16037484 14080873 36164678 4477910200 2504162804 1 20118932 2521625092
======================
   8      32 sdc 2016204 74470 222630682 16037484 14080873 36164678 4477910200 2504162804 1 20119936 2521626096
======================
   8      32 sdc 2016207 74470 222630706 16039552 14082288 36164688 4478633752 2504256040 124 20120940 2521736404
======================
   8      32 sdc 2016209 74470 222630722 16039752 14082895 36164688 4478944536 2504396732 147 20121944 2521876564
======================
   8      32 sdc 2016210 74470 222630730 16039824 14083508 36164688 4479258392 2504537412 153 20122948 2522017848
======================
   8      32 sdc 2016211 74470 222630738 16039896 14084113 36164688 4479568152 2504684716 132 20123952 2522162284
======================
   8      32 sdc 2016212 74470 222630746 16039980 14084681 36164688 4479858968 2504821796 151 20124956 2522304712
======================
   8      32 sdc 2016213 74470 222630754 16040040 14085233 36164699 4480140672 2504942580 158 20125960 2522425140
======================
   8      32 sdc 2016215 74470 222630770 16040352 14085786 36164699 4480423808 2505063520 158 20126964 2522545784
======================
   8      32 sdc 2016216 74470 222630778 16040488 14086355 36164699 4480715136 2505201708 144 20127968 2522684704
======================
   8      32 sdc 2016218 74470 222630794 16040648 14086910 36164699 4480999296 2505341808 155 20128972 2522825512
======================
   8      32 sdc 2016218 74470 222630794 16040648 14087161 36165154 4481109256 2505408532 0 20129456 2522873136
======================
   8      32 sdc 2016218 74470 222630794 16040648 14087161 36165154 4481109256 2505408532 0 20129456 2522873136
======================
   8      32 sdc 2016218 74470 222630794 16040648 14087161 36165154 4481109256 2505408532 0 20129456 2522873136
======================
   8      32 sdc 2016218 74470 222630794 16040648 14087161 36165154 4481109256 2505408532 0 20129456 2522873136
======================
   8      32 sdc 2016218 74470 222630794 16040648 14087161 36165154 4481109256 2505408532 0 20129456 2522873136
started
======================
   8      32 sdc 2016218 74470 222630794 16040648 14087161 36165154 4481109256 2505408532 0 20129456 2522873136
======================
   8      32 sdc 2016292 74470 222631386 16041272 14087161 36165154 4481109256 2505408532 0 20129528 2522873760
======================
   8      32 sdc 2016292 74470 222631386 16041272 14087161 36165154 4481109256 2505408532 0 20129528 2522873760
======================
   8      32 sdc 2016292 74470 222631386 16041272 14087161 36165154 4481109256 2505408532 0 20129528 2522873760
