======================
   8      16 sdb 19411226 215144 1822814968 41794912 32048337 292075574 9800775032 1425580780 0 12325476 1467313404
======================
   8      16 sdb 19411257 215144 1822816096 41794912 32048337 292075574 9800775032 1425580780 0 12325476 1467313404
======================
   8      16 sdb 19411259 215144 1822816112 41794916 32048337 292075574 9800775032 1425580780 0 12325480 1467313408
======================
   8      16 sdb 19411259 215144 1822816112 41794916 32048337 292075574 9800775032 1425580780 0 12325480 1467313408
======================
   8      16 sdb 19411260 215144 1822816120 41794916 32050964 292075574 9802120056 1425678580 155 12326228 1467416312
======================
   8      16 sdb 19411260 215144 1822816120 41794916 32052756 292075574 9803037560 1425817512 155 12327232 1467557848
======================
   8      16 sdb 19411260 215144 1822816120 41794916 32054604 292075574 9803983736 1425954352 131 12328236 1467699944
======================
   8      16 sdb 19411261 215144 1822816128 41794972 32056286 292075602 9804844136 1426085148 157 12329240 1467834812
======================
   8      16 sdb 19411261 215144 1822816128 41794972 32057382 292075602 9805405288 1426242740 149 12330240 1467980376
======================
   8      16 sdb 19411261 215144 1822816128 41794972 32059299 292075602 9806386792 1426385396 152 12331244 1468123228
======================
   8      16 sdb 19411261 215144 1822816128 41794972 32061224 292075602 9807372392 1426527512 147 12332248 1468265492
======================
   8      16 sdb 19411261 215144 1822816128 41794972 32063249 292075602 9808409192 1426671964 138 12333252 1468408332
======================
   8      16 sdb 19411262 215144 1822816136 41795032 32065576 292075639 9809595872 1426801540 127 12334256 1468537900
======================
   8      16 sdb 19411262 215144 1822816136 41795032 32068139 292075639 9810908128 1426941068 146 12335260 1468678780
======================
   8      16 sdb 19411262 215144 1822816136 41795032 32070095 292075639 9811909600 1427083508 152 12336264 1468821504
======================
   8      16 sdb 19411263 215144 1822816144 41795116 32072015 292075639 9812892136 1427218632 142 12337268 1468956928
======================
   8      16 sdb 19411263 215144 1822816144 41795116 32073944 292075654 9813878896 1427360388 134 12338272 1469098564
======================
   8      16 sdb 19411263 215144 1822816144 41795116 32075868 292075679 9814863680 1427497304 140 12339272 1469234980
======================
   8      16 sdb 19411263 215144 1822816144 41795116 32077786 292075679 9815845696 1427639128 142 12340276 1469376908
======================
   8      16 sdb 19411264 215144 1822816152 41795204 32079684 292075679 9816816968 1427774120 130 12341280 1469511948
======================
   8      16 sdb 19411264 215144 1822816152 41795204 32081602 292075698 9817798128 1427915616 129 12342284 1469653264
======================
   8      16 sdb 19411264 215144 1822816152 41795204 32083525 292075698 9818782704 1428056688 134 12343288 1469794448
======================
   8      16 sdb 19411264 215144 1822816152 41795204 32085447 292075721 9819766448 1428192644 146 12344292 1469930696
======================
   8      16 sdb 19411265 215144 1822816160 41795284 32087365 292075721 9820748472 1428327756 153 12345296 1470065784
======================
   8      16 sdb 19411265 215144 1822816160 41795284 32089283 292075737 9821728592 1428470024 134 12346300 1470208080
======================
   8      16 sdb 19411265 215144 1822816160 41795284 32091181 292075737 9822700368 1428612772 148 12347304 1470351012
======================
   8      16 sdb 19411265 215144 1822816160 41795284 32093074 292075737 9823669584 1428755468 143 12348308 1470493756
======================
   8      16 sdb 19411266 215144 1822816168 41795368 32094994 292075760 9824652304 1428884676 142 12349312 1470622892
======================
   8      16 sdb 19411266 215144 1822816168 41795368 32096913 292075760 9825634832 1429026176 143 12350316 1470764524
======================
   8      16 sdb 19411266 215144 1822816168 41795368 32098835 292075760 9826618896 1429167192 141 12351320 1470905492
======================
   8      16 sdb 19411266 215144 1822816168 41795368 32100751 292075760 9827599888 1429308652 145 12352320 1471046540
======================
   8      16 sdb 19411267 215144 1822816176 41795440 32102674 292075760 9828584472 1429444436 150 12353320 1471182428
======================
   8      16 sdb 19411267 215144 1822816176 41795440 32104573 292075800 9829555056 1429580624 130 12354328 1471319180
======================
   8      16 sdb 19411267 215144 1822816176 41795440 32106477 292075800 9830529904 1429722992 146 12355328 1471461008
======================
   8      16 sdb 19411267 215144 1822816176 41795440 32108395 292075800 9831511920 1429865464 148 12356332 1471603464
======================
   8      16 sdb 19411268 215144 1822816184 41795520 32110317 292075800 9832495480 1430000300 138 12357336 1471738536
======================
   8      16 sdb 19411268 215144 1822816184 41795520 32112236 292075817 9833477136 1430142668 139 12358340 1471881036
======================
   8      16 sdb 19411268 215144 1822816184 41795520 32114150 292075840 9834456784 1430279332 150 12359344 1472017696
======================
   8      16 sdb 19411268 215144 1822816184 41795520 32116077 292075840 9835443408 1430421724 143 12360348 1472159936
======================
   8      16 sdb 19411269 215144 1822816192 41795604 32117972 292075840 9836413144 1430556744 130 12361352 1472295016
======================
   8      16 sdb 19411269 215144 1822816192 41795604 32119892 292075856 9837394800 1430698960 130 12362356 1472437256
======================
   8      16 sdb 19411269 215144 1822816192 41795604 32121802 292075856 9838372720 1430841628 140 12363360 1472580100
======================
   8      16 sdb 19411269 215144 1822816192 41795604 32123720 292075879 9839354416 1430978828 152 12364360 1472716788
======================
   8      16 sdb 19411270 215144 1822816200 41795680 32125637 292075879 9840335416 1431114332 140 12365364 1472852560
======================
   8      16 sdb 19411270 215144 1822816200 41795680 32127559 292075896 9841318608 1431256884 155 12366368 1472995072
======================
   8      16 sdb 19411270 215144 1822816200 41795680 32129480 292075896 9842302160 1431399600 154 12367372 1473137900
======================
   8      16 sdb 19411270 215144 1822816200 41795680 32131374 292075896 9843271888 1431542484 149 12368376 1473280684
======================
   8      16 sdb 19411271 215144 1822816208 41795768 32133273 292075919 9844243856 1431677404 138 12369380 1473415728
======================
   8      16 sdb 19411271 215144 1822816208 41795768 32135186 292075919 9845223312 1431819412 145 12370384 1473558428
======================
   8      16 sdb 19411271 215144 1822816208 41795768 32137111 292075919 9846208912 1431962684 140 12371388 1473701204
======================
   8      16 sdb 19411271 215144 1822816208 41795768 32139033 292075919 9847192976 1432105448 138 12372392 1473843876
======================
   8      16 sdb 19411272 215144 1822816216 41795852 32140955 292075919 9848176536 1432240564 135 12373396 1473979104
======================
   8      16 sdb 19411272 215144 1822816216 41795852 32142878 292075959 9849159920 1432377064 146 12374396 1474115216
======================
   8      16 sdb 19411272 215144 1822816216 41795852 32144758 292075959 9850122480 1432518480 154 12375400 1474257696
======================
   8      16 sdb 19411272 215144 1822816216 41795852 32146680 292075959 9851106544 1432661560 152 12376404 1474399816
======================
   8      16 sdb 19411273 215144 1822816224 41795940 32148575 292075959 9852076280 1432796564 129 12377408 1474534856
======================
   8      16 sdb 19411273 215144 1822816224 41795940 32150480 292075976 9853050264 1432938816 142 12378412 1474677332
======================
   8      16 sdb 19411273 215144 1822816224 41795940 32152400 292075998 9854032976 1433075736 153 12379416 1474814276
======================
   8      16 sdb 19411273 215144 1822816224 41795940 32154317 292075998 9855014480 1433217668 151 12380420 1474956308
======================
   8      16 sdb 19411274 215144 1822816232 41796020 32156241 292075998 9855999064 1433352064 129 12381416 1475090396
======================
   8      16 sdb 19411274 215144 1822816232 41796020 32158158 292076014 9856979688 1433494828 132 12382420 1475233060
======================
   8      16 sdb 19411274 215144 1822816232 41796020 32160082 292076014 9857964776 1433637728 128 12383424 1475375884
======================
   8      16 sdb 19411274 215144 1822816232 41796020 32161974 292076037 9858933160 1433774352 155 12384428 1475512524
======================
   8      16 sdb 19411275 215144 1822816240 41796104 32163867 292076037 9859901872 1433907620 151 12385428 1475645864
======================
   8      16 sdb 19411275 215144 1822816240 41796104 32165793 292076054 9860887112 1434049032 145 12386432 1475787376
======================
   8      16 sdb 19411275 215144 1822816240 41796104 32167706 292076054 9861866568 1434189452 152 12387436 1475927912
======================
   8      16 sdb 19411275 215144 1822816240 41796104 32169628 292076054 9862850632 1434330592 150 12388440 1476069324
======================
   8      16 sdb 19411276 215144 1822816248 41796132 32171555 292076076 9863836424 1434463124 140 12389444 1476201876
======================
   8      16 sdb 19411276 215144 1822816248 41796132 32173470 292076092 9864816024 1434605280 145 12390444 1476343556
======================
   8      16 sdb 19411276 215144 1822816248 41796132 32175364 292076092 9865785752 1434747340 139 12391448 1476485976
======================
   8      16 sdb 19411276 215144 1822816248 41796132 32177269 292076092 9866761112 1434890108 130 12392452 1476628272
======================
   8      16 sdb 19411277 215144 1822816256 41796224 32179197 292076092 9867748248 1435024524 146 12393460 1476763376
======================
   8      16 sdb 19411277 215144 1822816256 41796224 32181117 292076116 9868730976 1435161640 139 12394460 1476899768
======================
   8      16 sdb 19411277 215144 1822816256 41796224 32183033 292076116 9869711968 1435303796 128 12395464 1477042228
======================
   8      16 sdb 19411277 215144 1822816256 41796224 32184956 292076116 9870696544 1435445936 148 12396468 1477184432
======================
   8      16 sdb 19411278 215144 1822816264 41796308 32186880 292076116 9871681640 1435581164 143 12397472 1477319768
======================
   8      16 sdb 19411278 215144 1822816264 41796308 32188780 292076132 9872652552 1435722532 131 12398476 1477461036
======================
   8      16 sdb 19411278 215144 1822816264 41796308 32190685 292076155 9873627592 1435859192 145 12399480 1477597884
======================
   8      16 sdb 19411278 215144 1822816264 41796308 32192603 292076155 9874609096 1436001600 128 12400484 1477740080
======================
   8      16 sdb 19411279 215144 1822816272 41796396 32194516 292076155 9875588048 1436136964 139 12401484 1477875300
======================
   8      16 sdb 19411279 215144 1822816272 41796396 32196441 292076172 9876572776 1436279208 154 12402488 1478017708
======================
   8      16 sdb 19411279 215144 1822816272 41796396 32198354 292076172 9877552232 1436421832 128 12403492 1478160300
======================
   8      16 sdb 19411279 215144 1822816272 41796396 32200276 292076194 9878535968 1436559200 137 12404496 1478297788
======================
   8      16 sdb 19411280 215144 1822816280 41796492 32202174 292076194 9879507240 1436692308 155 12405496 1478431164
======================
   8      16 sdb 19411280 215144 1822816280 41796492 32204078 292076210 9880481208 1436834716 139 12406500 1478573544
======================
   8      16 sdb 19411280 215144 1822816280 41796492 32205993 292076210 9881461688 1436976296 144 12407504 1478715292
======================
   8      16 sdb 19411280 215144 1822816280 41796492 32207913 292076210 9882444728 1437118512 144 12408504 1478857008
======================
   8      16 sdb 19411281 215144 1822816288 41796580 32209836 292076234 9883428488 1437247824 149 12409508 1478986348
======================
   8      16 sdb 19411281 215144 1822816288 41796580 32211752 292076251 9884408104 1437389404 153 12410512 1479127912
======================
   8      16 sdb 19411281 215144 1822816288 41796580 32213672 292076251 9885391144 1437530440 153 12411516 1479268940
======================
   8      16 sdb 19411281 215144 1822816288 41796580 32215572 292076251 9886363944 1437670968 141 12412520 1479409608
======================
   8      16 sdb 19411282 215144 1822816296 41796652 32217475 292076251 9887338280 1437806048 153 12413524 1479544900
======================
   8      16 sdb 19411282 215144 1822816296 41796652 32219393 292076274 9888319976 1437943012 135 12414528 1479681896
======================
   8      16 sdb 19411282 215144 1822816296 41796652 32221312 292076274 9889302504 1438084808 136 12415528 1479823324
======================
   8      16 sdb 19411282 215144 1822816296 41796652 32223192 292076274 9890265064 1438224784 144 12416532 1479965872
======================
   8      16 sdb 19411283 215144 1822816304 41796740 32225159 292076274 9891271664 1438361964 155 12417536 1480100568
======================
   8      16 sdb 19411283 215144 1822816304 41796740 32227085 292076290 9892256392 1438503708 149 12418540 1480242604
======================
   8      16 sdb 19411283 215144 1822816304 41796740 32228990 292076313 9893231432 1438640048 144 12419544 1480379404
======================
   8      16 sdb 19411283 215144 1822816304 41796740 32230894 292076313 9894206280 1438780896 128 12420548 1480520180
======================
   8      16 sdb 19411284 215144 1822816312 41796828 32232770 292076313 9895166288 1438914088 130 12421552 1480654468
======================
   8      16 sdb 19411284 215144 1822816312 41796828 32234737 292076329 9896172008 1439057292 147 12422552 1480795888
======================
   8      16 sdb 19411284 215144 1822816312 41796828 32236654 292076329 9897153512 1439199572 150 12423556 1480938340
======================
   8      16 sdb 19411284 215144 1822816312 41796828 32238580 292076353 9898139824 1439337132 155 12424560 1481076048
======================
   8      16 sdb 19411285 215144 1822816320 41796916 32240502 292076353 9899122872 1439472416 151 12425564 1481211228
======================
   8      16 sdb 19411285 215144 1822816320 41796916 32242432 292076370 9900109656 1439613992 141 12426568 1481352944
======================
   8      16 sdb 19411285 215144 1822816320 41796916 32244327 292076370 9901079896 1439755728 134 12427572 1481494812
======================
   8      16 sdb 19411285 215144 1822816320 41796916 32246224 292076370 9902051672 1439897632 157 12428576 1481636616
======================
   8      16 sdb 19411286 215144 1822816328 41797000 32248149 292076393 9903035936 1440027540 128 12429580 1481766460
======================
   8      16 sdb 19411286 215144 1822816328 41797000 32250073 292076410 9904020152 1440169500 148 12430584 1481908492
======================
   8      16 sdb 19411286 215144 1822816328 41797000 32251993 292076410 9905003192 1440311812 156 12431588 1482050708
======================
   8      16 sdb 19411286 215144 1822816328 41797000 32253911 292076410 9905985208 1440454008 150 12432592 1482193064
======================
   8      16 sdb 19411287 215144 1822816336 41797088 32255835 292076410 9906970296 1440589348 154 12433596 1482328508
======================
   8      16 sdb 19411287 215144 1822816336 41797088 32257735 292076432 9907942768 1440725884 155 12434600 1482465116
======================
   8      16 sdb 19411287 215144 1822816336 41797088 32259624 292076432 9908909936 1440867488 154 12435600 1482606360
======================
   8      16 sdb 19411287 215144 1822816336 41797088 32261541 292076432 9909891440 1441009528 140 12436604 1482748220
======================
   8      16 sdb 19411288 215144 1822816344 41797168 32263458 292076432 9910872440 1441144724 142 12437604 1482883660
======================
   8      16 sdb 19411288 215144 1822816344 41797168 32265379 292076447 9911854600 1441286904 141 12438608 1483025780
======================
   8      16 sdb 19411288 215144 1822816344 41797168 32267300 292076471 9912837840 1441422992 132 12439612 1483161844
======================
   8      16 sdb 19411288 215144 1822816344 41797168 32269220 292076471 9913820880 1441564484 132 12440616 1483303640
======================
   8      16 sdb 19411289 215144 1822816352 41797252 32271117 292076471 9914791640 1441699824 137 12441620 1483438960
======================
   8      16 sdb 19411289 215144 1822816352 41797252 32273005 292076488 9915756920 1441842384 137 12442624 1483581420
======================
   8      16 sdb 19411289 215144 1822816352 41797252 32274934 292076488 9916745080 1441985300 136 12443624 1483724328
======================
   8      16 sdb 19411289 215144 1822816352 41797252 32276856 292076511 9917727808 1442122344 146 12444628 1483861336
======================
   8      16 sdb 19411290 215144 1822816360 41797336 32278779 292076511 9918712384 1442257564 142 12445632 1483996804
======================
   8      16 sdb 19411290 215144 1822816360 41797336 32280703 292076511 9919697472 1442399996 138 12446636 1484139096
======================
   8      16 sdb 19411290 215144 1822816360 41797336 32282619 292076511 9920678464 1442542344 142 12447640 1484281660
======================
   8      16 sdb 19411290 215144 1822816360 41797336 32284533 292076511 9921658432 1442685084 148 12448644 1484424184
======================
   8      16 sdb 19411291 215144 1822816368 41797420 32286451 292076533 9922639616 1442814536 148 12449648 1484553640
======================
   8      16 sdb 19411291 215144 1822816368 41797420 32288370 292076533 9923622144 1442957244 149 12450652 1484696420
======================
   8      16 sdb 19411291 215144 1822816368 41797420 32290284 292076533 9924602112 1443100052 155 12451656 1484839316
======================
   8      16 sdb 19411291 215144 1822816368 41797420 32292196 292076533 9925581056 1443242584 131 12452660 1484981796
======================
   8      16 sdb 19411292 215144 1822816376 41797500 32294113 292076567 9926562560 1443378120 101 12453664 1485116804
======================
   8      16 sdb 19411292 215144 1822816376 41797500 32294224 292076605 9926613400 1443385392 0 12453716 1485119376
======================
   8      16 sdb 19411292 215144 1822816376 41797500 32294224 292076605 9926613400 1443385392 0 12453716 1485119376
======================
   8      16 sdb 19411292 215144 1822816376 41797500 32294224 292076605 9926613400 1443385392 0 12453716 1485119376
======================
   8      16 sdb 19411292 215144 1822816376 41797500 32294224 292076605 9926613400 1443385392 0 12453716 1485119376
======================
   8      16 sdb 19411292 215144 1822816376 41797500 32294224 292076605 9926613400 1443385392 0 12453716 1485119376
started
======================
   8      16 sdb 19411414 215144 1822817346 41797948 32294239 292076605 9926613456 1443385396 0 12453724 1485119828
======================
   8      16 sdb 19411420 215144 1822817394 41797948 32294239 292076605 9926613456 1443385396 0 12453724 1485119828
======================
   8      16 sdb 19411420 215144 1822817394 41797948 32294239 292076605 9926613456 1443385396 0 12453724 1485119828
======================
   8      16 sdb 19411420 215144 1822817394 41797948 32294239 292076605 9926613456 1443385396 0 12453724 1485119828
======================
   8      16 sdb 19411420 215144 1822817394 41797948 32294239 292076605 9926613456 1443385396 0 12453724 1485119828
======================
   8      16 sdb 19411420 215144 1822817394 41797948 32298192 292076605 9926646616 1443391772 148 12453772 1485126196
======================
   8      16 sdb 19411420 215144 1822817394 41797948 32339955 292076607 9927000272 1443532932 150 12454776 1485267936
======================
   8      16 sdb 19411420 215144 1822817394 41797948 32377465 292076607 9927322040 1443674524 126 12455780 1485409336
======================
   8      16 sdb 19411420 215144 1822817394 41797948 32416057 292076607 9927658072 1443817224 144 12456784 1485551564
======================
   8      16 sdb 19411420 215144 1822817394 41797948 32456432 292076607 9928012872 1443959944 152 12457804 1485694544
======================
   8      16 sdb 19411420 215144 1822817394 41797948 32497056 292076607 9928374848 1444101376 156 12458812 1485835712
======================
   8      16 sdb 19411420 215144 1822817394 41797948 32537226 292076608 9928737632 1444242324 158 12459816 1485976476
======================
   8      16 sdb 19411420 215144 1822817394 41797948 32578161 292076608 9929109872 1444382344 143 12460816 1486116432
======================
   8      16 sdb 19411420 215144 1822817394 41797948 32620008 292076609 9929491112 1444521812 145 12461812 1486255884
======================
   8      16 sdb 19411420 215144 1822817394 41797948 32662098 292076609 9929875864 1444661996 128 12462812 1486396032
======================
   8      16 sdb 19411420 215144 1822817394 41797948 32704333 292076609 9930262400 1444800032 153 12463804 1486534160
======================
   8      16 sdb 19411420 215144 1822817394 41797948 32746374 292076610 9930648896 1444939876 145 12464804 1486673892
======================
   8      16 sdb 19411420 215144 1822817394 41797948 32789103 292076610 9931043320 1445080944 141 12465804 1486815128
======================
   8      16 sdb 19411420 215144 1822817394 41797948 32831534 292076610 9931435216 1445220156 115 12466800 1486954252
======================
   8      16 sdb 19411420 215144 1822817394 41797948 32873750 292076610 9931828200 1445359012 136 12467792 1487093056
======================
   8      16 sdb 19411420 215144 1822817394 41797948 32916274 292076610 9932223968 1445498248 127 12468796 1487232316
======================
   8      16 sdb 19411420 215144 1822817394 41797948 32959286 292076611 9932625856 1445638528 145 12469796 1487371976
======================
   8      16 sdb 19411420 215144 1822817394 41797948 33002487 292076611 9933030592 1445777928 145 12470796 1487511396
======================
   8      16 sdb 19411420 215144 1822817394 41797948 33045984 292076611 9933437336 1445918272 131 12471792 1487651996
======================
   8      16 sdb 19411420 215144 1822817394 41797948 33089960 292076612 9933851136 1446057716 139 12472796 1487791296
======================
   8      16 sdb 19411420 215144 1822817394 41797948 33134006 292076612 9934266992 1446197308 151 12473796 1487931028
======================
   8      16 sdb 19411420 215144 1822817394 41797948 33177342 292076614 9934678672 1446336772 127 12474800 1488070444
======================
   8      16 sdb 19411420 215144 1822817394 41797948 33220711 292076614 9935090960 1446476892 115 12475800 1488210000
======================
   8      16 sdb 19411420 215144 1822817394 41797948 33264903 292076614 9935513704 1446616072 145 12476808 1488349728
======================
   8      16 sdb 19411420 215144 1822817394 41797948 33309346 292076614 9935937120 1446755392 153 12477804 1488489288
======================
   8      16 sdb 19411420 215144 1822817394 41797948 33354088 292076615 9936364264 1446892600 143 12478800 1488626432
======================
   8      16 sdb 19411420 215144 1822817394 41797948 33398697 292076616 9936792896 1447033112 132 12479800 1488767000
======================
   8      16 sdb 19411420 215144 1822817394 41797948 33443182 292076616 9937221320 1447172336 127 12480796 1488906168
======================
   8      16 sdb 19411420 215144 1822817394 41797948 33487612 292076616 9937650656 1447311676 143 12481792 1489045960
======================
   8      16 sdb 19411420 215144 1822817394 41797948 33532081 292076616 9938081920 1447449720 153 12482784 1489183928
======================
   8      16 sdb 19411420 215144 1822817394 41797948 33577517 292076616 9938523800 1447587380 141 12483784 1489321580
======================
   8      16 sdb 19411420 215144 1822817394 41797948 33623065 292076617 9938968552 1447726372 128 12484792 1489461136
======================
   8      16 sdb 19411420 215144 1822817394 41797948 33668703 292076618 9939418240 1447865788 136 12485796 1489600656
======================
   8      16 sdb 19411420 215144 1822817394 41797948 33713949 292076619 9939865432 1448003904 130 12486792 1489738372
======================
   8      16 sdb 19411420 215144 1822817394 41797948 33759738 292076620 9940316112 1448142888 153 12487796 1489877508
======================
   8      16 sdb 19411420 215144 1822817394 41797948 33804590 292076620 9940760288 1448282040 128 12488800 1490016608
======================
   8      16 sdb 19411420 215144 1822817394 41797948 33849824 292076621 9941209608 1448419732 156 12489804 1490154596
======================
   8      16 sdb 19411420 215144 1822817394 41797948 33895741 292076621 9941666736 1448556196 151 12490788 1490290872
======================
   8      16 sdb 19411420 215144 1822817394 41797948 33941496 292076621 9942124560 1448694228 132 12491784 1490429036
======================
   8      16 sdb 19411420 215144 1822817394 41797948 33987899 292076621 9942591552 1448835456 147 12492792 1490570636
======================
   8      16 sdb 19411420 215144 1822817394 41797948 34034236 292076622 9943061296 1448975344 134 12493796 1490710460
======================
   8      16 sdb 19411420 215144 1822817394 41797948 34080845 292076623 9943535400 1449113376 159 12494796 1490848384
======================
   8      16 sdb 19411420 215144 1822817394 41797948 34126307 292076624 9944000336 1449252500 150 12495800 1490987552
======================
   8      16 sdb 19411420 215144 1822817394 41797948 34171625 292076624 9944464104 1449392520 122 12496804 1491127392
======================
   8      16 sdb 19411420 215144 1822817394 41797948 34218078 292076624 9944943272 1449532160 104 12497804 1491267280
======================
   8      16 sdb 19411420 215144 1822817394 41797948 34263360 292076624 9945402448 1449670464 126 12498804 1491405456
======================
   8      16 sdb 19411420 215144 1822817394 41797948 34308518 292076625 9945847720 1449809704 127 12499808 1491544424
======================
   8      16 sdb 19411420 215144 1822817394 41797948 34353957 292076626 9946294272 1449950172 152 12500808 1491685368
======================
   8      16 sdb 19411420 215144 1822817394 41797948 34399580 292076626 9946742640 1450089640 150 12501812 1491825388
======================
   8      16 sdb 19411420 215144 1822817394 41797948 34444287 292076626 9947180528 1450229212 123 12502816 1491965012
======================
   8      16 sdb 19411420 215144 1822817394 41797948 34488956 292076627 9947615040 1450368656 150 12503816 1492104472
======================
   8      16 sdb 19411420 215144 1822817394 41797948 34534116 292076628 9948053816 1450508532 147 12504820 1492244284
======================
   8      16 sdb 19411420 215144 1822817394 41797948 34578994 292076628 9948487952 1450646540 130 12505816 1492382220
======================
   8      16 sdb 19411420 215144 1822817394 41797948 34623947 292076629 9948920808 1450787028 130 12506824 1492522884
======================
   8      16 sdb 19411420 215144 1822817394 41797948 34668965 292076629 9949353512 1450928032 154 12507832 1492663784
======================
   8      16 sdb 19411420 215144 1822817394 41797948 34713374 292076629 9949777880 1451068328 127 12508836 1492804060
======================
   8      16 sdb 19411420 215144 1822817394 41797948 34756916 292076630 9950192480 1451207256 130 12509840 1492943132
======================
   8      16 sdb 19411420 215144 1822817394 41797948 34800777 292076631 9950609752 1451348768 130 12510848 1493085096
