======================
   8      32 sdc 316497 4 80248186 688704 1113531 7773154 566545224 259782568 0 2076068 260610260
======================
   8      32 sdc 316497 4 80248186 688704 1113531 7773154 566545224 259782568 0 2076068 260610260
======================
   8      32 sdc 316986 4 80252098 688724 1113531 7773154 566545224 259782568 0 2076088 260610280
======================
   8      32 sdc 316986 4 80252098 688724 1113531 7773154 566545224 259782568 0 2076088 260610280
======================
   8      32 sdc 317055 4 80252650 689112 1115355 7773154 567479112 259792252 0 2076656 260620348
======================
   8      32 sdc 317058 4 80252674 689340 1116653 7773154 568143688 259880928 141 2077524 260717668
======================
   8      32 sdc 317059 4 80252682 689348 1117240 7773154 568444232 260021760 129 2078528 260858108
======================
   8      32 sdc 317060 4 80252690 689360 1117906 7773658 568784720 260151552 143 2079532 261003792
======================
   8      32 sdc 317061 4 80252698 689368 1118257 7773658 568964432 260267728 143 2080536 261150436
======================
   8      32 sdc 317062 4 80252706 689372 1118930 7773658 569309008 260397208 141 2081624 261302640
======================
   8      32 sdc 317062 4 80252706 689372 1119051 7773658 569370960 260570600 122 2082628 261442624
======================
   8      32 sdc 317064 4 80252722 690212 1119939 7773658 569826128 260690680 129 2083632 261537492
======================
   8      32 sdc 317065 4 80252730 690240 1120468 7773658 570096464 260761756 144 2084640 261684216
======================
   8      32 sdc 317065 4 80252730 690240 1120562 7773658 570144592 260827880 147 2085640 261830792
======================
   8      32 sdc 317069 4 80252762 691924 1121771 7773658 570763600 261125656 153 2086644 261976432
======================
   8      32 sdc 317071 4 80252778 691968 1123019 7773658 571403088 261262536 155 2087648 262119788
======================
   8      32 sdc 317072 4 80252786 692196 1123531 7773658 571664720 261399988 153 2088652 262263792
======================
   8      32 sdc 317073 4 80252794 692232 1124149 7773658 571981136 261543600 144 2089656 262407892
======================
   8      32 sdc 317073 4 80252794 692232 1124149 7773658 571981136 261543600 144 2090660 262552468
======================
   8      32 sdc 317076 4 80252818 693712 1125435 7773658 572639568 261831628 137 2091660 262695904
======================
   8      32 sdc 317077 4 80252826 693736 1126075 7773658 572967248 261975148 137 2092664 262839832
======================
   8      32 sdc 317078 4 80252834 693776 1126718 7773658 573296464 262117696 135 2093668 262983444
======================
   8      32 sdc 317080 4 80252850 693880 1127370 7773658 573630288 262260364 158 2094668 263124320
======================
   8      32 sdc 317081 4 80252858 693932 1127999 7773658 573952336 262402572 135 2095672 263267700
======================
   8      32 sdc 317081 4 80252858 693932 1128280 7773658 574096208 262466088 109 2096676 263391400
======================
   8      32 sdc 317083 4 80252874 695476 1128759 7773658 574341456 262649832 142 2097676 263503220
======================
   8      32 sdc 317084 4 80252882 695500 1129264 7773658 574600016 262666356 149 2098684 263652500
======================
   8      32 sdc 317085 4 80252890 696856 1129778 7773658 574863184 262878728 147 2099688 263800380
======================
   8      32 sdc 317088 4 80252914 697820 1131019 7773658 575499088 263075840 153 2100692 263945328
======================
   8      32 sdc 317089 4 80252922 697848 1131668 7773658 575830864 263220884 144 2101700 264089704
======================
   8      32 sdc 317090 4 80252930 697872 1132317 7773658 576163152 263362984 134 2102704 264231084
======================
   8      32 sdc 317092 4 80252946 697972 1132942 7773658 576483152 263504444 142 2103712 264373300
======================
   8      32 sdc 317093 4 80252954 698040 1133553 7773658 576795984 263645348 146 2104716 264514848
======================
   8      32 sdc 317094 4 80252962 698084 1134196 7773658 577125200 263788984 135 2105724 264657908
======================
   8      32 sdc 317095 4 80252970 698136 1134854 7773658 577462096 263930764 148 2106728 264799904
======================
   8      32 sdc 317096 4 80252978 698208 1135496 7773658 577790800 264069356 61 2107732 264935320
======================
   8      32 sdc 317096 4 80252978 698208 1135496 7773658 577790800 264069356 61 2108736 264996564
======================
   8      32 sdc 317097 4 80252986 699772 1135941 7773658 578018640 264175428 128 2109740 265097180
======================
   8      32 sdc 317101 4 80253018 700888 1137365 7773658 578747728 264367904 143 2110744 265238292
======================
   8      32 sdc 317103 4 80253034 700948 1138006 7773658 579075920 264508504 142 2111744 265381340
======================
   8      32 sdc 317104 4 80253042 701180 1138516 7773658 579337040 264627660 144 2112748 265524364
======================
   8      32 sdc 317105 4 80253050 701212 1139159 7773658 579666256 264795828 141 2113752 265668168
======================
   8      32 sdc 317106 4 80253058 701252 1139811 7773658 580000080 264939616 129 2114756 265811848
======================
   8      32 sdc 317106 4 80253058 701252 1140028 7773658 580111184 264988128 137 2115760 265951388
======================
   8      32 sdc 317109 4 80253082 702796 1141064 7773658 580641616 265227404 156 2116764 266090140
======================
   8      32 sdc 317110 4 80253090 702824 1141677 7773658 580955472 265359492 151 2117768 266234480
======================
   8      32 sdc 317111 4 80253098 702876 1142300 7773658 581274448 265503060 136 2118772 266377932
======================
   8      32 sdc 317112 4 80253106 702932 1142946 7773658 581605200 265647040 130 2119776 266521644
======================
   8      32 sdc 317113 4 80253114 702996 1143591 7773658 581935440 265790380 131 2120780 266665304
======================
   8      32 sdc 317115 4 80253130 703168 1144178 7773658 582235984 265918960 83 2121784 266796212
======================
   8      32 sdc 317115 4 80253130 703168 1144178 7773658 582235984 265918960 83 2122788 266879544
======================
   8      32 sdc 317118 4 80253154 704720 1145480 7773658 582902608 266123080 156 2123792 266999564
======================
   8      32 sdc 317119 4 80253162 704744 1146107 7773658 583223632 266265328 137 2124792 267142428
======================
   8      32 sdc 317120 4 80253170 704972 1146605 7773658 583478608 266409476 151 2125796 267285844
======================
   8      32 sdc 317120 4 80253170 704972 1146669 7773658 583511376 266423200 152 2126800 267437596
======================
   8      32 sdc 317123 4 80253194 706408 1147914 7773658 584148816 266707328 154 2127800 267584872
======================
   8      32 sdc 317124 4 80253202 706436 1148571 7773658 584485200 266850672 137 2128804 267728388
======================
   8      32 sdc 317125 4 80253210 706468 1149185 7773658 584799568 266992620 131 2129808 267871904
======================
   8      32 sdc 317125 4 80253210 706468 1149246 7773658 584830800 267006896 135 2130808 268007964
======================
   8      32 sdc 317127 4 80253226 708004 1150260 7773658 585349968 267247468 145 2131812 268146760
======================
   8      32 sdc 317129 4 80253242 708308 1151068 7773658 585763664 267409972 136 2132816 268290456
======================
   8      32 sdc 317131 4 80253258 708388 1151692 7773658 586083152 267553620 152 2133816 268433892
======================
   8      32 sdc 317133 4 80253274 708468 1152326 7773658 586407760 267695320 158 2134820 268577428
======================
   8      32 sdc 317134 4 80253282 708492 1152977 7773658 586741072 267840720 147 2135820 268720736
======================
   8      32 sdc 317134 4 80253282 708492 1153362 7773658 586938192 267926504 115 2136824 268852768
======================
   8      32 sdc 317136 4 80253298 709632 1154075 7773658 587303248 268095192 137 2137828 268977256
======================
   8      32 sdc 317137 4 80253306 709664 1154699 7773658 587622736 268238800 153 2138828 269120520
======================
   8      32 sdc 317138 4 80253314 709708 1155336 7773658 587948880 268383160 156 2139832 269264232
======================
   8      32 sdc 317140 4 80253330 709828 1155969 7773658 588272976 268525052 136 2140836 269408056
======================
   8      32 sdc 317141 4 80253338 709900 1156612 7773658 588602192 268669400 145 2141844 269551488
======================
   8      32 sdc 317142 4 80253346 709960 1157256 7773658 588931920 268811888 150 2142844 269693396
======================
   8      32 sdc 317143 4 80253354 710028 1157908 7773658 589265744 268953220 146 2143848 269834924
======================
   8      32 sdc 317145 4 80253370 710128 1158522 7773658 589580112 269093880 138 2144852 269977704
======================
   8      32 sdc 317146 4 80253378 710296 1159032 7773658 589841232 269213788 77 2145856 270106448
======================
   8      32 sdc 317148 4 80253394 710792 1159756 7773658 590211920 269344488 157 2146860 270226568
======================
   8      32 sdc 317149 4 80253402 710868 1160415 7773658 590549328 269488504 148 2147864 270370580
======================
   8      32 sdc 317150 4 80253410 710892 1161022 7773658 590860112 269620120 135 2148872 270514052
======================
   8      32 sdc 317150 4 80253410 710892 1161022 7773658 590860112 269620120 135 2149876 270649592
======================
   8      32 sdc 317151 4 80253418 712384 1161521 7773658 591115600 269840788 148 2150880 270792760
======================
   8      32 sdc 317154 4 80253442 713172 1162944 7773658 591844176 270051704 132 2151880 270936084
======================
   8      32 sdc 317154 4 80253442 713172 1163055 7773658 591901008 270075816 150 2152884 271085608
======================
   8      32 sdc 317155 4 80253450 714672 1163564 7773658 592161616 270323036 153 2153888 271236272
======================
   8      32 sdc 317156 4 80253458 715472 1164076 7773658 592423760 270456312 153 2154892 271388836
======================
   8      32 sdc 317159 4 80253482 716260 1165369 7773658 593085776 270646504 139 2155896 271535688
======================
   8      32 sdc 317159 4 80253482 716260 1165616 7773658 593212240 270700684 149 2156900 271683116
======================
   8      32 sdc 317161 4 80253498 717752 1166518 7773658 593674064 270955892 142 2157904 271831444
======================
   8      32 sdc 317162 4 80253506 717780 1166638 7773658 593735504 270958700 151 2158904 271982328
======================
   8      32 sdc 317165 4 80253530 719272 1167864 7773658 594363216 271238868 140 2159908 272129856
======================
   8      32 sdc 317166 4 80253538 719296 1168506 7773658 594691920 271381612 138 2160912 272273396
======================
   8      32 sdc 317167 4 80253546 719324 1169159 7773658 595026256 271525820 157 2161916 272416836
======================
   8      32 sdc 317167 4 80253546 719324 1169214 7773658 595054416 271537976 135 2162920 272553184
======================
   8      32 sdc 317170 4 80253570 721032 1170298 7773658 595609424 271802980 138 2163924 272691036
======================
   8      32 sdc 317171 4 80253578 721064 1170921 7773658 595928400 271941108 155 2164928 272834804
======================
   8      32 sdc 317172 4 80253586 721092 1171527 7773658 596238672 272082888 157 2165932 272977704
======================
   8      32 sdc 317173 4 80253594 721144 1172186 7773658 596576080 272228436 138 2166936 273121052
======================
   8      32 sdc 317175 4 80253610 721240 1172839 7773658 596910416 272370580 157 2167940 273264528
======================
   8      32 sdc 317176 4 80253618 721288 1173496 7773658 597246800 272515784 140 2168944 273408768
======================
   8      32 sdc 317177 4 80253626 721388 1174126 7773658 597569360 272656920 150 2169948 273551124
======================
   8      32 sdc 317178 4 80253634 721520 1174376 7773658 597697360 272715652 93 2170952 273663020
======================
   8      32 sdc 317179 4 80253642 723012 1174843 7773658 597936464 272879156 134 2171956 273759924
======================
   8      32 sdc 317182 4 80253666 723080 1175983 7773658 598520144 273008032 149 2172956 273902696
======================
   8      32 sdc 317183 4 80253674 723124 1176625 7773658 598848848 273151488 147 2173960 274046564
======================
   8      32 sdc 317184 4 80253682 723160 1177266 7773658 599177040 273295208 146 2174964 274190168
======================
   8      32 sdc 317185 4 80253690 723192 1177909 7773658 599506256 273437712 144 2175968 274334052
======================
   8      32 sdc 317185 4 80253690 723192 1177934 7773658 599519056 273443448 119 2176972 274453844
======================
   8      32 sdc 317188 4 80253714 724764 1179162 7773658 600147792 273688784 138 2177980 274585672
======================
   8      32 sdc 317189 4 80253722 724792 1179807 7773658 600478032 273837220 133 2179016 274734116
======================
   8      32 sdc 317190 4 80253730 724836 1180441 7773658 600802640 273981688 139 2180024 274878540
======================
   8      32 sdc 317192 4 80253746 724924 1181086 7773658 601132880 274124632 134 2181028 275022120
======================
   8      32 sdc 317193 4 80253754 725172 1181579 7773658 601385296 274252272 153 2182032 275164180
======================
   8      32 sdc 317194 4 80253762 725492 1181998 7773658 601599824 274363780 151 2183032 275313760
======================
   8      32 sdc 317194 4 80253762 725492 1181998 7773658 601599824 274363780 151 2184036 275465364
======================
   8      32 sdc 317197 4 80253786 726684 1183490 7773658 602363728 274711664 130 2185040 275609604
======================
   8      32 sdc 317197 4 80253786 726684 1183534 7773658 602386256 274721092 151 2186044 275760804
======================
   8      32 sdc 317198 4 80253794 728188 1184045 7773658 602647888 274971108 152 2187048 275911912
======================
   8      32 sdc 317201 4 80253818 728960 1185360 7773658 603321168 275158004 148 2188052 276058292
======================
   8      32 sdc 317202 4 80253826 728988 1186024 7773658 603661136 275301852 156 2189056 276201960
======================
   8      32 sdc 317203 4 80253834 729016 1186623 7773658 603967824 275432648 134 2190060 276345156
======================
   8      32 sdc 317203 4 80253834 729016 1186623 7773658 603967824 275432648 134 2191064 276479692
======================
   8      32 sdc 317206 4 80253858 730616 1187865 7773658 604603728 275716340 139 2192068 276618932
======================
   8      32 sdc 317207 4 80253866 730648 1188517 7773658 604937552 275859908 129 2193068 276761684
======================
   8      32 sdc 317208 4 80253874 730688 1189162 7773658 605267792 276003076 155 2194072 276905468
======================
   8      32 sdc 317210 4 80253890 730808 1189738 7773658 605562704 276132944 91 2195076 277042596
======================
   8      32 sdc 317210 4 80253890 730808 1189738 7773658 605562704 276132944 91 2196080 277133960
======================
   8      32 sdc 317213 4 80253914 732312 1191053 7773658 606235984 276350456 151 2197084 277259992
======================
   8      32 sdc 317214 4 80253922 732344 1191708 7773658 606571344 276499884 136 2198088 277404480
======================
   8      32 sdc 317215 4 80253930 732380 1192255 7773658 606851408 276625560 134 2199092 277546660
======================
   8      32 sdc 317217 4 80253946 732660 1192820 7773658 607140688 276784052 144 2200096 277689932
======================
   8      32 sdc 317218 4 80253954 732704 1193463 7773658 607469904 276928552 141 2201096 277833088
======================
   8      32 sdc 317219 4 80253962 732760 1194103 7773658 607797584 277070932 141 2202100 277976844
======================
   8      32 sdc 317220 4 80253970 732812 1194751 7773658 608129360 277215988 133 2203104 278120460
======================
   8      32 sdc 317222 4 80253986 732928 1195384 7773658 608453456 277357712 145 2204108 278263616
======================
   8      32 sdc 317223 4 80253994 732988 1196036 7773658 608787280 277502316 138 2205112 278406852
======================
   8      32 sdc 317224 4 80254002 733104 1196662 7773658 609107792 277640276 157 2206116 278546452
======================
   8      32 sdc 317225 4 80254010 733152 1197274 7773658 609421136 277783596 149 2207120 278689592
======================
   8      32 sdc 317226 4 80254018 733316 1197443 7773658 609507664 277822996 66 2208124 278771996
======================
   8      32 sdc 317227 4 80254026 734708 1197894 7773658 609738576 277935692 127 2209128 278857524
======================
   8      32 sdc 317228 4 80254034 735328 1198388 7773658 609991504 278026928 145 2210132 278995500
======================
   8      32 sdc 317231 4 80254058 736028 1199847 7773658 610738512 278230132 157 2211136 279139288
======================
   8      32 sdc 317232 4 80254066 736056 1200324 7773658 610982736 278371848 128 2212140 279280460
======================
   8      32 sdc 317234 4 80254082 736132 1200970 7773658 611313488 278514996 154 2213140 279423628
======================
   8      32 sdc 317235 4 80254090 736196 1201619 7773658 611645776 278659024 152 2214144 279566700
======================
   8      32 sdc 317235 4 80254090 736196 1202009 7773658 611845456 278745456 108 2215148 279695448
======================
   8      32 sdc 317235 4 80254090 736196 1202009 7773658 611845456 278745456 108 2216152 279803880
======================
   8      32 sdc 317239 4 80254122 737784 1203542 7773658 612630352 279034664 142 2217156 279944988
======================
   8      32 sdc 317240 4 80254130 737820 1204179 7773658 612956496 279178548 145 2218160 280088788
======================
   8      32 sdc 317241 4 80254138 737848 1204809 7773658 613279056 279322220 155 2219160 280231672
======================
   8      32 sdc 317242 4 80254146 737928 1205095 7773658 613425488 279387464 94 2220164 280347284
======================
   8      32 sdc 317243 4 80254154 739428 1205547 7773658 613657424 279548152 137 2221168 280445040
======================
   8      32 sdc 317245 4 80254170 739476 1206574 7773658 614182736 279650196 151 2222364 280619188
======================
   8      32 sdc 317245 4 80254170 739476 1206574 7773658 614182736 279650196 151 2223368 280770792
======================
   8      32 sdc 317248 4 80254194 740960 1207973 7773658 614899024 279974288 143 2224372 280915660
======================
   8      32 sdc 317249 4 80254202 740992 1208625 7773658 615232848 280119000 148 2225376 281060820
======================
   8      32 sdc 317251 4 80254218 741064 1209252 7773658 615553872 280261448 128 2226384 281205152
======================
   8      32 sdc 317252 4 80254226 741088 1209862 7773658 615866192 280404848 158 2227384 281347892
======================
   8      32 sdc 317252 4 80254226 741088 1210191 7773658 616034640 280481128 118 2228388 281479316
======================
   8      32 sdc 317253 4 80254234 742540 1210678 7773658 616283984 280668692 143 2229392 281599800
======================
   8      32 sdc 317256 4 80254258 742612 1211792 7773658 616854352 280799864 148 2230396 281743768
======================
   8      32 sdc 317257 4 80254266 742656 1212441 7773658 617186640 280943012 139 2231400 281887688
======================
   8      32 sdc 317259 4 80254282 742792 1213032 7773658 617489232 281084548 155 2232404 282029016
======================
   8      32 sdc 317260 4 80254290 742832 1213652 7773658 617806672 281227896 132 2233408 282171616
======================
   8      32 sdc 317261 4 80254298 742916 1214293 7773658 618134864 281368848 112 2234412 282312204
======================
   8      32 sdc 317263 4 80254314 743088 1214932 7773658 618462032 281509076 128 2235416 282452068
======================
   8      32 sdc 317264 4 80254322 743188 1215570 7773658 618788688 281648216 155 2236420 282592968
======================
   8      32 sdc 317265 4 80254330 743264 1216225 7773658 619124048 281791104 157 2237424 282735224
======================
   8      32 sdc 317267 4 80254346 743436 1216856 7773658 619447120 281924300 147 2238428 282870160
======================
   8      32 sdc 317268 4 80254354 743480 1217487 7773658 619770192 282068200 149 2239432 283013364
======================
   8      32 sdc 317269 4 80254362 743532 1218114 7773658 620091216 282211324 132 2240436 283156620
======================
   8      32 sdc 317270 4 80254370 743576 1218738 7773658 620410704 282352880 146 2241440 283299180
======================
   8      32 sdc 317271 4 80254378 743640 1219395 7773658 620747088 282497604 130 2242444 283442352
======================
   8      32 sdc 317273 4 80254394 743940 1219917 7773658 621014352 282612536 135 2243448 283580996
======================
   8      32 sdc 317274 4 80254402 743984 1220413 7773658 621268304 282748996 136 2244456 283724096
======================
   8      32 sdc 317274 4 80254402 743984 1220413 7773658 621268304 282748996 136 2245460 283860640
======================
   8      32 sdc 317275 4 80254410 745416 1220915 7773658 621525328 282971144 146 2246460 284003768
======================
   8      32 sdc 317278 4 80254434 746856 1222221 7773658 622194000 283217352 151 2247464 284151312
======================
   8      32 sdc 317280 4 80254450 746920 1223040 7773658 622613328 283345400 132 2248468 284295248
======================
   8      32 sdc 317280 4 80254450 746920 1223480 7773658 622838608 283441556 141 2249472 284438004
======================
   8      32 sdc 317280 4 80254450 746920 1223480 7773658 622838608 283441556 141 2250476 284579568
======================
   8      32 sdc 317283 4 80254474 749048 1224891 7773658 623561552 283792700 137 2251480 284729376
======================
   8      32 sdc 317285 4 80254490 749096 1225594 7773658 623920976 283920680 138 2252480 284872272
======================
   8      32 sdc 317285 4 80254490 749096 1226039 7773658 624148816 284025224 142 2253484 285015628
======================
   8      32 sdc 317285 4 80254490 749096 1226039 7773658 624148816 284025224 142 2254492 285158764
======================
   8      32 sdc 317288 4 80254514 750516 1227494 7773658 624893776 284350480 158 2255500 285302424
======================
   8      32 sdc 317288 4 80254514 750516 1227578 7773658 624936784 284369128 139 2256512 285443332
======================
   8      32 sdc 317290 4 80254530 751992 1228079 7773658 625193296 284593200 150 2257516 285586864
======================
   8      32 sdc 317293 4 80254554 752756 1229387 7773658 625862992 284778640 153 2258524 285732832
======================
   8      32 sdc 317294 4 80254562 752784 1230029 7773658 626191696 284922308 151 2259532 285876724
======================
   8      32 sdc 317295 4 80254570 752820 1230655 7773658 626512208 285066204 134 2260540 286020956
======================
   8      32 sdc 317296 4 80254578 752872 1231143 7773658 626762064 285207232 158 2261544 286161820
======================
   8      32 sdc 317298 4 80254594 753000 1231775 7773658 627085648 285349636 145 2262544 286304160
======================
   8      32 sdc 317299 4 80254602 753080 1232428 7773658 627419984 285492028 153 2263548 286445976
======================
   8      32 sdc 317300 4 80254610 753176 1233072 7773658 627749712 285633544 146 2264556 286588196
======================
   8      32 sdc 317301 4 80254618 753232 1233713 7773658 628077904 285775216 148 2265560 286730112
======================
   8      32 sdc 317303 4 80254634 753372 1234324 7773658 628390736 285913008 130 2266564 286872400
======================
   8      32 sdc 317304 4 80254642 753508 1234990 7773658 628731728 286053240 158 2267568 287009792
======================
   8      32 sdc 317305 4 80254650 753540 1235604 7773658 629046096 286197236 144 2268572 287153524
======================
   8      32 sdc 317306 4 80254658 753608 1235781 7773658 629136720 286240888 128 2269572 287286512
======================
   8      32 sdc 317307 4 80254666 754624 1236269 7773658 629386576 286404256 152 2270576 287429372
======================
   8      32 sdc 317308 4 80254674 755636 1236780 7773658 629648208 286569496 153 2271580 287581420
======================
   8      32 sdc 317309 4 80254682 756348 1237300 7773658 629914448 286690440 145 2272584 287728520
======================
   8      32 sdc 317310 4 80254690 757104 1237805 7773658 630173008 286812460 152 2273588 287879260
======================
   8      32 sdc 317313 4 80254714 758084 1239267 7773658 630922064 287064172 129 2274588 288023068
======================
   8      32 sdc 317314 4 80254722 758116 1239826 7773658 631207760 287189152 146 2275592 288167288
======================
   8      32 sdc 317316 4 80254738 758188 1240516 7773658 631561040 287349120 149 2276596 288310144
======================
   8      32 sdc 317317 4 80254746 758248 1241172 7773658 631896912 287494196 135 2277604 288453524
======================
   8      32 sdc 317318 4 80254754 758316 1241825 7773658 632231248 287636184 131 2278608 288595456
======================
   8      32 sdc 317318 4 80254754 758316 1241942 7773658 632291152 287662808 111 2279612 288713136
======================
   8      32 sdc 317321 4 80254778 759892 1243038 7773658 632852304 287873032 134 2280616 288836268
======================
   8      32 sdc 317322 4 80254786 759936 1243453 7773658 633064784 287995524 136 2281784 288994112
======================
   8      32 sdc 317323 4 80254794 761196 1243830 7773658 633257808 288184132 142 2282800 289132596
======================
   8      32 sdc 317326 4 80254818 761280 1245048 7773658 633881424 288314092 140 2283808 289277252
======================
   8      32 sdc 317327 4 80254826 761312 1245707 7773658 634218832 288460656 153 2284828 289423024
======================
   8      32 sdc 317327 4 80254826 761312 1246015 7773658 634376528 288529060 134 2285836 289562444
======================
   8      32 sdc 317329 4 80254842 762788 1246571 7773658 634661200 288745796 145 2286836 289697380
======================
   8      32 sdc 317331 4 80254858 762836 1247574 7773658 635174736 288867480 142 2287848 289842564
======================
   8      32 sdc 317332 4 80254866 762864 1248210 7773658 635500368 289021428 146 2288852 289986320
======================
   8      32 sdc 317333 4 80254874 762924 1248856 7773658 635831120 289165928 140 2289856 290129624
======================
   8      32 sdc 317334 4 80254882 762980 1249518 7773658 636170064 289309248 153 2290856 290272704
======================
   8      32 sdc 317336 4 80254898 763144 1250165 7773658 636501328 289451720 150 2291864 290414576
======================
   8      32 sdc 317337 4 80254906 763368 1250680 7773658 636765008 289573872 140 2292868 290555780
======================
   8      32 sdc 317339 4 80254922 763420 1251275 7773658 637069648 289733740 153 2293868 290699044
======================
   8      32 sdc 317340 4 80254930 763452 1251895 7773658 637387088 289877972 141 2294872 290842832
======================
   8      32 sdc 317341 4 80254938 763508 1252542 7773658 637718352 290021688 137 2295876 290986392
======================
   8      32 sdc 317342 4 80254946 763544 1253186 7773658 638048080 290164604 131 2296876 291129352
======================
   8      32 sdc 317343 4 80254954 763632 1253738 7773658 638330704 290288408 91 2297880 291262964
======================
   8      32 sdc 317345 4 80254970 764580 1254459 7773658 638700368 290404372 137 2298884 291367712
======================
   8      32 sdc 317346 4 80254978 764608 1255097 7773658 639026512 290545372 139 2299888 291511668
======================
   8      32 sdc 317347 4 80254986 764640 1255727 7773658 639349072 290688864 150 2300892 291655380
======================
   8      32 sdc 317349 4 80255002 764752 1256324 7773658 639654736 290826252 135 2301892 291798132
======================
   8      32 sdc 317350 4 80255010 764828 1256971 7773658 639986000 290974076 139 2302896 291940480
======================
   8      32 sdc 317351 4 80255018 764880 1257617 7773658 640316752 291116880 129 2303896 292082332
======================
   8      32 sdc 317351 4 80255018 764880 1257834 7773658 640427856 291164172 91 2304900 292188972
======================
   8      32 sdc 317352 4 80255026 766584 1258179 7773658 640604496 291329640 149 2305904 292282952
======================
   8      32 sdc 317355 4 80255050 767444 1259027 7773658 641039184 291480080 145 2306920 292435092
======================
   8      32 sdc 317355 4 80255050 767444 1259313 7773658 641185104 291488572 148 2307924 292583160
======================
   8      32 sdc 317356 4 80255058 768676 1259827 7773658 641448272 291683020 146 2308928 292729724
======================
   8      32 sdc 317359 4 80255082 769500 1261258 7773658 642180944 291900828 154 2309928 292872156
======================
   8      32 sdc 317361 4 80255098 769564 1261897 7773658 642508112 292044776 155 2310932 293015944
======================
   8      32 sdc 317362 4 80255106 769592 1262560 7773658 642847568 292188864 132 2311936 293159084
======================
   8      32 sdc 317363 4 80255114 769660 1263182 7773658 643166032 292323836 128 2312936 293300408
======================
   8      32 sdc 317363 4 80255114 769660 1263469 7773658 643312976 292387908 88 2313940 293408588
======================
   8      32 sdc 317364 4 80255122 771236 1263881 7773658 643523920 292542164 131 2314944 293500896
======================
   8      32 sdc 317365 4 80255130 771884 1264429 7773658 643804496 292638548 152 2315956 293637932
======================
   8      32 sdc 317368 4 80255154 772616 1265704 7773658 644457296 292811300 156 2316960 293785196
======================
   8      32 sdc 317369 4 80255162 772640 1266347 7773658 644786512 292955464 153 2317964 293929060
======================
   8      32 sdc 317371 4 80255178 772736 1266973 7773658 645107024 293098736 149 2318972 294072356
======================
   8      32 sdc 317371 4 80255178 772736 1267021 7773658 645131600 293109416 120 2319976 294194212
======================
   8      32 sdc 317374 4 80255202 774252 1268208 7773658 645739344 293349848 148 2320976 294325532
======================
   8      32 sdc 317375 4 80255210 774276 1268805 7773658 646045008 293486280 159 2321988 294471212
======================
   8      32 sdc 317376 4 80255218 774312 1269329 7773658 646313296 293638412 147 2322992 294614584
======================
   8      32 sdc 317377 4 80255226 774348 1269967 7773658 646639952 293782640 149 2323996 294758276
======================
   8      32 sdc 317379 4 80255242 774464 1270608 7773658 646968144 293924956 155 2325000 294901344
======================
   8      32 sdc 317380 4 80255250 774552 1271251 7773658 647297360 294067380 143 2326000 295042556
======================
   8      32 sdc 317381 4 80255258 774600 1271862 7773658 647610192 294202236 137 2327004 295184412
======================
   8      32 sdc 317382 4 80255266 774648 1272538 7773658 647956304 294350240 130 2328008 295325576
======================
   8      32 sdc 317383 4 80255274 774756 1273174 7773658 648281936 294487208 111 2329012 295463164
======================
   8      32 sdc 317385 4 80255290 774900 1273774 7773658 648589136 294627280 134 2330016 295604124
======================
   8      32 sdc 317387 4 80255306 775092 1274384 7773658 648901456 294760136 153 2331016 295735056
======================
   8      32 sdc 317387 4 80255306 775092 1274672 7773658 649048912 294821132 149 2332020 295881996
======================
   8      32 sdc 317389 4 80255322 776520 1275521 7773658 649483600 295066436 131 2333024 296029964
======================
   8      32 sdc 317391 4 80255338 776568 1276351 7773658 649908560 295195524 133 2334028 296172932
======================
   8      32 sdc 317391 4 80255338 776568 1276727 7773658 650101072 295281040 142 2335028 296315872
======================
   8      32 sdc 317391 4 80255338 776568 1276727 7773658 650101072 295281040 142 2336032 296458440
======================
   8      32 sdc 317394 4 80255362 778296 1278115 7773658 650811728 295621680 129 2337036 296600848
======================
   8      32 sdc 317395 4 80255370 778328 1278704 7773658 651113296 295754364 148 2338036 296744284
======================
   8      32 sdc 317397 4 80255386 778416 1279386 7773658 651462480 295908004 146 2339040 296887660
======================
   8      32 sdc 317398 4 80255394 778488 1280019 7773658 651786576 296047964 130 2340044 297030024
======================
   8      32 sdc 317399 4 80255402 778556 1280676 7773658 652122960 296191444 155 2341044 297171260
======================
   8      32 sdc 317400 4 80255410 778656 1281300 7773658 652442448 296329824 135 2342048 297310060
======================
   8      32 sdc 317401 4 80255418 778720 1281926 7773658 652762960 296470384 63 2343048 297445704
======================
   8      32 sdc 317403 4 80255434 778868 1282360 7773658 652985168 296565452 141 2344052 297585196
======================
   8      32 sdc 317403 4 80255434 778868 1282360 7773658 652985168 296565452 141 2345056 297726760
======================
   8      32 sdc 317406 4 80255458 780376 1283811 7773658 653728592 296888012 129 2346060 297869544
======================
   8      32 sdc 317408 4 80255474 780452 1284442 7773658 654051152 297030400 138 2347060 298013108
======================
   8      32 sdc 317409 4 80255482 780480 1285089 7773658 654382416 297175416 131 2348064 298156856
======================
   8      32 sdc 317410 4 80255490 780536 1285733 7773658 654712144 297318628 131 2349068 298300696
======================
   8      32 sdc 317411 4 80255498 780580 1286343 7773658 655024464 297461808 157 2350072 298444396
======================
   8      32 sdc 317412 4 80255506 780612 1286929 7773658 655324496 297599004 147 2351076 298588340
======================
   8      32 sdc 317414 4 80255522 780760 1287611 7773658 655673680 297747700 146 2352080 298727444
======================
   8      32 sdc 317415 4 80255530 780876 1288275 7773658 656014160 297885948 132 2353084 298867416
======================
   8      32 sdc 317416 4 80255538 780908 1288951 7773658 656359760 298031276 148 2354108 299012944
======================
   8      32 sdc 317418 4 80255554 781100 1289497 7773658 656639312 298151368 140 2355120 299151556
======================
   8      32 sdc 317419 4 80255562 782132 1289900 7773658 656845648 298322832 152 2356124 299292144
======================
   8      32 sdc 317421 4 80255578 782832 1290789 7773658 657300816 298460236 159 2357148 299444888
======================
   8      32 sdc 317421 4 80255578 782832 1291020 7773658 657419088 298510284 153 2358152 299595492
======================
   8      32 sdc 317424 4 80255602 784316 1292074 7773658 657958736 298770584 154 2359160 299747184
======================
   8      32 sdc 317425 4 80255610 784340 1292723 7773658 658291024 298906184 145 2360168 299891440
======================
   8      32 sdc 317426 4 80255618 784372 1293369 7773658 658621776 299049700 139 2361176 300035660
======================
   8      32 sdc 317427 4 80255626 784408 1294001 7773658 658945360 299193852 147 2362184 300179920
======================
   8      32 sdc 317428 4 80255634 784440 1294625 7773658 659264848 299337460 132 2363188 300323744
======================
   8      32 sdc 317430 4 80255650 784528 1295251 7773658 659585360 299481168 145 2364192 300467424
======================
   8      32 sdc 317431 4 80255658 784568 1295887 7773658 659910992 299624996 149 2365192 300610384
======================
   8      32 sdc 317432 4 80255666 784632 1296538 7773658 660244304 299767876 148 2366196 300753552
======================
   8      32 sdc 317432 4 80255666 784632 1296731 7773658 660343120 299819780 74 2367200 300854052
======================
   8      32 sdc 317433 4 80255674 786392 1297077 7773658 660520272 299958564 143 2368204 300932360
======================
   8      32 sdc 317436 4 80255698 787064 1298197 7773658 661093712 300083800 144 2369208 301073880
======================
   8      32 sdc 317436 4 80255698 787064 1298197 7773658 661093712 300083800 144 2370212 301218456
======================
   8      32 sdc 317437 4 80255706 788464 1298701 7773658 661351760 300295572 152 2371216 301367660
======================
   8      32 sdc 317439 4 80255722 789944 1299411 7773658 661715792 300534988 145 2372216 301511920
======================
   8      32 sdc 317440 4 80255730 790640 1300241 7773658 662140240 300664616 148 2373220 301662988
======================
   8      32 sdc 317441 4 80255738 791332 1300749 7773658 662400336 300779224 152 2374224 301812140
======================
   8      32 sdc 317444 4 80255762 792076 1302058 7773658 663070544 300962392 155 2375228 301957208
======================
   8      32 sdc 317445 4 80255770 792112 1302668 7773658 663382864 301106068 152 2376228 302100672
======================
   8      32 sdc 317446 4 80255778 792152 1303301 7773658 663706960 301250564 151 2377232 302244148
======================
   8      32 sdc 317448 4 80255794 792236 1303939 7773658 664033616 301393084 131 2378236 302387812
======================
   8      32 sdc 317449 4 80255802 792308 1304547 7773658 664344912 301528408 142 2379240 302530768
======================
   8      32 sdc 317449 4 80255802 792308 1304912 7773658 664531792 301610304 85 2380240 302642740
======================
   8      32 sdc 317451 4 80255818 793812 1305272 7773658 664716112 301749836 131 2381244 302731300
======================
   8      32 sdc 317454 4 80255842 793884 1306501 7773658 665345360 301878844 135 2382248 302874580
======================
   8      32 sdc 317455 4 80255850 793916 1307133 7773658 665668944 302023072 135 2383256 303018980
======================
   8      32 sdc 317456 4 80255858 793940 1307624 7773658 665920336 302164572 156 2384264 303160424
======================
   8      32 sdc 317457 4 80255866 794000 1308270 7773658 666251088 302309344 155 2385276 303304920
======================
   8      32 sdc 317458 4 80255874 794084 1308919 7773658 666583376 302451736 137 2386284 303447620
======================
   8      32 sdc 317459 4 80255882 794156 1309512 7773658 666886992 302582856 93 2387288 303583068
======================
   8      32 sdc 317459 4 80255882 794156 1309512 7773658 666886992 302582856 93 2388292 303676440
======================
   8      32 sdc 317460 4 80255890 795672 1309991 7773658 667132240 302737608 126 2389296 303791904
======================
   8      32 sdc 317463 4 80255914 796384 1311454 7773658 667881296 302934112 134 2390300 303932992
======================
   8      32 sdc 317465 4 80255930 796448 1312060 7773658 668191568 303077056 136 2391304 304076780
======================
   8      32 sdc 317467 4 80255946 796568 1312679 7773658 668508496 303221612 158 2392308 304218536
======================
   8      32 sdc 317468 4 80255954 796612 1313307 7773658 668830544 303359224 137 2393308 304361996
======================
   8      32 sdc 317469 4 80255962 796660 1313988 7773658 669178704 303507764 128 2394312 304505328
======================
   8      32 sdc 317470 4 80255970 796704 1314590 7773658 669486928 303648156 135 2395316 304648952
======================
   8      32 sdc 317470 4 80255970 796704 1314623 7773658 669503824 303656148 102 2396320 304752212
======================
   8      32 sdc 317470 4 80255970 796704 1314623 7773658 669503824 303656148 102 2397320 304854212
======================
   8      32 sdc 317474 4 80256002 799008 1316371 7773658 670398800 303987340 145 2398324 304988716
======================
   8      32 sdc 317475 4 80256010 799040 1316943 7773658 670691664 304129216 149 2399328 305132488
======================
   8      32 sdc 317476 4 80256018 799088 1317516 7773658 670985040 304273148 152 2400328 305275404
======================
   8      32 sdc 317477 4 80256026 799160 1318107 7773658 671287632 304416328 143 2401332 305418708
======================
   8      32 sdc 317478 4 80256034 799216 1318687 7773658 671584592 304558200 134 2402332 305561120
======================
   8      32 sdc 317480 4 80256050 799376 1319236 7773658 671865680 304698664 151 2403336 305703040
======================
   8      32 sdc 317481 4 80256058 799408 1319757 7773658 672132432 304832180 158 2404340 305846656
======================
   8      32 sdc 317483 4 80256074 799580 1320321 7773658 672421200 304977312 145 2405340 305982568
======================
   8      32 sdc 317484 4 80256082 799616 1320905 7773658 672720208 305121788 156 2406344 306125688
======================
   8      32 sdc 317484 4 80256082 799616 1321240 7773658 672891728 305208560 141 2407348 306268736
======================
   8      32 sdc 317484 4 80256082 799616 1321240 7773658 672891728 305208560 141 2408348 306409736
======================
   8      32 sdc 317487 4 80256106 801236 1322663 7773658 673620304 305549192 157 2409352 306552664
======================
   8      32 sdc 317488 4 80256114 801264 1323128 7773658 673858384 305688556 140 2410356 306694108
======================
   8      32 sdc 317489 4 80256122 801320 1323676 7773658 674138960 305831228 136 2411356 306837016
======================
   8      32 sdc 317490 4 80256130 801376 1324230 7773658 674422608 305975204 150 2412360 306980336
======================
   8      32 sdc 317491 4 80256138 801412 1324801 7773658 674714960 306118872 131 2413364 307124064
======================
   8      32 sdc 317492 4 80256146 801484 1325364 7773658 675003216 306261228 113 2414364 307265908
======================
   8      32 sdc 317494 4 80256162 801620 1325919 7773658 675287376 306402176 152 2415368 307407472
======================
   8      32 sdc 317495 4 80256170 801724 1326481 7773658 675575120 306541048 129 2416368 307546964
======================
   8      32 sdc 317496 4 80256178 801816 1327091 7773658 675887952 306682956 148 2417372 307688260
======================
   8      32 sdc 317497 4 80256186 801868 1327663 7773658 676180304 306825880 149 2418376 307831996
======================
   8      32 sdc 317499 4 80256202 802088 1328223 7773658 676467024 306958680 155 2419376 307964512
======================
   8      32 sdc 317500 4 80256210 802120 1328793 7773658 676758864 307101864 146 2420380 308108092
======================
   8      32 sdc 317501 4 80256218 802152 1329369 7773658 677053776 307245732 139 2421380 308250984
======================
   8      32 sdc 317502 4 80256226 802192 1329958 7773658 677355344 307388848 127 2422384 308394424
======================
   8      32 sdc 317504 4 80256242 802340 1330524 7773658 677645136 307529752 149 2423384 308536380
======================
   8      32 sdc 317505 4 80256250 802404 1331085 7773658 677932368 307672864 131 2424388 308678892
======================
   8      32 sdc 317506 4 80256258 802472 1331654 7773658 678223696 307814604 144 2425388 308820740
======================
   8      32 sdc 317507 4 80256266 802596 1332206 7773658 678506320 307952840 137 2426392 308959840
======================
   8      32 sdc 317508 4 80256274 802632 1332750 7773658 678784848 308095832 153 2427396 309103060
======================
   8      32 sdc 317509 4 80256282 802668 1333360 7773658 679097168 308240732 148 2428396 309245592
======================
   8      32 sdc 317510 4 80256290 802712 1333967 7773658 679407952 308383392 149 2429400 309388584
======================
   8      32 sdc 317512 4 80256306 802816 1334574 7773658 679718736 308525088 150 2430400 309531144
======================
   8      32 sdc 317513 4 80256314 802864 1335148 7773658 680012624 308666712 152 2431404 309674480
======================
   8      32 sdc 317514 4 80256322 803008 1335621 7773658 680254800 308789996 96 2432408 309809400
======================
   8      32 sdc 317514 4 80256322 803008 1335621 7773658 680254800 308789996 96 2433408 309905400
======================
   8      32 sdc 317515 4 80256330 804616 1336087 7773658 680493392 308971168 142 2434412 310025192
======================
   8      32 sdc 317518 4 80256354 805424 1337369 7773658 681149776 309158816 139 2435420 310168536
======================
   8      32 sdc 317519 4 80256362 805456 1337935 7773658 681439568 309305768 149 2436424 310312292
======================
   8      32 sdc 317520 4 80256370 805912 1338376 7773658 681665360 309461332 154 2437428 310481392
======================
   8      32 sdc 317521 4 80256378 805992 1338946 7773658 681957200 309611984 139 2438432 310622064
======================
   8      32 sdc 317522 4 80256386 806068 1339516 7773658 682249040 309754292 156 2439432 310763876
======================
   8      32 sdc 317522 4 80256386 806068 1339813 7773658 682400600 309828752 1 2440436 310821416
======================
   8      32 sdc 317522 4 80256386 806068 1339813 7773658 682400600 309828752 1 2441440 310822420
======================
   8      32 sdc 317525 4 80256410 808000 1341241 7774099 683131232 309926692 117 2442440 310937184
======================
   8      32 sdc 317527 4 80256426 808156 1341811 7774099 683423072 310066484 136 2443444 311078856
======================
   8      32 sdc 317528 4 80256434 808236 1342365 7774099 683706720 310208608 137 2444444 311219996
======================
   8      32 sdc 317529 4 80256442 808312 1342931 7774099 683996512 310348908 158 2445448 311361088
======================
   8      32 sdc 317531 4 80256458 808624 1343492 7774099 684284256 310472176 152 2446452 311480432
======================
   8      32 sdc 317532 4 80256466 808820 1344046 7774110 684566472 310586132 142 2447456 311599148
======================
   8      32 sdc 317533 4 80256474 808900 1344601 7774110 684850632 310729132 142 2448460 311741168
======================
   8      32 sdc 317534 4 80256482 808976 1345209 7774110 685161928 310871048 153 2449464 311882272
======================
   8      32 sdc 317535 4 80256490 809048 1345822 7774110 685475784 311014340 145 2450468 312025468
======================
   8      32 sdc 317535 4 80256490 809048 1345967 7774110 685550024 311072680 1 2451472 312068568
======================
   8      32 sdc 317535 4 80256490 809048 1345967 7774110 685550024 311072680 1 2452476 312069572
======================
   8      32 sdc 317538 4 80256514 811248 1347356 7774119 686260256 311171088 143 2453480 312186332
======================
   8      32 sdc 317540 4 80256530 811404 1347922 7774119 686550048 311311420 143 2454480 312326372
======================
   8      32 sdc 317541 4 80256538 811484 1348484 7774119 686837792 311453980 136 2455484 312468304
======================
   8      32 sdc 317542 4 80256546 811568 1349039 7774119 687121952 311595392 136 2456488 312609064
======================
   8      32 sdc 317542 4 80256546 811568 1349553 7774119 687385120 311719292 1 2457488 312717064
======================
   8      32 sdc 317542 4 80256546 811568 1349553 7774119 687385120 311719292 1 2458492 312718068
======================
   8      32 sdc 317545 4 80256570 813504 1350768 7774130 688006280 311756260 151 2459496 312773476
======================
   8      32 sdc 317545 4 80256570 813504 1351091 7774130 688171656 311836884 1 2460500 312836884
======================
   8      32 sdc 317545 4 80256570 813504 1351091 7774130 688171656 311836884 1 2461500 312837884
======================
   8      32 sdc 317549 4 80256602 815532 1352472 7774130 688878728 311915724 130 2462500 312934172
======================
   8      32 sdc 317551 4 80256618 815740 1353058 7774130 689178760 312053988 142 2463504 313072208
======================
   8      32 sdc 317552 4 80256626 815784 1353631 7774141 689471216 312176568 150 2464504 313196444
======================
   8      32 sdc 317553 4 80256634 816032 1354193 7774141 689758960 312311808 142 2465504 313318048
======================
   8      32 sdc 317554 4 80256642 816168 1354763 7774141 690050800 312437596 138 2466508 313457268
======================
   8      32 sdc 317554 4 80256642 816168 1355189 7774141 690268912 312547256 1 2467508 313549684
======================
   8      32 sdc 317554 4 80256642 816168 1355189 7774141 690268912 312547256 1 2468512 313550688
======================
   8      32 sdc 317557 4 80256666 818128 1356449 7774151 690913104 312588652 152 2469508 313609348
======================
   8      32 sdc 317558 4 80256674 818308 1357056 7774151 691223888 312724772 132 2470512 313745480
======================
   8      32 sdc 317560 4 80256690 818456 1357663 7774151 691534672 312865976 155 2471512 313885576
======================
   8      32 sdc 317561 4 80256698 818536 1358233 7774151 691826512 313006196 140 2472516 314028708
======================
   8      32 sdc 317561 4 80256698 818536 1358775 7774151 692104016 313146020 1 2473520 314150584
======================
   8      32 sdc 317564 4 80256722 818888 1359324 7775080 692382712 313249752 75 2474524 314260064
======================
   8      32 sdc 317564 4 80256722 818888 1359400 7775080 692390616 313259128 0 2474576 314263772
======================
   8      32 sdc 317564 4 80256722 818888 1359400 7775080 692390616 313259128 0 2474576 314263772
======================
   8      32 sdc 317564 4 80256722 818888 1359400 7775080 692390616 313259128 0 2474576 314263772
======================
   8      32 sdc 317564 4 80256722 818888 1359400 7775080 692390616 313259128 0 2474576 314263772
======================
   8      32 sdc 317564 4 80256722 818888 1359400 7775080 692390616 313259128 0 2474576 314263772
======================
   8      32 sdc 317802 4 80258620 820868 1359426 7775080 692390720 313259128 0 2474616 314265752
started
======================
   8      32 sdc 317805 4 80258644 820888 1359427 7775080 692390720 313259128 0 2474636 314265772
======================
   8      32 sdc 318611 4 80463348 821224 1359427 7775080 692390720 313259128 0 2474916 314266108
======================
   8      32 sdc 319891 4 80790068 822020 1359427 7775080 692390720 313259128 2 2475536 314266904
======================
   8      32 sdc 320291 4 80891828 822268 1359427 7775080 692390720 313259128 2 2476408 314268504
======================
   8      32 sdc 320291 4 80891828 822268 1359427 7775080 692390720 313259128 2 2477412 314270512
======================
   8      32 sdc 320294 4 80892596 826704 1359427 7775080 692390720 313259128 2 2478416 314272520
======================
   8      32 sdc 320723 4 81001716 829176 1359427 7775080 692390720 313259128 1 2479256 314274060
======================
   8      32 sdc 322013 5 81330292 829932 1359430 7775081 692390752 313259156 0 2479868 314274844
======================
   8      32 sdc 323384 5 81679812 830720 1359430 7775081 692390752 313259156 2 2480488 314275628
======================
   8      32 sdc 324673 5 82008284 831528 1359430 7775081 692390752 313259156 0 2481136 314276436
======================
   8      32 sdc 326000 5 82346780 832324 1359430 7775081 692390752 313259156 0 2481756 314277232
======================
   8      32 sdc 327329 5 82686092 833000 1359430 7775081 692390752 313259156 0 2482296 314277908
======================
   8      32 sdc 328657 5 83024988 833764 1359430 7775081 692390752 313259156 0 2482892 314278672
======================
   8      32 sdc 329847 5 83328924 834672 1359430 7775081 692390752 313259156 2 2483572 314279580
======================
   8      32 sdc 331141 5 83659420 835456 1359430 7775081 692390752 313259156 0 2484204 314280364
======================
   8      32 sdc 332431 5 83988412 836148 1359430 7775081 692390752 313259156 1 2484748 314281056
======================
   8      32 sdc 333749 5 84324028 836780 1359430 7775081 692390752 313259156 0 2485260 314281688
======================
   8      32 sdc 335054 5 84657356 837576 1359430 7775081 692390752 313259156 1 2485868 314282484
======================
   8      32 sdc 336344 5 84986796 838312 1359430 7775081 692390752 313259156 0 2486468 314283220
======================
   8      32 sdc 337688 5 85328092 839052 1359430 7775081 692390752 313259156 0 2487048 314283960
======================
   8      32 sdc 339007 5 85665004 839736 1359430 7775081 692390752 313259156 2 2487592 314284668
======================
   8      32 sdc 340265 5 85985932 840632 1359430 7775081 692390752 313259156 1 2488284 314285540
======================
   8      32 sdc 341549 5 86313260 841356 1359430 7775081 692390752 313259156 0 2488860 314286264
======================
   8      32 sdc 342909 5 86658716 842016 1359430 7775081 692390752 313259156 0 2489376 314286924
======================
   8      32 sdc 344260 5 87002908 842664 1359430 7775081 692390752 313259156 0 2489876 314287572
======================
   8      32 sdc 345593 5 87342700 843192 1359430 7775081 692390752 313259156 1 2490300 314288100
======================
   8      32 sdc 346866 5 87667516 844048 1359430 7775081 692390752 313259156 2 2490992 314288956
======================
   8      32 sdc 348144 5 87993708 844840 1359430 7775081 692390752 313259156 2 2491616 314289748
======================
   8      32 sdc 349465 5 88330252 845588 1359430 7775081 692390752 313259156 1 2492192 314290496
======================
   8      32 sdc 350756 5 88659404 846432 1359430 7775081 692390752 313259156 1 2492884 314291336
======================
   8      32 sdc 352069 5 88992396 847208 1359430 7775081 692390752 313259156 0 2493492 314292112
======================
   8      32 sdc 353396 5 89331100 847900 1359430 7775081 692390752 313259156 0 2494044 314292808
======================
   8      32 sdc 354707 5 89665004 848708 1359430 7775081 692390752 313259156 1 2494668 314293616
======================
   8      32 sdc 356001 5 89994556 849580 1359430 7775081 692390752 313259156 0 2495344 314294488
======================
   8      32 sdc 357272 5 90318812 850332 1359430 7775081 692390752 313259156 1 2495948 314295240
======================
   8      32 sdc 358560 5 90647500 851096 1359430 7775081 692390752 313259156 1 2496544 314296004
======================
   8      32 sdc 359849 5 90976156 851896 1359430 7775081 692390752 313259156 1 2497156 314296804
======================
   8      32 sdc 361136 5 91304628 852632 1359431 7775081 692390760 313259176 1 2497732 314297556
======================
   8      32 sdc 362424 5 91633780 853412 1359431 7775081 692390760 313259176 1 2498344 314298336
======================
   8      32 sdc 363743 5 91969940 854128 1359431 7775081 692390760 313259176 0 2498892 314299052
======================
   8      32 sdc 365023 5 92295924 854904 1359431 7775081 692390760 313259176 2 2499524 314299832
======================
   8      32 sdc 366265 5 92612932 855740 1359431 7775081 692390760 313259176 1 2500176 314300664
======================
   8      32 sdc 367569 5 92946004 856444 1359431 7775081 692390760 313259176 2 2500740 314301364
======================
   8      32 sdc 368934 5 93293972 857152 1359431 7775081 692390760 313259176 1 2501296 314302064
======================
   8      32 sdc 370262 5 93632596 857880 1359431 7775081 692390760 313259176 1 2501848 314302788
======================
   8      32 sdc 371580 5 93968420 858704 1359431 7775081 692390760 313259176 0 2502464 314303612
======================
   8      32 sdc 372833 5 94288244 859572 1359431 7775081 692390760 313259176 1 2503128 314304480
======================
   8      32 sdc 374144 5 94622628 860224 1359431 7775081 692390760 313259176 0 2503628 314305132
======================
   8      32 sdc 375482 5 94964292 860840 1359431 7775081 692390760 313259176 2 2504120 314305748
======================
   8      32 sdc 376764 5 95291492 861556 1359431 7775081 692390760 313259176 2 2504688 314306472
======================
   8      32 sdc 378070 5 95623652 862288 1359431 7775081 692390760 313259176 0 2505292 314307196
======================
   8      32 sdc 379400 5 95961828 862988 1359431 7775081 692390760 313259176 0 2505852 314307896
======================
   8      32 sdc 380687 5 96290276 863732 1359431 7775081 692390760 313259176 0 2506452 314308640
======================
   8      32 sdc 381978 5 96619188 864576 1359431 7775081 692390760 313259176 1 2507140 314309484
======================
   8      32 sdc 383266 5 96948644 865376 1359431 7775081 692390760 313259176 1 2507780 314310284
======================
   8      32 sdc 384561 5 97279476 866104 1359431 7775081 692390760 313259176 1 2508352 314311012
======================
   8      32 sdc 385884 5 97617108 866724 1359431 7775081 692390760 313259176 1 2508824 314311632
======================
   8      32 sdc 387167 5 97944268 867444 1359431 7775081 692390760 313259176 1 2509380 314312348
======================
   8      32 sdc 388459 5 98274636 868376 1359431 7775081 692390760 313259176 0 2510100 314313280
======================
   8      32 sdc 389784 5 98613148 868952 1359431 7775081 692390760 313259176 0 2510584 314313856
======================
   8      32 sdc 391125 5 98955804 869648 1359431 7775081 692390760 313259176 0 2511148 314314552
======================
   8      32 sdc 392252 5 99244028 870496 1359431 7775081 692390760 313259176 0 2511812 314315400
