======================
   8      32 sdc 629887 8 155074964 2079600 3809923 7796929 1945386848 844223152 0 6577752 846869088
======================
   8      32 sdc 629887 8 155074964 2079600 3809923 7796929 1945386848 844223152 0 6577752 846869088
======================
   8      32 sdc 630377 8 155078884 2079636 3809923 7796929 1945386848 844223152 0 6577788 846869124
======================
   8      32 sdc 630377 8 155078884 2079636 3809923 7796929 1945386848 844223152 0 6577788 846869124
======================
   8      32 sdc 630417 8 155079204 2079948 3812606 7796929 1946760544 844235632 154 6578392 846888216
======================
   8      32 sdc 630418 8 155079212 2080020 3813229 7796929 1947079520 844367832 150 6579396 847029856
======================
   8      32 sdc 630419 8 155079220 2080088 3813900 7796929 1947423072 844511628 130 6580400 847173100
======================
   8      32 sdc 630421 8 155079236 2080176 3814553 7797437 1947756936 844654320 147 6581404 847317552
======================
   8      32 sdc 630421 8 155079236 2080176 3814998 7797437 1947984776 844754300 151 6582408 847463624
======================
   8      32 sdc 630421 8 155079236 2080176 3814998 7797437 1947984776 844754300 151 6583412 847615228
======================
   8      32 sdc 630423 8 155079252 2082308 3815764 7797437 1948376968 845109484 152 6584412 847764456
======================
   8      32 sdc 630424 8 155079260 2082336 3816402 7797437 1948703624 845201556 154 6585416 847904924
======================
   8      32 sdc 630427 8 155079284 2082420 3817547 7797437 1949289864 845392856 141 6586420 848049580
======================
   8      32 sdc 630429 8 155079300 2082484 3818137 7797437 1949591944 845491832 147 6587424 848194952
======================
   8      32 sdc 630429 8 155079300 2082484 3818614 7797437 1949836168 845626164 119 6588428 848330952
======================
   8      32 sdc 630429 8 155079300 2082484 3818614 7797437 1949836168 845626164 119 6589432 848450428
======================
   8      32 sdc 630429 8 155079300 2082484 3818614 7797437 1949836168 845626164 119 6590436 848569904
======================
   8      32 sdc 630432 8 155079324 2084968 3820048 7797437 1950570376 846050184 156 6591440 848709596
======================
   8      32 sdc 630435 8 155079348 2085048 3821244 7797437 1951182728 846193452 144 6592444 848853068
======================
   8      32 sdc 630436 8 155079356 2085072 3822097 7797437 1951619464 846328628 155 6593448 848996852
======================
   8      32 sdc 630438 8 155079372 2085164 3822711 7797437 1951933832 846471252 149 6594452 849140624
======================
   8      32 sdc 630439 8 155079380 2085248 3823291 7797437 1952230792 846603908 136 6595452 849282004
======================
   8      32 sdc 630440 8 155079388 2085284 3824021 7797437 1952604552 846758120 132 6596456 849424656
======================
   8      32 sdc 630441 8 155079396 2085380 3824692 7797437 1952948104 846898668 133 6597460 849565324
======================
   8      32 sdc 630441 8 155079396 2085380 3824799 7797437 1953002888 846921376 78 6598464 849650756
======================
   8      32 sdc 630443 8 155079412 2086912 3825248 7797437 1953232776 847052072 141 6599468 849755076
======================
   8      32 sdc 630446 8 155079436 2087616 3826579 7797437 1953914248 847228464 153 6600472 849897832
======================
   8      32 sdc 630447 8 155079444 2087640 3827244 7797437 1954254728 847372764 128 6601476 850041660
======================
   8      32 sdc 630449 8 155079460 2087732 3827874 7797437 1954577288 847514732 138 6602480 850185776
======================
   8      32 sdc 630450 8 155079468 2087800 3828512 7797437 1954903944 847661176 141 6603484 850328276
======================
   8      32 sdc 630451 8 155079476 2087864 3829178 7797437 1955244936 847801644 157 6604488 850471240
======================
   8      32 sdc 630452 8 155079484 2087944 3829824 7797437 1955575688 847943064 138 6605492 850613168
======================
   8      32 sdc 630454 8 155079500 2088112 3830450 7797437 1955896200 848081732 153 6606492 850750876
======================
   8      32 sdc 630455 8 155079508 2088252 3831082 7797437 1956219784 848216628 149 6607496 850886176
======================
   8      32 sdc 630455 8 155079508 2088252 3831398 7797437 1956381576 848286484 135 6608500 851025484
======================
   8      32 sdc 630456 8 155079516 2089676 3831893 7797437 1956635016 848501864 152 6609504 851161692
======================
   8      32 sdc 630458 8 155079532 2089724 3832406 7797437 1956897672 848517636 151 6610512 851313052
======================
   8      32 sdc 630461 8 155079556 2091376 3833482 7797437 1957448584 848793476 130 6611516 851462184
======================
   8      32 sdc 630462 8 155079564 2091408 3834114 7797437 1957772168 848931680 138 6612520 851606124
======================
   8      32 sdc 630463 8 155079572 2091440 3834784 7797437 1958115208 849076020 140 6613524 851749824
======================
   8      32 sdc 630464 8 155079580 2091496 3835281 7797437 1958369672 849186408 155 6614528 851896180
======================
   8      32 sdc 630466 8 155079596 2091612 3836044 7797437 1958760328 849365724 137 6615532 852040268
======================
   8      32 sdc 630467 8 155079604 2091640 3836702 7797437 1959097224 849514596 142 6616532 852183864
======================
   8      32 sdc 630468 8 155079612 2091704 3837386 7797437 1959447432 849653612 137 6617536 852327152
======================
   8      32 sdc 630469 8 155079620 2091736 3838057 7797437 1959790984 849796980 132 6618540 852470620
======================
   8      32 sdc 630471 8 155079636 2091948 3838673 7797437 1960106376 849937608 155 6619544 852608772
======================
   8      32 sdc 630472 8 155079644 2091976 3839287 7797437 1960420744 850077340 149 6620548 852752812
======================
   8      32 sdc 630473 8 155079652 2092000 3839923 7797437 1960746376 850217612 153 6621552 852896672
======================
   8      32 sdc 630475 8 155079668 2092112 3840591 7797437 1961088392 850364260 149 6622556 853038888
======================
   8      32 sdc 630477 8 155079684 2092208 3841217 7797437 1961408904 850505648 153 6623560 853181404
======================
   8      32 sdc 630478 8 155079692 2092256 3841857 7797437 1961736584 850649880 149 6624564 853324644
======================
   8      32 sdc 630479 8 155079700 2092320 3842515 7797437 1962073480 850795508 138 6625568 853465020
======================
   8      32 sdc 630480 8 155079708 2092640 3843017 7797437 1962330504 850919608 154 6626568 853594848
======================
   8      32 sdc 630481 8 155079716 2092668 3843654 7797437 1962656648 851062764 134 6627572 853738188
======================
   8      32 sdc 630483 8 155079732 2092740 3844285 7797437 1962979720 851205824 143 6628576 853881976
======================
   8      32 sdc 630484 8 155079740 2092808 3844933 7797437 1963311496 851350040 139 6629580 854025452
======================
   8      32 sdc 630485 8 155079748 2092876 3845496 7797437 1963599752 851472288 131 6630584 854166460
======================
   8      32 sdc 630486 8 155079756 2092936 3846234 7797437 1963977608 851631228 138 6631584 854306928
======================
   8      32 sdc 630488 8 155079772 2093000 3846865 7797437 1964300680 851773716 155 6632588 854449572
======================
   8      32 sdc 630489 8 155079780 2093040 3847533 7797437 1964642696 851918440 143 6633592 854593204
======================
   8      32 sdc 630490 8 155079788 2093184 3847836 7797437 1964797832 851982584 81 6634596 854699868
======================
   8      32 sdc 630491 8 155079796 2094636 3848274 7797437 1965022088 852122156 150 6635600 854785408
======================
   8      32 sdc 630492 8 155079804 2095332 3848790 7797437 1965286280 852224480 151 6636604 854921548
======================
   8      32 sdc 630495 8 155079828 2095788 3850073 7797437 1965943176 852388484 147 6637608 855066836
======================
   8      32 sdc 630496 8 155079836 2096008 3850596 7797437 1966210952 852532900 136 6638608 855210880
======================
   8      32 sdc 630497 8 155079844 2096032 3851244 7797437 1966542728 852675552 128 6639612 855354672
======================
   8      32 sdc 630497 8 155079844 2096032 3851356 7797437 1966600072 852701092 145 6640616 855500228
======================
   8      32 sdc 630498 8 155079852 2097524 3851860 7797437 1966858120 852939496 153 6641620 855647616
======================
   8      32 sdc 630501 8 155079876 2098216 3853132 7797437 1967509384 853116392 128 6642624 855795424
======================
   8      32 sdc 630502 8 155079884 2098248 3853771 7797437 1967836552 853258244 129 6643628 855939240
======================
   8      32 sdc 630503 8 155079892 2098292 3854402 7797437 1968159624 853401828 138 6644632 856083384
======================
   8      32 sdc 630505 8 155079908 2098372 3855054 7797437 1968493448 853545832 158 6645636 856226912
======================
   8      32 sdc 630507 8 155079924 2098544 3855694 7797437 1968821128 853683764 158 6646640 856365336
======================
   8      32 sdc 630507 8 155079924 2098544 3856001 7797437 1968978312 853752704 108 6647640 856489712
======================
   8      32 sdc 630508 8 155079932 2100072 3856440 7797437 1969203080 853932008 141 6648644 856600392
======================
   8      32 sdc 630509 8 155079940 2100776 3856981 7797437 1969480072 854038212 152 6649648 856738428
======================
   8      32 sdc 630512 8 155079964 2101720 3858057 7797437 1970030984 854207560 131 6650652 856888456
======================
   8      32 sdc 630513 8 155079972 2101748 3858705 7797437 1970362760 854347680 155 6651656 857032032
======================
   8      32 sdc 630514 8 155079980 2101780 3859340 7797437 1970687880 854491088 128 6652660 857175816
======================
   8      32 sdc 630515 8 155079988 2101844 3859965 7797437 1971007880 854641592 143 6653664 857320112
======================
   8      32 sdc 630515 8 155079988 2101844 3860078 7797437 1971065736 854658408 127 6654668 857449724
======================
   8      32 sdc 630518 8 155080012 2103312 3861277 7797437 1971679624 854897968 143 6655672 857585116
======================
   8      32 sdc 630519 8 155080020 2103344 3861890 7797437 1971993480 855043272 138 6656672 857728620
======================
   8      32 sdc 630520 8 155080028 2103524 3862555 7797437 1972333960 855186772 145 6657676 857872432
======================
   8      32 sdc 630523 8 155080052 2103628 3863176 7797437 1972651912 855322880 132 6658680 858015552
======================
   8      32 sdc 630524 8 155080060 2103676 3863874 7797437 1973009288 855473504 138 6659684 858159192
======================
   8      32 sdc 630525 8 155080068 2103728 3864499 7797437 1973329288 855615696 153 6660688 858302684
======================
   8      32 sdc 630526 8 155080076 2103772 3865112 7797437 1973643144 855759076 148 6661692 858446528
======================
   8      32 sdc 630527 8 155080084 2103848 3865711 7797437 1973949832 855889224 94 6662696 858582612
======================
   8      32 sdc 630529 8 155080100 2104164 3866266 7797437 1974233992 856033420 146 6663700 858721072
======================
   8      32 sdc 630530 8 155080108 2104204 3866902 7797437 1974559624 856178096 150 6664700 858864984
======================
   8      32 sdc 630531 8 155080116 2104256 3867560 7797437 1974896520 856322448 132 6665704 859008812
======================
   8      32 sdc 630531 8 155080116 2104256 3867724 7797437 1974980488 856357964 129 6666708 859141960
======================
   8      32 sdc 630533 8 155080132 2105752 3868723 7797437 1975491976 856581868 154 6667712 859277548
======================
   8      32 sdc 630533 8 155080132 2105752 3868723 7797437 1975491976 856581868 154 6668716 859432164
======================
   8      32 sdc 630534 8 155080140 2107152 3869236 7797437 1975754632 856807576 153 6669720 859585048
======================
   8      32 sdc 630536 8 155080156 2108616 3870261 7797437 1976279432 857051348 152 6670724 859733628
======================
   8      32 sdc 630537 8 155080164 2109320 3870772 7797437 1976541064 857170040 153 6671728 859885520
======================
   8      32 sdc 630541 8 155080196 2110092 3872007 7797437 1977173384 857340464 133 6672732 860033444
======================
   8      32 sdc 630542 8 155080204 2110128 3872643 7797437 1977499016 857483900 137 6673736 860177324
======================
   8      32 sdc 630543 8 155080212 2110168 3873128 7797437 1977747336 857590316 132 6674736 860317456
======================
   8      32 sdc 630544 8 155080220 2110408 3873793 7797437 1978087816 857765544 139 6675740 860459140
======================
   8      32 sdc 630546 8 155080236 2110472 3874406 7797437 1978401672 857907984 134 6676744 860602668
======================
   8      32 sdc 630547 8 155080244 2110512 3875065 7797437 1978739080 858053944 147 6677748 860746496
======================
   8      32 sdc 630548 8 155080252 2110820 3875730 7797437 1979079560 858194432 157 6678752 860885828
======================
   8      32 sdc 630549 8 155080260 2111412 3876395 7797437 1979420040 858344796 129 6679756 861034412
======================
   8      32 sdc 630551 8 155080276 2111464 3877040 7797437 1979750280 858483400 156 6680760 861178376
======================
   8      32 sdc 630552 8 155080284 2111500 3877654 7797437 1980064648 858627140 150 6681764 861322304
======================
   8      32 sdc 630553 8 155080292 2111556 3878298 7797437 1980394376 858772148 148 6682764 861464896
======================
   8      32 sdc 630554 8 155080300 2111636 3878515 7797437 1980505480 858818240 90 6683768 861570948
======================
   8      32 sdc 630557 8 155080324 2113124 3879581 7797437 1981051272 858986876 143 6684772 861674864
======================
   8      32 sdc 630558 8 155080332 2113148 3880218 7797437 1981377416 859122840 146 6685776 861818804
======================
   8      32 sdc 630559 8 155080340 2113184 3880869 7797437 1981710728 859266416 135 6686780 861962764
======================
   8      32 sdc 630560 8 155080348 2113412 3881206 7797437 1981883272 859373820 150 6687784 862108888
======================
   8      32 sdc 630561 8 155080356 2113444 3882007 7797437 1982293384 859556108 149 6688788 862252688
======================
   8      32 sdc 630563 8 155080372 2113540 3882638 7797437 1982616456 859699328 158 6689792 862396612
======================
   8      32 sdc 630564 8 155080380 2113576 3883276 7797437 1982943112 859843984 128 6690792 862539744
======================
   8      32 sdc 630565 8 155080388 2113636 3883935 7797437 1983280520 859987472 147 6691796 862683352
======================
   8      32 sdc 630566 8 155080396 2113692 3884567 7797437 1983604104 860128572 158 6692800 862826212
======================
   8      32 sdc 630566 8 155080396 2113692 3884654 7797437 1983648648 860148316 95 6693804 862925404
======================
   8      32 sdc 630569 8 155080420 2115248 3885860 7797437 1984266120 860345020 136 6694808 863042516
======================
   8      32 sdc 630571 8 155080436 2115296 3886508 7797437 1984597896 860489168 128 6695812 863186552
======================
   8      32 sdc 630572 8 155080444 2115324 3887143 7797437 1984923016 860632156 133 6696812 863330408
======================
   8      32 sdc 630574 8 155080460 2115420 3887757 7797437 1985237384 860774968 151 6697816 863473864
======================
   8      32 sdc 630574 8 155080460 2115420 3888214 7797437 1985471368 860876280 119 6698820 863610124
======================
   8      32 sdc 630575 8 155080468 2116480 3888702 7797437 1985721224 861019244 143 6699824 863736712
======================
   8      32 sdc 630575 8 155080468 2116480 3888702 7797437 1985721224 861019244 143 6700828 863880284
======================
   8      32 sdc 630578 8 155080492 2117776 3890216 7797437 1986496392 861322820 132 6701832 864023900
======================
   8      32 sdc 630579 8 155080500 2117812 3890751 7797437 1986770312 861447304 142 6702836 864167884
======================
   8      32 sdc 630579 8 155080500 2117812 3890751 7797437 1986770312 861447304 142 6703840 864310452
======================
   8      32 sdc 630580 8 155080508 2119216 3891253 7797437 1987027336 861668272 152 6704844 864459696
======================
   8      32 sdc 630583 8 155080532 2120684 3892558 7797437 1987695496 861921164 134 6705848 864610508
======================
   8      32 sdc 630583 8 155080532 2120684 3892789 7797437 1987813768 861926608 152 6706852 864762664
======================
   8      32 sdc 630584 8 155080540 2122096 3893301 7797437 1988075912 862152212 152 6707852 864913748
======================
   8      32 sdc 630588 8 155080572 2122888 3894654 7797437 1988768648 862354500 142 6708856 865060128
======================
   8      32 sdc 630589 8 155080580 2122932 3895252 7797437 1989074824 862491136 152 6709860 865204572
======================
   8      32 sdc 630591 8 155080596 2123024 3895916 7797437 1989414792 862642208 128 6710868 865349180
======================
   8      32 sdc 630592 8 155080604 2123268 3896414 7797437 1989669768 862758544 142 6711872 865490152
======================
   8      32 sdc 630593 8 155080612 2123296 3897069 7797437 1990005128 862927736 159 6712876 865633692
======================
   8      32 sdc 630594 8 155080620 2123340 3897706 7797437 1990331272 863070940 130 6713880 865777792
======================
   8      32 sdc 630595 8 155080628 2123388 3898338 7797437 1990654856 863214500 138 6714884 865921460
======================
   8      32 sdc 630596 8 155080636 2123444 3898862 7797437 1990923144 863330460 129 6715888 866062132
======================
   8      32 sdc 630598 8 155080652 2123548 3899622 7797437 1991312264 863494204 143 6716892 866201308
======================
   8      32 sdc 630599 8 155080660 2123580 3900241 7797437 1991629192 863636368 155 6717896 866343024
======================
   8      32 sdc 630600 8 155080668 2123636 3900889 7797437 1991960968 863780248 147 6718900 866486528
======================
   8      32 sdc 630600 8 155080668 2123636 3901045 7797437 1992040840 863814100 88 6719904 866586316
======================
   8      32 sdc 630601 8 155080676 2125124 3901508 7797437 1992277896 863956388 137 6720908 866694236
======================
   8      32 sdc 630605 8 155080708 2125816 3902839 7797437 1992959368 864125724 149 6721912 866835708
======================
   8      32 sdc 630606 8 155080716 2125852 3903459 7797437 1993276808 864271184 137 6722916 866979360
======================
   8      32 sdc 630607 8 155080724 2125892 3904059 7797437 1993584008 864406428 146 6723920 867123396
======================
   8      32 sdc 630609 8 155080740 2126152 3904594 7797437 1993857928 864556772 154 6724924 867267656
======================
   8      32 sdc 630610 8 155080748 2126176 3905231 7797437 1994184072 864701660 157 6725928 867411420
======================
   8      32 sdc 630611 8 155080756 2126216 3905872 7797437 1994512264 864845968 156 6726932 867555324
======================
   8      32 sdc 630612 8 155080764 2126272 3906524 7797437 1994846088 864991792 147 6727936 867699224
======================
   8      32 sdc 630614 8 155080780 2126388 3907160 7797437 1995171720 865129928 157 6728936 867841124
======================
   8      32 sdc 630615 8 155080788 2126464 3907796 7797437 1995497352 865274376 142 6729940 867983608
======================
   8      32 sdc 630616 8 155080796 2126568 3908428 7797437 1995820936 865412368 152 6730944 868122752
======================
   8      32 sdc 630616 8 155080796 2126568 3908749 7797437 1995985288 865484096 64 6731948 868221668
======================
   8      32 sdc 630617 8 155080804 2128104 3909195 7797437 1996213640 865593620 130 6732952 868292200
======================
   8      32 sdc 630619 8 155080820 2128728 3909684 7797437 1996464008 865685596 153 6733956 868429956
======================
   8      32 sdc 630622 8 155080844 2129496 3910947 7797437 1997110664 865865660 137 6734960 868578392
======================
   8      32 sdc 630623 8 155080852 2129528 3911612 7797437 1997451144 866009368 144 6735964 868722488
======================
   8      32 sdc 630624 8 155080860 2129760 3912119 7797437 1997710728 866153916 149 6736968 868865724
======================
   8      32 sdc 630624 8 155080860 2129760 3912244 7797437 1997774728 866180324 153 6737972 869017304
======================
   8      32 sdc 630627 8 155080884 2131304 3913351 7797437 1998341512 866455980 133 6738976 869167740
======================
   8      32 sdc 630628 8 155080892 2131340 3913997 7797437 1998672264 866596592 159 6739980 869311712
======================
   8      32 sdc 630629 8 155080900 2131364 3914639 7797437 1999000968 866740072 157 6740984 869455568
======================
   8      32 sdc 630630 8 155080908 2131424 3915263 7797437 1999320456 866884824 141 6741984 869599332
======================
   8      32 sdc 630632 8 155080924 2131516 3915911 7797437 1999652232 867026844 133 6742988 869742752
======================
   8      32 sdc 630633 8 155080932 2131612 3916556 7797437 1999982472 867169544 156 6743992 869885056
======================
   8      32 sdc 630635 8 155080948 2131808 3917175 7797437 2000299400 867298480 133 6744996 870014460
======================
   8      32 sdc 630636 8 155080956 2131900 3917800 7797437 2000619400 867439164 140 6746000 870155456
======================
   8      32 sdc 630637 8 155080964 2131980 3918401 7797437 2000927112 867575760 108 6747004 870295924
======================
   8      32 sdc 630638 8 155080972 2132156 3918892 7797437 2001178504 867677668 129 6748008 870429316
======================
   8      32 sdc 630638 8 155080972 2132156 3918892 7797437 2001178504 867677668 129 6749012 870558832
======================
   8      32 sdc 630640 8 155080988 2133820 3919897 7797437 2001693064 867929976 148 6750148 870718856
======================
   8      32 sdc 630641 8 155080996 2135224 3920151 7797437 2001823112 868142276 149 6751152 870867132
======================
   8      32 sdc 630644 8 155081020 2135296 3921472 7797437 2002499464 868270936 140 6752156 871010876
======================
   8      32 sdc 630645 8 155081028 2135336 3922079 7797437 2002810248 868415292 141 6753160 871155656
======================
   8      32 sdc 630646 8 155081036 2135388 3922684 7797437 2003120008 868558972 144 6754164 871299260
======================
   8      32 sdc 630647 8 155081044 2135444 3923343 7797437 2003457416 868703892 131 6755168 871442860
======================
   8      32 sdc 630648 8 155081052 2135516 3924007 7797437 2003797384 868846876 134 6756172 871585804
======================
   8      32 sdc 630650 8 155081068 2135664 3924619 7797437 2004110728 868979692 34 6757176 871712420
======================
   8      32 sdc 630650 8 155081068 2135664 3924619 7797437 2004110728 868979692 34 6758180 871746556
======================
   8      32 sdc 630651 8 155081076 2137208 3925039 7797437 2004325768 869042700 126 6759184 871836400
======================
   8      32 sdc 630654 8 155081100 2137888 3926504 7797437 2005075848 869235728 134 6760188 871977460
======================
   8      32 sdc 630655 8 155081108 2137924 3927071 7797437 2005366152 869360692 142 6761196 872121660
======================
   8      32 sdc 630657 8 155081124 2138180 3927645 7797437 2005660040 869520776 143 6762200 872265300
======================
   8      32 sdc 630658 8 155081132 2138212 3928284 7797437 2005987208 869668964 144 6763200 872408992
======================
   8      32 sdc 630659 8 155081140 2138252 3928939 7797437 2006323080 869810204 129 6764204 872552528
======================
   8      32 sdc 630660 8 155081148 2138316 3929568 7797437 2006644616 869953176 145 6765208 872696232
======================
   8      32 sdc 630661 8 155081156 2138392 3930187 7797437 2006961544 870094504 98 6766212 872836800
======================
   8      32 sdc 630661 8 155081156 2138392 3930188 7797437 2006962056 870094736 97 6767216 872934188
======================
   8      32 sdc 630662 8 155081164 2139924 3930649 7797437 2007198088 870258320 148 6768220 873059196
======================
   8      32 sdc 630665 8 155081188 2140632 3932082 7797437 2007931784 870458292 154 6769224 873203896
======================
   8      32 sdc 630668 8 155081212 2140708 3932708 7797437 2008252296 870600664 136 6770228 873347792
======================
   8      32 sdc 630668 8 155081212 2140708 3933222 7797437 2008515464 870716080 135 6771232 873489956
======================
   8      32 sdc 630668 8 155081212 2140708 3933222 7797437 2008515464 870716080 135 6772236 873625496
======================
   8      32 sdc 630671 8 155081236 2142720 3934499 7797437 2009169800 871037212 137 6773240 873770920
======================
   8      32 sdc 630672 8 155081244 2142748 3935106 7797437 2009480072 871163072 138 6774244 873912024
======================
   8      32 sdc 630673 8 155081252 2142784 3935739 7797437 2009804168 871307660 145 6775244 874055644
======================
   8      32 sdc 630675 8 155081268 2142876 3936391 7797437 2010137992 871451868 139 6776248 874199232
======================
   8      32 sdc 630676 8 155081276 2142920 3937048 7797437 2010474376 871594688 148 6777252 874342712
======================
   8      32 sdc 630676 8 155081276 2142920 3937338 7797437 2010622856 871656768 115 6778256 874469708
======================
   8      32 sdc 630677 8 155081284 2144480 3937798 7797437 2010858376 871851104 149 6779260 874587024
======================
   8      32 sdc 630680 8 155081308 2144552 3938891 7797437 2011417992 871979500 129 6780264 874730352
======================
   8      32 sdc 630681 8 155081316 2144592 3939537 7797437 2011748744 872122832 155 6781268 874874264
======================
   8      32 sdc 630683 8 155081332 2144716 3940165 7797437 2012070280 872264696 137 6782272 875016160
======================
   8      32 sdc 630684 8 155081340 2144784 3940809 7797437 2012400008 872408352 144 6783276 875159348
======================
   8      32 sdc 630686 8 155081356 2144876 3941427 7797437 2012716424 872545932 137 6784280 875301224
======================
   8      32 sdc 630687 8 155081364 2144928 3942103 7797437 2013062536 872693712 154 6785284 875444340
======================
   8      32 sdc 630688 8 155081372 2145240 3942594 7797437 2013313928 872829788 134 6786288 875581564
======================
   8      32 sdc 630689 8 155081380 2145284 3943219 7797437 2013633928 872972596 138 6787292 875724608
======================
   8      32 sdc 630689 8 155081380 2145284 3943469 7797437 2013761928 873029124 128 6788296 875858708
======================
   8      32 sdc 630691 8 155081396 2146768 3944343 7797437 2014209416 873250068 141 6789300 875989628
======================
   8      32 sdc 630692 8 155081404 2146792 3944982 7797437 2014536584 873349936 151 6790300 876134600
======================
   8      32 sdc 630692 8 155081404 2146792 3944982 7797437 2014536584 873349936 151 6791304 876286204
======================
   8      32 sdc 630695 8 155081428 2148296 3946368 7797437 2015246216 873677120 140 6792308 876431328
======================
   8      32 sdc 630695 8 155081428 2148296 3946518 7797437 2015323016 873709828 151 6793312 876581128
======================
   8      32 sdc 630699 8 155081460 2149788 3947620 7797437 2015887240 873974380 136 6794316 876729984
======================
   8      32 sdc 630699 8 155081460 2149788 3948055 7797437 2016109960 874074412 150 6795320 876875552
======================
   8      32 sdc 630699 8 155081460 2149788 3948055 7797437 2016109960 874074412 150 6796324 877026152
======================
   8      32 sdc 630702 8 155081484 2151296 3949514 7797437 2016856968 874413320 130 6797328 877170168
======================
   8      32 sdc 630703 8 155081492 2151320 3950111 7797437 2017162632 874546176 142 6798332 877314276
======================
   8      32 sdc 630704 8 155081500 2151556 3950613 7797437 2017419656 874689380 152 6799336 877458704
======================
   8      32 sdc 630704 8 155081500 2151556 3950613 7797437 2017419656 874689380 152 6800336 877610704
======================
   8      32 sdc 630707 8 155081524 2153084 3951890 7797437 2018073480 874999200 154 6801340 877757732
======================
   8      32 sdc 630708 8 155081532 2153112 3952538 7797437 2018405256 875142184 146 6802344 877901552
======================
   8      32 sdc 630708 8 155081532 2153112 3952670 7797437 2018472840 875171540 143 6803348 878045148
======================
   8      32 sdc 630709 8 155081540 2154292 3953172 7797437 2018729864 875363052 153 6804352 878193920
======================
   8      32 sdc 630712 8 155081564 2155312 3954443 7797437 2019380616 875580244 129 6805356 878340888
======================
   8      32 sdc 630713 8 155081572 2155348 3955073 7797437 2019703176 875722800 139 6806360 878484756
======================
   8      32 sdc 630714 8 155081580 2155408 3955249 7797437 2019793288 875763052 124 6807364 878614688
======================
   8      32 sdc 630717 8 155081604 2156940 3956277 7797437 2020319624 875990320 151 6808368 878743580
======================
   8      32 sdc 630718 8 155081612 2156972 3956915 7797437 2020646280 876124324 153 6809372 878887416
======================
   8      32 sdc 630719 8 155081620 2156996 3957553 7797437 2020972936 876267376 155 6810372 879029600
======================
   8      32 sdc 630720 8 155081628 2157024 3958069 7797437 2021237128 876407644 151 6811376 879170816
======================
   8      32 sdc 630721 8 155081636 2157052 3958709 7797437 2021564808 876551720 151 6812380 879314732
======================
   8      32 sdc 630721 8 155081636 2157052 3958840 7797437 2021631880 876580572 117 6813384 879437268
======================
   8      32 sdc 630724 8 155081660 2158596 3959947 7797437 2022199176 876799520 129 6814392 879564816
======================
   8      32 sdc 630725 8 155081668 2158628 3960558 7797437 2022511496 876942472 158 6815396 879708564
======================
   8      32 sdc 630726 8 155081676 2158668 3961210 7797437 2022845320 877087376 146 6816400 879852436
======================
   8      32 sdc 630727 8 155081684 2158696 3961874 7797437 2023185288 877231652 155 6817404 879996596
======================
   8      32 sdc 630729 8 155081700 2158748 3962526 7797437 2023519112 877375884 142 6818408 880141056
======================
   8      32 sdc 630730 8 155081708 2158860 3962956 7797437 2023739272 877468856 97 6819412 880266952
======================
   8      32 sdc 630730 8 155081708 2158860 3962956 7797437 2023739272 877468856 97 6820416 880364340
======================
   8      32 sdc 630732 8 155081724 2161128 3963439 7797437 2023986568 877710032 133 6821420 880466068
======================
   8      32 sdc 630735 8 155081748 2161196 3965031 7797437 2024801672 877841544 133 6822424 880609692
======================
   8      32 sdc 630736 8 155081756 2161428 3965532 7797437 2025058184 877966496 144 6823428 880753092
======================
   8      32 sdc 630737 8 155081764 2161460 3966173 7797437 2025386376 878128580 143 6824432 880896780
======================
   8      32 sdc 630738 8 155081772 2161708 3966819 7797437 2025717640 878271848 137 6825436 881040360
======================
   8      32 sdc 630739 8 155081780 2161736 3967450 7797437 2026040200 878418544 146 6826440 881184556
======================
   8      32 sdc 630741 8 155081796 2161816 3968081 7797437 2026363272 878558556 155 6827440 881327752
======================
   8      32 sdc 630741 8 155081796 2161816 3968554 7797437 2026605448 878666352 131 6828444 881468388
======================
   8      32 sdc 630741 8 155081796 2161816 3968554 7797437 2026605448 878666352 131 6829448 881599912
======================
   8      32 sdc 630744 8 155081820 2163352 3969963 7797437 2027326856 878976008 129 6830452 881742176
======================
   8      32 sdc 630746 8 155081836 2163436 3970595 7797437 2027650440 879112212 139 6831456 881886128
======================
   8      32 sdc 630748 8 155081852 2163524 3971231 7797437 2027976072 879258116 144 6832460 882028560
======================
   8      32 sdc 630749 8 155081860 2163560 3971871 7797437 2028303752 879401416 141 6833464 882172128
======================
   8      32 sdc 630750 8 155081868 2163612 3972523 7797437 2028637576 879545524 129 6834468 882315432
======================
   8      32 sdc 630751 8 155081876 2163640 3973147 7797437 2028957064 879689264 146 6835472 882458504
======================
   8      32 sdc 630751 8 155081876 2163640 3973191 7797437 2028979592 879698460 102 6836476 882562564
======================
   8      32 sdc 630753 8 155081892 2165520 3974005 7797437 2029396360 879913568 152 6837480 882671448
======================
   8      32 sdc 630754 8 155081900 2165540 3974676 7797437 2029739912 879988436 153 6838484 882819436
======================
   8      32 sdc 630755 8 155081908 2166892 3974967 7797437 2029888904 880213040 149 6839488 882972392
======================
   8      32 sdc 630757 8 155081924 2166936 3976186 7797437 2030513032 880341524 146 6840492 883116004
======================
   8      32 sdc 630758 8 155081932 2166968 3976736 7797437 2030794632 880475448 141 6841496 883260188
======================
   8      32 sdc 630758 8 155081932 2166968 3976736 7797437 2030794632 880475448 141 6842500 883401752
======================
   8      32 sdc 630761 8 155081956 2168408 3978063 7797437 2031474056 880769200 157 6843504 883544364
======================
   8      32 sdc 630762 8 155081964 2168452 3978272 7797437 2031581064 880815752 141 6844508 883687004
======================
   8      32 sdc 630764 8 155081980 2169916 3979286 7797437 2032100232 881062456 151 6845512 883828856
======================
   8      32 sdc 630764 8 155081980 2169916 3979286 7797437 2032100232 881062456 151 6846516 883980460
======================
   8      32 sdc 630765 8 155081988 2171296 3979797 7797437 2032361864 881281420 152 6847520 884131800
======================
   8      32 sdc 630767 8 155082004 2172444 3980820 7797437 2032885640 881478108 153 6848524 884281232
======================
   8      32 sdc 630767 8 155082004 2172444 3980820 7797437 2032885640 881478108 153 6849528 884434844
======================
   8      32 sdc 630770 8 155082028 2173776 3982331 7797437 2033659272 881797952 145 6850532 884578860
======================
   8      32 sdc 630771 8 155082036 2173804 3982878 7797437 2033939336 881918696 143 6851536 884722648
======================
   8      32 sdc 630771 8 155082036 2173804 3982878 7797437 2033939336 881918696 143 6852540 884866220
======================
   8      32 sdc 630774 8 155082060 2175300 3984240 7797437 2034636680 882226940 156 6853544 885009588
======================
   8      32 sdc 630775 8 155082068 2175332 3984886 7797437 2034967432 882371072 151 6854548 885153556
======================
   8      32 sdc 630777 8 155082084 2175424 3985513 7797437 2035288456 882513432 131 6855552 885297352
======================
   8      32 sdc 630779 8 155082100 2175576 3986107 7797437 2035592584 882653520 145 6856556 885437212
======================
   8      32 sdc 630780 8 155082108 2175620 3986731 7797437 2035912072 882798052 134 6857560 885580288
======================
   8      32 sdc 630781 8 155082116 2175680 3987394 7797437 2036251528 882940628 150 6858564 885723452
======================
   8      32 sdc 630781 8 155082116 2175680 3987507 7797437 2036309384 882965096 90 6859568 885820548
======================
   8      32 sdc 630782 8 155082124 2177156 3987971 7797437 2036546952 883111356 138 6860572 885932572
======================
   8      32 sdc 630785 8 155082148 2178108 3989158 7797437 2037154696 883287316 134 6861576 886072812
======================
   8      32 sdc 630786 8 155082156 2178136 3989805 7797437 2037485960 883433156 159 6862580 886216088
======================
   8      32 sdc 630787 8 155082164 2178184 3990447 7797437 2037814664 883574348 157 6863588 886360348
======================
   8      32 sdc 630789 8 155082180 2178268 3991078 7797437 2038137736 883716076 135 6864592 886503928
======================
   8      32 sdc 630790 8 155082188 2178308 3991719 7797437 2038465928 883861476 133 6865596 886647468
======================
   8      32 sdc 630791 8 155082196 2178336 3992371 7797437 2038799752 884006180 153 6866600 886792148
======================
   8      32 sdc 630792 8 155082204 2178424 3993001 7797437 2039122312 884147968 152 6867604 886934764
======================
   8      32 sdc 630793 8 155082212 2178448 3993631 7797437 2039444872 884291120 110 6868604 887076740
======================
   8      32 sdc 630794 8 155082220 2178596 3993659 7797437 2039459208 884297492 82 6869608 887159772
======================
   8      32 sdc 630797 8 155082244 2180092 3994840 7797437 2040063880 884483596 148 6870612 887271464
======================
   8      32 sdc 630798 8 155082252 2180128 3995491 7797437 2040397704 884627464 137 6871616 887415308
======================
   8      32 sdc 630799 8 155082260 2180164 3996134 7797437 2040726408 884770752 134 6872620 887558916
======================
   8      32 sdc 630800 8 155082268 2180384 3996639 7797437 2040984968 884913432 141 6873624 887701968
======================
   8      32 sdc 630801 8 155082276 2180412 3997182 7797437 2041262984 885037084 143 6874624 887845040
======================
   8      32 sdc 630802 8 155082284 2181196 3997684 7797437 2041520008 885172624 153 6875628 887990992
======================
   8      32 sdc 630802 8 155082284 2181196 3997684 7797437 2041520008 885172624 153 6876632 888144604
======================
   8      32 sdc 630805 8 155082308 2182648 3999123 7797437 2042256776 885499324 153 6877636 888289140
======================
   8      32 sdc 630807 8 155082324 2182712 3999781 7797437 2042593672 885642212 135 6878640 888433096
======================
   8      32 sdc 630808 8 155082332 2182752 4000444 7797437 2042933128 885786956 144 6879644 888577380
======================
   8      32 sdc 630809 8 155082340 2182820 4000974 7797437 2043204488 885903180 132 6880716 888727512
======================
   8      32 sdc 630811 8 155082356 2182992 4001702 7797437 2043577224 886065064 138 6881720 888863600
======================
   8      32 sdc 630812 8 155082364 2183068 4002317 7797437 2043892104 886206268 128 6882724 889006164
======================
   8      32 sdc 630814 8 155082380 2183268 4002953 7797437 2044217736 886346492 135 6883728 889144464
======================
   8      32 sdc 630815 8 155082388 2183344 4003601 7797437 2044549512 886486628 147 6884732 889286936
======================
   8      32 sdc 630816 8 155082396 2183372 4004243 7797437 2044878216 886630088 128 6885736 889429848
======================
   8      32 sdc 630817 8 155082404 2183404 4004866 7797437 2045197192 886767484 139 6886740 889573872
======================
   8      32 sdc 630819 8 155082420 2183564 4005529 7797437 2045536648 886915168 147 6887740 889715900
======================
   8      32 sdc 630819 8 155082420 2183564 4005883 7797437 2045717896 886995212 146 6888744 889860896
======================
   8      32 sdc 630819 8 155082420 2183564 4005883 7797437 2045717896 886995212 146 6889748 890007480
======================
   8      32 sdc 630822 8 155082444 2185808 4007107 7797437 2046345096 887369636 137 6890752 890158024
======================
   8      32 sdc 630824 8 155082460 2185856 4008027 7797437 2046815624 887497916 145 6891756 890301920
======================
   8      32 sdc 630825 8 155082468 2185900 4008672 7797437 2047145864 887646544 140 6892760 890449368
======================
   8      32 sdc 630827 8 155082484 2186024 4009297 7797437 2047465864 887788276 154 6893764 890591132
======================
   8      32 sdc 630827 8 155082484 2186024 4009518 7797437 2047579016 887837360 95 6894768 890701196
======================
   8      32 sdc 630830 8 155082508 2187544 4010559 7797437 2048112008 888013184 141 6895772 890807948
======================
   8      32 sdc 630831 8 155082516 2187568 4011192 7797437 2048436104 888146104 148 6896776 890951660
======================
   8      32 sdc 630832 8 155082524 2187816 4011668 7797437 2048679816 888302108 152 6897776 891094584
======================
   8      32 sdc 630833 8 155082532 2187844 4012326 7797437 2049016712 888434280 134 6898780 891238024
======================
   8      32 sdc 630834 8 155082540 2187872 4012983 7797437 2049353096 888577724 149 6899784 891382080
======================
   8      32 sdc 630836 8 155082556 2187932 4013641 7797437 2049689992 888721432 131 6900788 891526080
======================
   8      32 sdc 630837 8 155082564 2187968 4014262 7797437 2050007944 888863888 150 6901792 891669680
======================
   8      32 sdc 630837 8 155082564 2187968 4014621 7797437 2050191752 888948088 112 6902796 891799836
======================
   8      32 sdc 630837 8 155082564 2187968 4014621 7797437 2050191752 888948088 112 6903800 891912284
======================
   8      32 sdc 630841 8 155082596 2189568 4016138 7797437 2050968456 889248396 130 6904804 892053760
======================
   8      32 sdc 630841 8 155082596 2189568 4016638 7797437 2051224456 889359556 143 6905804 892197092
======================
   8      32 sdc 630841 8 155082596 2189568 4016638 7797437 2051224456 889359556 143 6906808 892340664
======================
   8      32 sdc 630843 8 155082612 2191032 4017144 7797437 2051483528 889590156 149 6907812 892488172
======================
   8      32 sdc 630846 8 155082636 2191776 4018678 7797437 2052268936 889820176 151 6908816 892631244
======================
   8      32 sdc 630848 8 155082652 2191836 4019241 7797437 2052557192 889950092 131 6909820 892773592
======================
   8      32 sdc 630849 8 155082660 2191880 4019806 7797437 2052846472 890106616 142 6910824 892916152
======================
   8      32 sdc 630850 8 155082668 2191932 4020447 7797437 2053174664 890251228 144 6911828 893059832
======================
   8      32 sdc 630851 8 155082676 2191976 4021099 7797437 2053508488 890394616 129 6912832 893203048
======================
   8      32 sdc 630852 8 155082684 2192060 4021732 7797437 2053832584 890546112 156 6913836 893344864
======================
   8      32 sdc 630852 8 155082684 2192060 4021821 7797437 2053878152 890555760 80 6914840 893430192
======================
   8      32 sdc 630855 8 155082708 2193620 4022991 7797437 2054477192 890729104 157 6915844 893539360
======================
   8      32 sdc 630855 8 155082708 2193620 4023287 7797437 2054628744 890793688 150 6916848 893686964
======================
   8      32 sdc 630856 8 155082716 2195104 4023764 7797437 2054872968 891038796 152 6917852 893836768
======================
   8      32 sdc 630860 8 155082748 2195192 4024838 7797437 2055422856 891168020 134 6918852 893980348
======================
   8      32 sdc 630861 8 155082756 2195228 4025502 7797437 2055762824 891312980 142 6919856 894124304
======================
   8      32 sdc 630862 8 155082764 2195280 4026159 7797437 2056099208 891456968 157 6920860 894268404
======================
   8      32 sdc 630863 8 155082772 2195340 4026822 7797437 2056438664 891600424 140 6921864 894412048
======================
   8      32 sdc 630865 8 155082788 2195424 4027431 7797437 2056750472 891741180 133 6922868 894555196
======================
   8      32 sdc 630866 8 155082796 2195452 4028072 7797437 2057078664 891886984 132 6923872 894699120
======================
   8      32 sdc 630866 8 155082796 2195452 4028463 7797437 2057278856 891972660 94 6924872 894820896
======================
   8      32 sdc 630866 8 155082796 2195452 4028463 7797437 2057278856 891972660 94 6925876 894915272
======================
   8      32 sdc 630870 8 155082828 2197068 4029969 7797437 2058049928 892243112 155 6926880 895057520
======================
   8      32 sdc 630871 8 155082836 2197104 4030616 7797437 2058381192 892387568 148 6927884 895201052
======================
   8      32 sdc 630872 8 155082844 2197152 4031255 7797437 2058708360 892530460 149 6928888 895344640
======================
   8      32 sdc 630873 8 155082852 2197228 4031885 7797437 2059030920 892673460 140 6929892 895487748
======================
   8      32 sdc 630873 8 155082852 2197228 4032035 7797437 2059107720 892711432 106 6931344 895650148
======================
   8      32 sdc 630877 8 155082884 2198772 4033129 7797437 2059667848 892909392 131 6932348 895767404
======================
   8      32 sdc 630878 8 155082892 2198804 4033775 7797437 2059998600 893048352 157 6933352 895911172
======================
   8      32 sdc 630879 8 155082900 2198836 4034422 7797437 2060329864 893188744 245 6934356 896065560
======================
   8      32 sdc 630880 8 155082908 2199008 4035056 7797437 2060654472 893373208 133 6935360 896237200
======================
   8      32 sdc 630882 8 155082924 2199152 4035690 7797437 2060979080 893515020 129 6936364 896377856
======================
   8      32 sdc 630883 8 155082932 2199368 4036336 7797878 2061309328 893640100 135 6937364 896502200
======================
   8      32 sdc 630884 8 155082940 2199492 4036948 7797878 2061622168 893778844 142 6938368 896643212
======================
   8      32 sdc 630885 8 155082948 2199568 4037560 7797878 2061935512 893924296 149 6939372 896785012
======================
   8      32 sdc 630887 8 155082964 2199708 4038219 7797878 2062272920 894061660 152 6940376 896926288
======================
   8      32 sdc 630888 8 155082972 2199780 4038877 7797878 2062609816 894204148 145 6941380 897068516
======================
   8      32 sdc 630889 8 155082980 2199848 4039536 7797878 2062947224 894345332 137 6942384 897209908
======================
   8      32 sdc 630891 8 155082996 2200148 4040134 7797889 2063251976 894459744 153 6943388 897324972
======================
   8      32 sdc 630891 8 155082996 2200148 4040344 7797889 2063359496 894509060 1 6944392 897358416
======================
   8      32 sdc 630891 8 155082996 2200148 4040344 7797889 2063359496 894509060 1 6945396 897359420
======================
   8      32 sdc 630895 8 155083028 2202740 4042006 7797889 2064210440 894547412 139 6946400 897414788
======================
   8      32 sdc 630896 8 155083036 2202808 4042646 7797889 2064538120 894690188 150 6947404 897557400
======================
   8      32 sdc 630896 8 155083036 2202808 4042904 7797889 2064670216 894747316 1 6948404 897599244
======================
   8      32 sdc 630898 8 155083052 2203932 4043800 7797899 2065129056 894830016 130 6949408 897698268
======================
   8      32 sdc 630899 8 155083060 2204000 4044425 7797899 2065448544 894971116 17 6950412 897827228
======================
   8      32 sdc 630899 8 155083060 2204000 4044442 7797899 2065456744 894974964 1 6951416 897828448
======================
   8      32 sdc 630902 8 155083084 2205776 4045655 7797899 2066077800 895021880 129 6952420 897891816
======================
   8      32 sdc 630903 8 155083092 2205996 4046296 7797899 2066405992 895146276 142 6953424 898016800
======================
   8      32 sdc 630905 8 155083108 2206184 4046944 7797910 2066736848 895271844 137 6954428 898140472
======================
   8      32 sdc 630907 8 155083124 2206440 4047566 7797910 2067055312 895399556 154 6955436 898265020
======================
   8      32 sdc 630908 8 155083132 2206560 4048202 7797910 2067380944 895532136 137 6956440 898404180
======================
   8      32 sdc 630909 8 155083140 2206628 4048846 7797910 2067710672 895673676 144 6957444 898545768
======================
   8      32 sdc 630911 8 155083156 2206772 4049489 7797910 2068039888 895814968 131 6958444 898686696
======================
   8      32 sdc 630912 8 155083164 2207008 4050097 7797920 2068350256 895936616 154 6959448 898800384
======================
   8      32 sdc 630913 8 155083172 2207064 4050761 7797920 2068690224 896070272 143 6960452 898942164
======================
   8      32 sdc 630913 8 155083172 2207064 4051102 7797920 2068864816 896144484 1 6961456 899001536
======================
   8      32 sdc 630915 8 155083188 2208672 4052060 7797920 2069355312 896151032 67 6962456 899011104
======================
   8      32 sdc 630917 8 155083204 2208780 4052673 7797920 2069669168 896279120 137 6963460 899154016
======================
   8      32 sdc 630918 8 155083212 2208828 4053279 7797930 2069978512 896401980 155 6964460 899276940
======================
   8      32 sdc 630919 8 155083220 2208896 4053921 7797930 2070307216 896544236 132 6965464 899418196
======================
   8      32 sdc 630920 8 155083228 2208964 4054573 7797930 2070641040 896686908 116 6966464 899559808
======================
   8      32 sdc 630921 8 155083236 2209036 4055200 7797930 2070962064 896825416 1 6967468 899683968
======================
   8      32 sdc 630922 8 155083244 2209272 4055200 7797930 2070962064 896825416 1 6968472 899684972
======================
   8      32 sdc 630923 8 155083252 2210692 4055797 7798858 2071232296 896830744 0 6968968 899690728
======================
   8      32 sdc 630923 8 155083252 2210692 4055797 7798858 2071232296 896830744 0 6968968 899690728
======================
   8      32 sdc 630923 8 155083252 2210692 4055797 7798858 2071232296 896830744 0 6968968 899690728
======================
   8      32 sdc 630923 8 155083252 2210692 4055797 7798858 2071232296 896830744 0 6968968 899690728
======================
   8      32 sdc 630923 8 155083252 2210692 4055797 7798858 2071232296 896830744 0 6968968 899690728
======================
   8      32 sdc 630923 8 155083252 2210692 4055797 7798858 2071232296 896830744 0 6968968 899690728
======================
   8      32 sdc 631158 8 155085126 2230256 4055822 7798858 2071232392 896830744 1 6969860 899710356
======================
   8      32 sdc 631161 8 155085150 2231296 4055823 7798858 2071232400 896830744 0 6970836 899711332
started
======================
   8      32 sdc 631168 8 155085206 2231516 4055824 7798858 2071232400 896830744 0 6970936 899711552
======================
   8      32 sdc 631256 8 155090558 2232112 4055824 7798858 2071232400 896830744 0 6971532 899712148
======================
   8      32 sdc 631401 8 155099838 2233072 4055824 7798858 2071232400 896830744 1 6972496 899713112
======================
   8      32 sdc 631537 8 155108542 2234052 4055824 7798858 2071232400 896830744 0 6973472 899714088
======================
   8      32 sdc 631677 8 155117502 2235032 4055824 7798858 2071232400 896830744 1 6974456 899715072
======================
   8      32 sdc 631827 8 155127102 2236012 4055824 7798858 2071232400 896830744 1 6975432 899716048
======================
   8      32 sdc 631965 8 155135934 2236980 4055827 7798859 2071232432 896830744 1 6976400 899717016
======================
   8      32 sdc 632102 8 155144702 2237940 4055827 7798859 2071232432 896830744 1 6977364 899717980
======================
   8      32 sdc 632243 8 155153726 2238892 4055827 7798859 2071232432 896830744 1 6978316 899718932
======================
   8      32 sdc 632383 8 155162686 2239844 4055827 7798859 2071232432 896830744 1 6979272 899719888
======================
   8      32 sdc 632528 8 155171966 2240812 4055827 7798859 2071232432 896830744 1 6980240 899720856
======================
   8      32 sdc 632663 8 155180606 2241808 4055827 7798859 2071232432 896830744 1 6981232 899721848
======================
   8      32 sdc 632806 8 155189758 2242772 4055827 7798859 2071232432 896830744 1 6982192 899722808
======================
   8      32 sdc 632953 8 155199166 2243764 4055827 7798859 2071232432 896830744 1 6983184 899723800
======================
   8      32 sdc 633098 8 155208446 2244736 4055827 7798859 2071232432 896830744 1 6984160 899724776
======================
   8      32 sdc 633247 8 155217982 2245704 4055827 7798859 2071232432 896830744 0 6985124 899725740
======================
   8      32 sdc 633387 8 155226942 2246692 4055827 7798859 2071232432 896830744 1 6986112 899726728
======================
   8      32 sdc 633529 8 155236030 2247672 4055827 7798859 2071232432 896830744 1 6987100 899727716
======================
   8      32 sdc 633675 8 155245374 2248644 4055827 7798859 2071232432 896830744 1 6988072 899728688
======================
   8      32 sdc 633818 8 155254526 2249628 4055827 7798859 2071232432 896830744 1 6989052 899729668
======================
   8      32 sdc 633971 8 155264318 2250608 4055827 7798859 2071232432 896830744 1 6990032 899730648
======================
   8      32 sdc 634123 8 155274174 2251568 4055827 7798859 2071232432 896830744 1 6990992 899731608
======================
   8      32 sdc 634261 8 155283006 2252564 4055827 7798859 2071232432 896830744 1 6991984 899732600
======================
   8      32 sdc 634409 8 155292478 2253536 4055827 7798859 2071232432 896830744 1 6992956 899733572
======================
   8      32 sdc 634550 8 155301502 2254496 4055827 7798859 2071232432 896830744 1 6993920 899734536
======================
   8      32 sdc 634691 8 155310526 2255492 4055827 7798859 2071232432 896830744 1 6994924 899735540
======================
   8      32 sdc 634832 8 155319550 2256476 4055827 7798859 2071232432 896830744 1 6995908 899736524
======================
   8      32 sdc 634982 8 155329150 2257444 4055827 7798859 2071232432 896830744 1 6996876 899737492
======================
   8      32 sdc 635123 8 155338174 2258424 4055827 7798859 2071232432 896830744 1 6997860 899738476
======================
   8      32 sdc 635264 8 155347198 2259392 4055827 7798859 2071232432 896830744 1 6998824 899739440
======================
   8      32 sdc 635406 8 155356286 2260376 4055827 7798859 2071232432 896830744 1 6999812 899740428
======================
   8      32 sdc 635545 8 155365182 2261380 4055827 7798859 2071232432 896830744 1 7000816 899741432
======================
   8      32 sdc 635692 8 155374590 2262360 4055827 7798859 2071232432 896830744 1 7001788 899742404
======================
   8      32 sdc 635836 8 155383806 2263344 4055827 7798859 2071232432 896830744 1 7002776 899743392
======================
   8      32 sdc 635980 8 155393022 2264320 4055827 7798859 2071232432 896830744 1 7003748 899744364
======================
   8      32 sdc 636128 8 155402494 2265300 4055827 7798859 2071232432 896830744 1 7004728 899745344
======================
   8      32 sdc 636270 8 155411582 2266276 4055827 7798859 2071232432 896830744 1 7005712 899746328
======================
   8      32 sdc 636416 8 155420926 2267264 4055828 7798859 2071232440 896830820 1 7006700 899747384
======================
   8      32 sdc 636563 8 155430334 2268244 4055828 7798859 2071232440 896830820 1 7007684 899748368
======================
   8      32 sdc 636717 8 155440190 2269240 4055828 7798859 2071232440 896830820 1 7008680 899749364
======================
   8      32 sdc 636861 8 155449406 2270204 4055828 7798859 2071232440 896830820 1 7009640 899750324
======================
   8      32 sdc 637001 8 155458366 2271180 4055828 7798859 2071232440 896830820 1 7010620 899751304
======================
   8      32 sdc 637144 8 155467518 2272160 4055828 7798859 2071232440 896830820 1 7011600 899752284
======================
   8      32 sdc 637288 8 155476734 2273136 4055828 7798859 2071232440 896830820 1 7012584 899753268
======================
   8      32 sdc 637432 8 155485950 2274128 4055828 7798859 2071232440 896830820 1 7013564 899754248
======================
   8      32 sdc 637571 8 155494846 2275080 4055828 7798859 2071232440 896830820 1 7014524 899755208
======================
   8      32 sdc 637713 8 155503934 2276068 4055828 7798859 2071232440 896830820 1 7015504 899756188
======================
   8      32 sdc 637864 8 155513598 2277064 4055828 7798859 2071232440 896830820 1 7016500 899757184
======================
   8      32 sdc 638004 8 155522558 2278032 4055828 7798859 2071232440 896830820 1 7017472 899758156
======================
   8      32 sdc 638148 8 155531774 2278984 4055828 7798859 2071232440 896830820 1 7018428 899759112
======================
   8      32 sdc 638296 8 155541246 2279960 4055828 7798859 2071232440 896830820 1 7019400 899760084
======================
   8      32 sdc 638437 8 155550270 2280920 4055828 7798859 2071232440 896830820 1 7020360 899761044
======================
   8      32 sdc 638579 8 155559358 2281896 4055828 7798859 2071232440 896830820 1 7021336 899762020
======================
   8      32 sdc 638721 8 155568446 2282864 4055828 7798859 2071232440 896830820 1 7022304 899762988
======================
   8      32 sdc 638862 8 155577470 2283844 4055828 7798859 2071232440 896830820 1 7023280 899763964
======================
   8      32 sdc 639018 8 155587454 2284808 4055828 7798859 2071232440 896830820 1 7024248 899764932
======================
   8      32 sdc 639155 8 155596222 2285784 4055828 7798859 2071232440 896830820 1 7025220 899765904
======================
   8      32 sdc 639299 8 155605438 2286752 4055828 7798859 2071232440 896830820 1 7026196 899766880
======================
   8      32 sdc 639440 8 155614462 2287748 4055828 7798859 2071232440 896830820 1 7027188 899767872
======================
   8      32 sdc 639586 8 155623806 2288724 4055828 7798859 2071232440 896830820 1 7028164 899768848
======================
   8      32 sdc 639731 8 155633086 2289688 4055828 7798859 2071232440 896830820 1 7029128 899769812
======================
   8      32 sdc 639865 8 155641662 2290688 4055828 7798859 2071232440 896830820 1 7030128 899770812
======================
   8      32 sdc 639888 8 155643134 2290876 4055828 7798859 2071232440 896830820 0 7030312 899770996
