======================
   8      32 sdc 239946 149 60484842 504852 1465502 45465589 747037344 427446344 0 2918652 428014896
======================
   8      32 sdc 239947 149 60484850 504876 1465502 45465589 747037344 427446344 0 2918676 428014920
======================
   8      32 sdc 239949 149 60484866 504900 1465502 45465589 747037344 427446344 0 2918700 428014944
======================
   8      32 sdc 239949 149 60484866 504900 1465502 45465589 747037344 427446344 0 2918700 428014944
======================
   8      32 sdc 239950 149 60484874 504908 1468341 45465589 748490912 427486080 139 2919276 428066300
======================
   8      32 sdc 239950 149 60484874 504908 1469023 45465589 748840096 427621236 129 2920280 428209580
======================
   8      32 sdc 239950 149 60484874 504908 1469538 45465589 749103776 427749904 140 2921284 428352252
======================
   8      32 sdc 239950 149 60484874 504908 1470039 45465611 749359456 427894272 147 2922288 428496372
======================
   8      32 sdc 239950 149 60484874 504908 1470663 45465611 749678944 428048732 131 2923292 428638048
======================
   8      32 sdc 239950 149 60484874 504908 1471030 45465611 749866848 428098696 148 2924296 428785424
======================
   8      32 sdc 239950 149 60484874 504908 1471031 45465611 749867360 428100544 147 2925296 428933424
======================
   8      32 sdc 239950 149 60484874 504908 1472344 45465611 750539616 428501196 146 2926300 429076608
======================
   8      32 sdc 239951 149 60484882 505016 1473261 45465611 751009120 428585000 145 2927304 429213776
======================
   8      32 sdc 239951 149 60484882 505016 1474050 45465611 751413088 428781400 156 2928304 429357032
======================
   8      32 sdc 239951 149 60484882 505016 1474849 45465611 751822176 428916560 157 2929316 429501848
======================
   8      32 sdc 239951 149 60484882 505016 1475486 45465611 752148320 429059660 128 2930320 429645448
======================
   8      32 sdc 239951 149 60484882 505016 1476136 45465611 752481120 429202920 150 2931324 429788844
======================
   8      32 sdc 239951 149 60484882 505016 1476777 45465611 752809312 429345992 149 2932328 429932164
======================
   8      32 sdc 239951 149 60484882 505016 1477388 45465611 753122144 429491080 146 2933328 430073848
======================
   8      32 sdc 239951 149 60484882 505016 1478107 45465611 753490272 429632708 131 2934332 430217608
======================
   8      32 sdc 239951 149 60484882 505016 1478749 45465611 753818976 429774872 129 2935340 430361664
======================
   8      32 sdc 239951 149 60484882 505016 1479366 45465611 754134880 429921480 152 2936344 430506360
======================
   8      32 sdc 239951 149 60484882 505016 1480019 45465611 754469216 430064736 139 2937344 430649804
======================
   8      32 sdc 239952 149 60484890 505244 1480683 45465636 754807872 430198100 151 2938348 430769080
======================
   8      32 sdc 239952 149 60484890 505244 1481366 45465666 755153272 430326848 140 2939352 430912180
======================
   8      32 sdc 239952 149 60484890 505244 1482014 45465666 755485048 430468044 132 2940356 431054260
======================
   8      32 sdc 239952 149 60484890 505244 1482640 45465666 755805560 430614068 146 2941360 431199072
======================
   8      32 sdc 239952 149 60484890 505244 1483285 45465666 756135800 430757708 141 2942368 431343792
======================
   8      32 sdc 239952 149 60484890 505244 1483938 45465676 756470136 430900604 107 2943372 431486060
======================
   8      32 sdc 239952 149 60484890 505244 1484582 45465676 756799440 431041976 144 2944376 431628916
======================
   8      32 sdc 239952 149 60484890 505244 1485241 45465676 757136848 431185720 157 2945380 431772540
======================
   8      32 sdc 239952 149 60484890 505244 1485905 45465676 757476816 431329400 133 2946384 431916472
======================
   8      32 sdc 239952 149 60484890 505244 1486546 45465676 757805008 431473372 132 2947388 432059148
======================
   8      32 sdc 239952 149 60484890 505244 1487189 45465676 758134224 431615192 129 2948392 432202260
======================
   8      32 sdc 239952 149 60484890 505244 1487831 45465676 758462928 431758144 132 2949396 432345352
======================
   8      32 sdc 239953 149 60484898 505468 1488460 45465676 758784976 431886204 131 2950400 432473672
======================
   8      32 sdc 239953 149 60484898 505468 1488607 45465676 758860240 431917816 144 2951404 432618088
======================
   8      32 sdc 239953 149 60484898 505468 1489770 45465676 759455696 432173976 133 2952408 432761692
======================
   8      32 sdc 239953 149 60484898 505468 1490412 45465676 759784400 432317724 131 2953412 432905392
======================
   8      32 sdc 239953 149 60484898 505468 1491070 45465676 760121296 432461940 145 2954416 433048860
======================
   8      32 sdc 239953 149 60484898 505468 1491691 45465676 760439248 432603612 132 2955416 433191984
======================
   8      32 sdc 239953 149 60484898 505468 1492326 45465676 760764368 432749000 137 2956420 433335552
======================
   8      32 sdc 239953 149 60484898 505468 1493002 45465676 761110480 432892796 133 2957424 433479220
======================
   8      32 sdc 239953 149 60484898 505468 1493678 45465676 761456592 433037948 129 2958428 433624432
======================
   8      32 sdc 239953 149 60484898 505468 1494349 45465676 761800144 433181660 130 2959432 433767968
======================
   8      32 sdc 239953 149 60484898 505468 1494980 45465676 762123216 433316104 143 2960436 433905024
======================
   8      32 sdc 239953 149 60484898 505468 1495607 45465676 762444240 433462240 156 2961440 434047188
======================
   8      32 sdc 239954 149 60484906 505684 1496259 45465676 762778064 433591304 143 2962444 434178160
======================
   8      32 sdc 239954 149 60484906 505684 1496929 45465676 763121104 433734088 145 2963448 434321772
======================
   8      32 sdc 239954 149 60484906 505684 1497571 45465676 763449808 433877740 143 2964452 434465504
======================
   8      32 sdc 239954 149 60484906 505684 1498217 45465676 763780560 434021072 137 2965456 434609184
======================
   8      32 sdc 239954 149 60484906 505684 1498833 45465676 764095952 434169376 129 2966460 434754592
======================
   8      32 sdc 239954 149 60484906 505684 1499498 45465676 764436432 434310356 136 2967460 434897976
======================
   8      32 sdc 239954 149 60484906 505684 1500140 45465676 764765136 434454080 134 2968464 435041656
======================
   8      32 sdc 239954 149 60484906 505684 1500782 45465676 765093840 434597716 132 2969468 435185284
======================
   8      32 sdc 239954 149 60484906 505684 1501438 45465676 765429712 434740992 148 2970472 435329144
======================
   8      32 sdc 239954 149 60484906 505684 1502057 45465676 765746640 434887052 137 2971476 435472972
======================
   8      32 sdc 239954 149 60484906 505684 1502747 45465676 766099920 435028340 151 2972480 435616424
======================
   8      32 sdc 239954 149 60484906 505684 1503396 45465676 766432208 435172496 142 2973480 435759380
======================
   8      32 sdc 239954 149 60484906 505684 1503624 45465676 766548944 435233756 38 2974484 435833640
======================
   8      32 sdc 239955 149 60484914 507172 1504683 45465676 767091152 435313968 153 2975488 435896624
======================
   8      32 sdc 239955 149 60484914 507172 1505314 45465676 767414224 435451384 130 2976492 436040112
======================
   8      32 sdc 239955 149 60484914 507172 1505990 45465676 767760336 435595256 158 2977496 436183392
======================
   8      32 sdc 239955 149 60484914 507172 1506655 45465676 768100816 435738500 133 2978500 436326976
======================
   8      32 sdc 239955 149 60484914 507172 1507292 45465676 768426960 435883544 136 2979504 436470876
======================
   8      32 sdc 239955 149 60484914 507172 1507926 45465676 768751568 436023292 142 2980504 436613232
======================
   8      32 sdc 239955 149 60484914 507172 1508587 45465676 769090000 436168560 153 2981508 436756700
======================
   8      32 sdc 239955 149 60484914 507172 1509262 45465676 769435600 436312472 150 2982512 436899780
======================
   8      32 sdc 239955 149 60484914 507172 1509906 45465676 769765328 436453956 146 2983516 437043208
======================
   8      32 sdc 239955 149 60484914 507172 1510548 45465676 770094032 436597716 144 2984520 437186588
======================
   8      32 sdc 239955 149 60484914 507172 1511210 45465676 770432976 436740640 100 2985524 437328148
======================
   8      32 sdc 239956 149 60484922 507372 1511839 45465676 770755024 436869504 151 2986524 437458924
======================
   8      32 sdc 239956 149 60484922 507372 1512482 45465676 771084240 437013296 148 2987528 437601504
======================
   8      32 sdc 239956 149 60484922 507372 1513125 45465676 771413456 437156124 145 2988536 437745372
======================
   8      32 sdc 239956 149 60484922 507372 1513769 45465676 771743184 437299824 141 2989540 437889192
======================
   8      32 sdc 239956 149 60484922 507372 1514413 45465676 772072912 437440604 137 2990544 438030760
======================
   8      32 sdc 239956 149 60484922 507372 1515059 45465676 772403664 437584836 131 2991548 438174360
======================
   8      32 sdc 239956 149 60484922 507372 1515696 45465676 772729808 437729324 134 2992548 438316808
======================
   8      32 sdc 239956 149 60484922 507372 1516387 45465676 773083600 437872300 147 2993556 438461068
======================
   8      32 sdc 239956 149 60484922 507372 1517034 45465676 773414864 438014508 140 2994556 438604212
======================
   8      32 sdc 239956 149 60484922 507372 1517654 45465676 773732304 438157460 128 2995560 438747812
======================
   8      32 sdc 239956 149 60484922 507372 1518319 45465676 774072784 438303028 135 2996564 438891284
======================
   8      32 sdc 239957 149 60484930 507592 1518972 45465676 774407120 438442320 154 2997568 439021240
======================
   8      32 sdc 239957 149 60484930 507592 1519643 45465676 774750672 438576236 155 2998572 439163680
======================
   8      32 sdc 239957 149 60484930 507592 1520307 45465676 775090640 438717172 131 2999576 439307188
======================
   8      32 sdc 239957 149 60484930 507592 1520928 45465676 775408592 438859948 150 3000580 439451084
======================
   8      32 sdc 239957 149 60484930 507592 1521567 45465676 775735760 439004724 151 3001580 439596452
======================
   8      32 sdc 239957 149 60484930 507592 1522220 45465676 776070096 439147264 138 3002584 439740180
======================
   8      32 sdc 239957 149 60484930 507592 1522863 45465676 776399312 439291080 135 3003592 439884448
======================
   8      32 sdc 239957 149 60484930 507592 1523522 45465676 776736720 439434604 148 3004592 440026752
======================
   8      32 sdc 239957 149 60484930 507592 1524181 45465676 777074128 439577160 129 3005596 440170112
======================
   8      32 sdc 239957 149 60484930 507592 1524829 45465676 777405904 439720900 153 3006600 440313776
======================
   8      32 sdc 239957 149 60484930 507592 1525471 45465676 777734608 439864424 151 3007604 440457416
======================
   8      32 sdc 239957 149 60484930 507592 1526113 45465676 778063312 440007936 149 3008608 440601004
======================
   8      32 sdc 239958 149 60484938 507792 1526732 45465676 778380240 440136640 148 3009608 440726688
======================
   8      32 sdc 239958 149 60484938 507792 1527400 45465676 778722256 440276268 152 3010612 440869444
======================
   8      32 sdc 239958 149 60484938 507792 1528040 45465676 779049936 440420180 152 3011616 441013408
======================
   8      32 sdc 239958 149 60484938 507792 1528682 45465676 779378640 440563652 150 3012620 441156972
======================
   8      32 sdc 239958 149 60484938 507792 1529343 45465676 779717072 440708100 129 3013620 441299928
======================
   8      32 sdc 239958 149 60484938 507792 1529977 45465676 780041680 440850152 135 3014624 441443628
======================
   8      32 sdc 239958 149 60484938 507792 1530562 45465676 780341200 440994720 158 3015628 441585480
======================
   8      32 sdc 239958 149 60484938 507792 1531268 45465676 780702672 441136912 156 3016632 441729204
======================
   8      32 sdc 239958 149 60484938 507792 1531939 45465676 781046224 441280568 157 3017636 441872820
======================
   8      32 sdc 239958 149 60484938 507792 1532615 45465676 781392336 441423920 153 3018640 442016480
======================
   8      32 sdc 239958 149 60484938 507792 1533260 45465676 781722576 441565988 148 3019640 442158316
======================
   8      32 sdc 239958 149 60484938 507792 1533882 45465676 782041040 441708088 134 3020644 442302092
======================
   8      32 sdc 239959 149 60484946 508012 1534524 45465676 782369744 441837052 132 3021648 442429420
======================
   8      32 sdc 239959 149 60484946 508012 1535200 45465676 782715856 441980596 128 3022652 442572872
======================
   8      32 sdc 239959 149 60484946 508012 1535842 45465676 783044560 442122904 158 3023656 442716248
======================
   8      32 sdc 239959 149 60484946 508012 1536479 45465676 783370704 442268116 129 3024656 442858584
======================
   8      32 sdc 239959 149 60484946 508012 1537132 45465676 783705040 442408544 148 3025660 443002576
======================
   8      32 sdc 239959 149 60484946 508012 1537775 45465676 784034256 442552360 145 3026664 443146260
======================
   8      32 sdc 239959 149 60484946 508012 1538417 45465676 784362960 442695844 143 3027668 443289804
======================
   8      32 sdc 239959 149 60484946 508012 1539058 45465676 784691152 442839200 142 3028672 443433504
======================
   8      32 sdc 239959 149 60484946 508012 1539679 45465676 785009104 442986788 129 3029676 443577656
======================
   8      32 sdc 239959 149 60484946 508012 1540377 45465676 785366480 443127460 135 3030680 443721112
======================
   8      32 sdc 239959 149 60484946 508012 1541024 45465676 785697744 443270676 128 3031680 443864224
======================
   8      32 sdc 239959 149 60484946 508012 1541661 45465676 786023888 443414756 131 3032684 444006764
======================
   8      32 sdc 239960 149 60484954 508196 1542320 45465676 786361296 443543028 152 3033688 444135800
======================
   8      32 sdc 239960 149 60484954 508196 1542983 45465676 786700752 443685112 129 3034692 444279320
======================
   8      32 sdc 239960 149 60484954 508196 1543606 45465676 787019728 443828216 146 3035696 444422992
======================
   8      32 sdc 239960 149 60484954 508196 1544252 45465676 787350480 443973108 140 3036700 444566568
======================
   8      32 sdc 239960 149 60484954 508196 1544910 45465676 787687376 444116768 154 3037700 444709612
======================
   8      32 sdc 239960 149 60484954 508196 1545555 45465676 788017616 444259712 149 3038704 444850920
======================
   8      32 sdc 239960 149 60484954 508196 1546215 45465676 788355536 444400404 129 3039708 444994624
======================
   8      32 sdc 239960 149 60484954 508196 1546838 45465676 788674512 444543644 146 3040712 445138352
======================
   8      32 sdc 239960 149 60484954 508196 1547513 45465676 789020112 444688800 143 3041716 445282124
======================
   8      32 sdc 239960 149 60484954 508196 1548181 45465676 789362128 444830252 147 3042720 445423696
======================
   8      32 sdc 239960 149 60484954 508196 1548823 45465676 789690832 444973332 145 3043724 445567464
======================
   8      32 sdc 239960 149 60484954 508196 1549475 45465676 790024656 445117404 133 3044728 445710872
======================
   8      32 sdc 239961 149 60484962 509088 1549696 45465676 790137808 445173120 109 3045732 445752260
======================
   8      32 sdc 239961 149 60484962 509088 1550758 45465676 790681552 445300500 157 3046736 445895264
======================
   8      32 sdc 239961 149 60484962 509088 1551396 45465676 791008208 445454316 135 3047740 446046612
======================
   8      32 sdc 239961 149 60484962 509088 1552042 45465676 791338960 445595128 129 3048744 446189864
======================
   8      32 sdc 239961 149 60484962 509088 1552692 45465676 791671760 445739384 151 3049748 446333696
======================
   8      32 sdc 239961 149 60484962 509088 1553352 45465676 792009680 445881960 131 3050752 446477380
======================
   8      32 sdc 239961 149 60484962 509088 1553996 45465676 792339408 446025360 159 3051752 446619908
======================
   8      32 sdc 239961 149 60484962 509088 1554615 45465676 792656336 446173568 148 3052756 446765916
======================
   8      32 sdc 239961 149 60484962 509088 1555318 45465676 793016272 446315460 149 3053760 446909436
======================
   8      32 sdc 239961 149 60484962 509088 1555962 45465676 793346000 446457996 145 3054764 447053252
======================
   8      32 sdc 239961 149 60484962 509088 1556581 45465676 793662928 446600532 134 3055768 447196824
======================
   8      32 sdc 239961 149 60484962 509088 1557245 45465676 794002896 446746104 113 3056772 447339556
======================
   8      32 sdc 239962 149 60484970 509552 1557899 45465676 794337744 446869804 140 3057776 447462972
======================
   8      32 sdc 239962 149 60484970 509552 1558575 45465676 794683856 447011488 136 3058780 447606648
======================
   8      32 sdc 239962 149 60484970 509552 1559236 45465676 795022288 447155252 147 3059784 447751168
======================
   8      32 sdc 239962 149 60484970 509552 1559848 45465676 795335632 447296416 143 3060788 447895296
======================
   8      32 sdc 239962 149 60484970 509552 1560529 45465676 795684304 447443732 134 3061792 448038800
======================
   8      32 sdc 239962 149 60484970 509552 1561187 45465676 796021200 447586492 148 3062796 448182584
======================
   8      32 sdc 239962 149 60484970 509552 1561830 45465676 796350416 447730304 145 3063800 448326232
======================
   8      32 sdc 239962 149 60484970 509552 1562490 45465676 796688336 447874760 157 3064804 448469608
======================
   8      32 sdc 239962 149 60484970 509552 1563132 45465676 797017040 448020560 156 3065808 448613912
======================
   8      32 sdc 239962 149 60484970 509552 1563796 45465676 797357008 448160724 132 3066812 448756620
======================
   8      32 sdc 239962 149 60484970 509552 1564438 45465676 797685712 448304448 130 3067816 448900428
======================
   8      32 sdc 239963 149 60484978 509776 1565060 45465676 798004176 448440968 145 3068820 449030040
======================
   8      32 sdc 239963 149 60484978 509776 1565711 45465676 798337488 448578400 134 3069824 449173692
======================
   8      32 sdc 239963 149 60484978 509776 1566368 45465676 798673872 448720320 149 3070832 449318148
======================
   8      32 sdc 239963 149 60484978 509776 1567032 45465676 799013840 448866528 157 3071840 449462456
======================
   8      32 sdc 239963 149 60484978 509776 1567672 45465676 799341520 449009892 145 3072844 449604336
======================
   8      32 sdc 239963 149 60484978 509776 1568348 45465676 799687632 449151292 141 3073848 449746488
======================
   8      32 sdc 239963 149 60484978 509776 1568980 45465676 800011216 449293540 149 3074852 449890252
======================
   8      32 sdc 239963 149 60484978 509776 1569604 45465676 800330704 449437368 133 3075856 450033908
======================
   8      32 sdc 239963 149 60484978 509776 1570280 45465676 800676816 449582252 129 3076860 450177420
======================
   8      32 sdc 239963 149 60484978 509776 1570956 45465676 801022928 449725624 157 3077864 450321088
======================
   8      32 sdc 239963 149 60484978 509776 1571601 45465676 801353168 449872536 152 3078864 450464388
======================
   8      32 sdc 239963 149 60484978 509776 1572271 45465676 801696208 450010492 154 3079868 450607452
======================
   8      32 sdc 239964 149 60484986 509992 1572869 45465676 802002384 450135328 134 3080872 450733800
======================
   8      32 sdc 239964 149 60484986 509992 1573538 45465676 802344912 450282464 137 3081880 450878064
======================
   8      32 sdc 239964 149 60484986 509992 1574214 45465676 802691024 450429680 133 3082912 451025572
======================
   8      32 sdc 239964 149 60484986 509992 1574864 45465676 803023824 450574460 155 3083932 451171312
======================
   8      32 sdc 239964 149 60484986 509992 1575497 45465676 803347920 450719444 130 3084936 451317996
======================
   8      32 sdc 239964 149 60484986 509992 1576167 45465676 803690960 450859940 132 3085940 451461452
======================
   8      32 sdc 239964 149 60484986 509992 1576809 45465676 804019664 451003396 130 3086944 451604972
======================
   8      32 sdc 239964 149 60484986 509992 1577451 45465676 804348368 451146804 128 3087948 451748296
======================
   8      32 sdc 239964 149 60484986 509992 1578093 45465676 804677072 451287880 158 3088952 451889008
======================
   8      32 sdc 239964 149 60484986 509992 1578751 45465676 805013968 451431216 141 3089956 452032512
======================
   8      32 sdc 239964 149 60484986 509992 1579415 45465676 805353936 451574480 148 3090960 452176068
======================
   8      32 sdc 239964 149 60484986 509992 1580058 45465676 805683152 451717472 145 3091964 452319756
======================
   8      32 sdc 239965 149 60484994 510220 1580681 45465676 806002128 451841628 130 3092964 452443036
======================
   8      32 sdc 239965 149 60484994 510220 1581336 45465676 806337488 451987584 147 3093972 452587008
======================
   8      32 sdc 239965 149 60484994 510220 1582012 45465676 806684112 452126228 143 3094976 452730024
======================
   8      32 sdc 239965 149 60484994 510220 1582637 45465676 807003600 452270212 158 3095980 452873512
======================
   8      32 sdc 239965 149 60484994 510220 1583281 45465676 807333328 452415084 154 3096984 453017424
======================
   8      32 sdc 239965 149 60484994 510220 1583942 45465676 807671760 452557408 133 3097984 453160660
======================
   8      32 sdc 239965 149 60484994 510220 1584619 45465676 808018384 452702440 128 3098992 453304348
======================
   8      32 sdc 239965 149 60484994 510220 1585231 45465676 808331728 452846496 156 3099992 453447148
======================
   8      32 sdc 239965 149 60484994 510220 1585874 45465676 808660944 452988400 153 3100996 453590700
======================
   8      32 sdc 239965 149 60484994 510220 1586550 45465676 809007056 453131604 149 3102000 453733620
======================
   8      32 sdc 239965 149 60484994 510220 1587212 45465676 809346000 453273860 159 3103004 453876744
======================
   8      32 sdc 239965 149 60484994 510220 1587848 45465676 809671632 453416932 131 3104004 454019368
======================
   8      32 sdc 239966 149 60485002 510416 1588481 45465676 809995728 453542228 147 3105008 454144788
======================
   8      32 sdc 239966 149 60485002 510416 1589111 45465676 810318288 453680480 157 3106012 454289172
======================
   8      32 sdc 239966 149 60485002 510416 1589786 45465676 810663888 453827480 154 3107012 454430300
======================
   8      32 sdc 239966 149 60485002 510416 1590428 45465676 810992592 453969420 152 3108016 454572004
======================
   8      32 sdc 239966 149 60485002 510416 1591053 45465676 811312592 454111920 135 3109020 454715064
======================
   8      32 sdc 239966 149 60485002 510416 1591716 45465676 811652048 454255456 144 3110024 454858284
======================
   8      32 sdc 239966 149 60485002 510416 1592371 45465676 811987408 454398396 129 3111024 455001052
======================
   8      32 sdc 239966 149 60485002 510416 1593008 45465676 812313552 454541688 132 3112028 455144412
======================
   8      32 sdc 239966 149 60485002 510416 1593633 45465676 812633552 454686380 147 3113032 455286164
======================
   8      32 sdc 239966 149 60485002 510416 1594338 45465676 812994512 454827000 146 3114036 455429500
======================
   8      32 sdc 239966 149 60485002 510416 1594980 45465676 813323216 454968856 144 3115040 455572572
======================
   8      32 sdc 239966 149 60485002 510416 1595604 45465676 813642704 455112360 122 3116044 455715476
======================
   8      32 sdc 239967 149 60485010 510648 1596247 45465676 813971920 455242528 157 3117044 455844484
======================
   8      32 sdc 239967 149 60485010 510648 1596922 45465676 814317520 455381492 154 3118048 455982628
======================
   8      32 sdc 239967 149 60485010 510648 1597598 45465676 814663632 455523296 150 3119052 456125972
======================
   8      32 sdc 239967 149 60485010 510648 1598238 45465676 814991312 455664816 150 3120056 456270644
======================
   8      32 sdc 239967 149 60485010 510648 1598881 45465676 815320528 455811340 147 3121060 456414248
======================
   8      32 sdc 239967 149 60485010 510648 1599557 45465676 815666640 455954656 143 3122060 456556952
======================
   8      32 sdc 239967 149 60485010 510648 1600209 45465676 816000464 456096844 131 3123064 456700176
======================
   8      32 sdc 239967 149 60485010 510648 1600851 45465676 816329168 456240228 129 3124068 456843524
======================
   8      32 sdc 239967 149 60485010 510648 1601507 45465676 816665040 456380468 145 3125072 456981596
======================
   8      32 sdc 239967 149 60485010 510648 1602169 45465676 817003984 456521552 155 3126072 457124424
======================
   8      32 sdc 239967 149 60485010 510648 1602810 45465676 817332176 456664584 154 3127076 457268000
======================
   8      32 sdc 239968 149 60485018 510876 1603430 45465676 817649616 456800276 142 3128080 457397552
======================
   8      32 sdc 239968 149 60485018 510876 1604073 45465676 817978832 456937108 139 3129084 457540944
======================
   8      32 sdc 239968 149 60485018 510876 1604699 45465676 818299344 457082956 153 3130084 457683556
======================
   8      32 sdc 239968 149 60485018 510876 1605388 45465676 818652624 457224052 136 3131088 457826888
======================
   8      32 sdc 239968 149 60485018 510876 1606022 45465676 818976720 457366492 142 3132092 457970160
======================
   8      32 sdc 239968 149 60485018 510876 1606681 45465676 819314128 457510448 155 3133096 458113400
======================
   8      32 sdc 239968 149 60485018 510876 1607352 45465676 819657680 457653700 156 3134100 458256456
======================
   8      32 sdc 239968 149 60485018 510876 1607978 45465676 819978192 457795624 138 3135104 458399972
======================
   8      32 sdc 239968 149 60485018 510876 1608557 45465676 820274640 457940252 135 3136108 458541696
======================
   8      32 sdc 239968 149 60485018 510876 1609283 45465676 820646352 458082964 145 3137108 458685244
======================
   8      32 sdc 239968 149 60485018 510876 1609959 45465676 820992464 458225760 141 3138112 458828420
======================
   8      32 sdc 239968 149 60485018 510876 1610635 45465676 821338576 458368884 137 3139116 458971740
======================
   8      32 sdc 239969 149 60485026 511076 1611251 45465676 821653968 458497708 144 3140124 459102164
======================
   8      32 sdc 239969 149 60485026 511076 1611876 45465676 821973968 458640684 159 3141128 459245140
======================
   8      32 sdc 239969 149 60485026 511076 1612545 45465676 822316496 458785820 130 3142132 459388632
======================
   8      32 sdc 239969 149 60485026 511076 1613216 45465676 822660048 458927828 131 3143136 459531984
======================
   8      32 sdc 239969 149 60485026 511076 1613845 45465676 822982096 459071812 142 3144140 459676032
======================
   8      32 sdc 239969 149 60485026 511076 1614510 45465676 823322576 459215472 149 3145144 459819388
======================
   8      32 sdc 239969 149 60485026 511076 1615166 45465676 823658448 459358368 133 3146144 459962304
======================
   8      32 sdc 239969 149 60485026 511076 1615777 45465676 823971280 459500684 130 3147148 460105732
======================
   8      32 sdc 239969 149 60485026 511076 1616449 45465676 824315344 459645148 130 3148152 460249028
======================
   8      32 sdc 239969 149 60485026 511076 1617090 45465676 824643536 459789708 129 3149156 460392460
======================
   8      32 sdc 239969 149 60485026 511076 1617749 45465676 824980944 459931816 142 3150156 460536044
======================
   8      32 sdc 239969 149 60485026 511076 1618413 45465676 825320912 460075060 150 3151160 460679296
======================
   8      32 sdc 239969 149 60485026 511076 1618744 45465676 825490384 460148132 22 3152164 460752224
======================
   8      32 sdc 239970 149 60485034 512716 1618920 45465676 825580496 460185200 147 3153168 460777524
======================
   8      32 sdc 239970 149 60485034 512716 1620347 45465676 826311120 460315692 128 3154172 460920484
======================
   8      32 sdc 239970 149 60485034 512716 1620994 45465676 826642384 460456740 153 3155172 461063496
======================
   8      32 sdc 239970 149 60485034 512716 1621629 45465676 826967504 460601588 158 3156176 461207064
======================
   8      32 sdc 239970 149 60485034 512716 1622305 45465676 827313616 460744944 154 3157180 461350612
======================
   8      32 sdc 239970 149 60485034 512716 1622981 45465676 827659728 460888172 150 3158184 461493960
======================
   8      32 sdc 239970 149 60485034 512716 1623654 45465676 828004304 461034276 149 3159188 461639016
======================
   8      32 sdc 239970 149 60485034 512716 1624278 45465676 828323792 461175236 133 3160192 461782512
======================
   8      32 sdc 239970 149 60485034 512716 1624911 45465676 828647888 461319464 136 3161192 461925172
======================
   8      32 sdc 239970 149 60485034 512716 1625588 45465676 828994512 461463216 131 3162196 462068740
======================
   8      32 sdc 239970 149 60485034 512716 1626241 45465676 829328848 461605868 150 3163200 462212752
======================
   8      32 sdc 239971 149 60485042 512924 1626862 45465676 829646800 461737432 155 3164204 462344316
======================
   8      32 sdc 239971 149 60485042 512924 1627518 45465676 829982672 461882472 139 3165204 462488572
======================
   8      32 sdc 239971 149 60485042 512924 1628157 45465676 830309840 462026684 140 3166208 462631468
======================
   8      32 sdc 239971 149 60485042 512924 1628827 45465676 830652880 462167912 142 3167212 462774816
======================
   8      32 sdc 239971 149 60485042 512924 1629452 45465676 830972880 462311516 157 3168216 462918388
======================
   8      32 sdc 239971 149 60485042 512924 1630095 45465676 831302096 462455268 154 3169220 463062248
======================
   8      32 sdc 239971 149 60485042 512924 1630753 45465676 831638992 462598096 136 3170224 463204636
======================
   8      32 sdc 239971 149 60485042 512924 1631410 45465676 831975376 462735148 151 3171224 463341076
======================
   8      32 sdc 239971 149 60485042 512924 1632041 45465676 832298448 462875528 128 3172228 463484272
======================
   8      32 sdc 239971 149 60485042 512924 1632700 45465676 832635856 463021068 141 3173228 463627484
======================
   8      32 sdc 239971 149 60485042 512924 1633375 45465676 832981456 463164288 138 3174232 463770976
======================
   8      32 sdc 239971 149 60485042 512924 1634009 45465676 833306064 463306440 85 3175236 463911692
======================
   8      32 sdc 239971 149 60485042 512924 1634078 45465676 833341392 463322380 16 3176236 463931488
======================
   8      32 sdc 239972 149 60485050 514640 1635279 45465676 833956304 463386120 147 3177240 463992516
======================
   8      32 sdc 239972 149 60485050 514640 1635961 45465676 834305488 463527836 137 3178248 464136256
======================
   8      32 sdc 239972 149 60485050 514640 1636622 45465676 834643920 463669196 148 3179248 464279384
======================
   8      32 sdc 239972 149 60485050 514640 1637246 45465676 834963408 463814160 132 3180256 464423732
======================
   8      32 sdc 239972 149 60485050 514640 1637902 45465676 835299280 463959836 148 3181264 464568424
======================
   8      32 sdc 239972 149 60485050 514640 1638578 45465676 835645392 464103240 144 3182264 464711444
======================
   8      32 sdc 239972 149 60485050 514640 1639219 45465676 835973584 464246184 143 3183268 464854924
======================
   8      32 sdc 239972 149 60485050 514640 1639859 45465676 836301264 464388940 143 3184272 464998536
======================
   8      32 sdc 239972 149 60485050 514640 1640523 45465676 836641232 464533212 151 3185276 465142160
======================
   8      32 sdc 239972 149 60485050 514640 1640837 45465676 836802000 464601708 157 3186276 465292292
======================
   8      32 sdc 239972 149 60485050 514640 1641703 45465676 837245392 464802836 39 3187280 465409964
======================
   8      32 sdc 239972 149 60485050 514640 1641703 45465676 837245392 464802836 39 3188280 465448964
======================
   8      32 sdc 239973 149 60485058 516276 1643059 45465676 837939664 464949572 145 3189288 465559948
======================
   8      32 sdc 239973 149 60485058 516276 1643727 45465676 838281680 465094044 149 3190296 465703344
======================
   8      32 sdc 239973 149 60485058 516276 1644369 45465676 838610384 465234868 147 3191304 465845864
======================
   8      32 sdc 239973 149 60485058 516276 1645021 45465676 838944208 465378908 135 3192308 465988988
======================
   8      32 sdc 239973 149 60485058 516276 1645698 45465676 839290832 465522300 130 3193308 466131748
======================
   8      32 sdc 239973 149 60485058 516276 1646343 45465676 839621072 465664060 157 3194312 466274932
======================
   8      32 sdc 239973 149 60485058 516276 1646967 45465676 839940560 465807280 141 3195316 466418576
======================
   8      32 sdc 239973 149 60485058 516276 1647615 45465676 840272336 465944716 132 3196316 466555524
======================
   8      32 sdc 239973 149 60485058 516276 1648303 45465676 840624592 466088564 148 3197320 466698540
======================
   8      32 sdc 239973 149 60485058 516276 1648973 45465676 840967632 466231608 150 3198324 466841688
======================
   8      32 sdc 239974 149 60485066 516472 1649608 45465676 841292752 466360108 140 3199324 466971356
======================
   8      32 sdc 239974 149 60485066 516472 1650232 45465676 841612240 466503372 156 3200328 467114556
======================
   8      32 sdc 239974 149 60485066 516472 1650881 45465676 841944528 466647668 147 3201332 467257764
======================
   8      32 sdc 239974 149 60485066 516472 1651556 45465676 842290128 466792560 144 3202332 467402348
======================
   8      32 sdc 239974 149 60485066 516472 1652189 45465676 842614224 466934712 151 3203336 467545480
======================
   8      32 sdc 239974 149 60485066 516472 1652848 45465676 842951632 467078508 132 3204340 467688684
======================
   8      32 sdc 239974 149 60485066 516472 1653512 45465676 843291600 467221504 140 3205344 467832224
======================
   8      32 sdc 239974 149 60485066 516472 1654152 45465676 843619280 467363920 140 3206344 467974928
======================
   8      32 sdc 239974 149 60485066 516472 1654778 45465676 843939792 467508856 154 3207348 468117200
======================
   8      32 sdc 239974 149 60485066 516472 1655438 45465676 844277712 467650256 134 3208352 468261012
======================
   8      32 sdc 239974 149 60485066 516472 1656089 45465676 844611024 467794288 155 3209356 468404428
======================
   8      32 sdc 239974 149 60485066 516472 1656753 45465676 844950992 467938796 131 3210360 468549096
======================
   8      32 sdc 239975 149 60485074 516664 1657380 45465676 845272016 468068584 151 3211364 468679984
======================
   8      32 sdc 239975 149 60485074 516664 1658024 45465676 845601744 468212104 147 3212364 468822988
======================
   8      32 sdc 239975 149 60485074 516664 1658687 45465676 845941200 468356260 156 3213368 468966340
======================
   8      32 sdc 239975 149 60485074 516664 1659353 45465676 846282192 468498972 130 3214372 469109840
======================
   8      32 sdc 239975 149 60485074 516664 1659963 45465676 846594512 468641460 128 3215376 469252896
======================
   8      32 sdc 239975 149 60485074 516664 1660638 45465676 846940112 468786460 157 3216376 469396488
======================
   8      32 sdc 239975 149 60485074 516664 1661314 45465676 847286224 468929688 153 3217380 469539988
======================
   8      32 sdc 239975 149 60485074 516664 1661990 45465676 847632336 469072932 149 3218384 469683392
======================
   8      32 sdc 239975 149 60485074 516664 1662632 45465676 847961040 469211944 147 3219388 469823276
======================
   8      32 sdc 239975 149 60485074 516664 1663246 45465676 848275408 469353700 141 3220388 469966400
======================
   8      32 sdc 239975 149 60485074 516664 1663912 45465676 848616400 469499776 147 3221396 470110792
======================
   8      32 sdc 239975 149 60485074 516664 1664587 45465676 848962000 469643784 144 3222400 470254424
======================
   8      32 sdc 239976 149 60485082 516888 1665209 45465676 849280464 469771712 129 3223408 470382808
======================
   8      32 sdc 239976 149 60485082 516888 1665850 45465676 849608656 469917808 128 3224416 470526304
======================
   8      32 sdc 239976 149 60485082 516888 1666516 45465676 849949648 470058412 134 3225420 470669840
======================
   8      32 sdc 239976 149 60485082 516888 1667160 45465676 850279376 470201860 130 3226420 470812892
======================
   8      32 sdc 239976 149 60485082 516888 1667787 45465676 850600400 470345460 143 3227424 470956524
======================
   8      32 sdc 239976 149 60485082 516888 1668440 45465676 850934736 470491400 130 3228440 471101860
======================
   8      32 sdc 239976 149 60485082 516888 1669056 45465676 851250128 470636788 154 3229444 471244912
======================
   8      32 sdc 239976 149 60485082 516888 1669753 45465676 851606992 470778520 129 3230452 471389288
======================
   8      32 sdc 239976 149 60485082 516888 1670396 45465676 851936208 470924016 158 3231456 471535868
======================
   8      32 sdc 239976 149 60485082 516888 1671057 45465676 852274640 471067912 137 3232456 471678976
======================
   8      32 sdc 239976 149 60485082 516888 1671733 45465676 852620752 471211248 133 3233460 471822304
======================
   8      32 sdc 239976 149 60485082 516888 1672363 45465676 852943312 471353400 99 3234460 471963716
======================
   8      32 sdc 239976 149 60485082 516888 1672432 45465676 852978640 471369252 30 3235464 471997852
======================
   8      32 sdc 239977 149 60485090 518592 1673623 45465676 853588432 471457236 153 3236468 472069364
======================
   8      32 sdc 239977 149 60485090 518592 1674299 45465676 853934544 471599884 149 3237468 472212400
======================
   8      32 sdc 239977 149 60485090 518592 1674963 45465676 854274512 471741508 157 3238472 472355864
======================
   8      32 sdc 239977 149 60485090 518592 1675587 45465676 854594000 471885236 141 3239476 472499564
======================
   8      32 sdc 239977 149 60485090 518592 1676239 45465676 854927824 472030232 129 3240476 472642628
======================
   8      32 sdc 239977 149 60485090 518592 1676891 45465676 855261648 472174460 149 3241480 472785080
======================
   8      32 sdc 239977 149 60485090 518592 1677561 45465676 855604688 472317960 151 3242484 472930160
======================
   8      32 sdc 239977 149 60485090 518592 1678204 45465676 855933904 472459872 148 3243484 473073116
======================
   8      32 sdc 239977 149 60485090 518592 1678868 45465676 856273872 472603940 156 3244488 473216672
======================
   8      32 sdc 239977 149 60485090 518592 1679523 45465676 856609232 472746088 141 3245492 473360576
======================
   8      32 sdc 239978 149 60485098 518788 1680140 45465676 856925136 472888464 151 3246492 473494392
======================
   8      32 sdc 239978 149 60485098 518788 1680794 45465676 857259984 473026524 137 3247516 473639304
======================
   8      32 sdc 239978 149 60485098 518788 1681453 45465676 857597392 473172568 150 3248544 473786104
======================
   8      32 sdc 239978 149 60485098 518788 1682104 45465676 857930704 473316420 139 3249548 473929764
======================
   8      32 sdc 239978 149 60485098 518788 1682744 45465676 858258384 473459308 139 3250552 474073224
======================
   8      32 sdc 239978 149 60485098 518788 1683385 45465676 858586576 473609420 138 3251552 474222296
======================
   8      32 sdc 239978 149 60485098 518788 1684056 45465676 858930128 473754328 139 3252556 474367184
======================
   8      32 sdc 239978 149 60485098 518788 1684724 45465676 859272144 473896524 143 3253560 474510864
======================
   8      32 sdc 239978 149 60485098 518788 1685345 45465676 859590096 474039780 130 3254560 474653928
======================
   8      32 sdc 239978 149 60485098 518788 1685986 45465676 859918288 474183992 129 3255564 474796664
======================
   8      32 sdc 239978 149 60485098 518788 1686656 45465676 860261328 474326644 131 3256568 474939556
======================
   8      32 sdc 239978 149 60485098 518788 1687332 45465676 860607440 474471440 129 3257568 475082272
======================
   8      32 sdc 239979 149 60485106 519004 1687985 45465676 860941776 474596100 146 3258572 475209208
======================
   8      32 sdc 239979 149 60485106 519004 1688613 45465676 861263312 474738412 158 3259576 475352672
======================
   8      32 sdc 239979 149 60485106 519004 1689241 45465676 861584848 474882600 138 3260580 475496132
======================
   8      32 sdc 239979 149 60485106 519004 1689922 45465676 861933520 475027420 129 3261592 475640292
======================
   8      32 sdc 239979 149 60485106 519004 1690574 45465676 862267344 475163068 222 3262600 475818900
======================
   8      32 sdc 239979 149 60485106 519004 1691234 45465676 862605264 475314156 234 3263620 476046032
======================
   8      32 sdc 239979 149 60485106 519004 1691895 45465676 862943696 475465188 213 3264628 476266184
======================
   8      32 sdc 239979 149 60485106 519004 1692550 45465676 863279056 475729956 166 3265636 476480112
======================
   8      32 sdc 239979 149 60485106 519004 1693179 45465676 863601104 475892500 177 3266644 476660408
======================
   8      32 sdc 239979 149 60485106 519004 1693351 45465676 863689168 475953836 165 3267648 476828836
======================
   8      32 sdc 239979 149 60485106 519004 1694465 45465676 864259536 476213300 166 3268652 476996728
======================
   8      32 sdc 239979 149 60485106 519004 1695130 45465676 864600016 476528244 141 3269656 477141748
======================
   8      32 sdc 239980 149 60485114 519204 1695774 45466097 864929080 476651568 130 3270660 477265796
======================
   8      32 sdc 239980 149 60485114 519204 1696384 45466097 865241400 476786904 128 3271660 477406664
======================
   8      32 sdc 239980 149 60485114 519204 1697073 45466097 865594168 476937052 143 3272664 477550140
======================
   8      32 sdc 239980 149 60485114 519204 1697749 45466097 865940280 477080508 139 3273668 477693700
======================
   8      32 sdc 239980 149 60485114 519204 1698372 45466097 866259256 477222932 156 3274672 477837304
======================
   8      32 sdc 239980 149 60485114 519204 1699032 45466097 866597176 477367892 136 3275680 477981640
======================
   8      32 sdc 239980 149 60485114 519204 1699708 45466097 866943288 477511376 132 3276684 478125160
======================
   8      32 sdc 239980 149 60485114 519204 1700384 45466097 867289400 477654824 128 3277688 478268620
======================
   8      32 sdc 239980 149 60485114 519204 1701037 45466097 867623736 477796972 147 3278692 478412368
======================
   8      32 sdc 239980 149 60485114 519204 1701661 45466097 867943224 477940604 131 3279696 478555856
======================
   8      32 sdc 239980 149 60485114 519204 1702310 45466097 868275512 478085328 154 3280696 478698864
======================
   8      32 sdc 239980 149 60485114 519204 1702987 45466097 868622136 478228940 149 3281700 478842484
======================
   8      32 sdc 239980 149 60485114 519204 1703190 45466097 868725568 478286708 1 3282704 478886108
======================
   8      32 sdc 239981 149 60485122 520776 1704243 45466116 869264352 478302044 130 3283708 478916524
======================
   8      32 sdc 239981 149 60485122 520776 1704905 45466116 869603296 478444392 140 3284712 479060036
======================
   8      32 sdc 239981 149 60485122 520776 1705561 45466116 869939168 478587536 156 3285716 479203420
======================
   8      32 sdc 239981 149 60485122 520776 1706192 45466116 870262240 478730640 133 3286720 479346844
======================
   8      32 sdc 239981 149 60485122 520776 1706834 45466116 870590944 478874032 131 3287724 479490264
======================
   8      32 sdc 239981 149 60485122 520776 1707484 45466116 870923744 479018072 153 3288728 479633688
======================
   8      32 sdc 239981 149 60485122 520776 1708143 45466116 871261152 479160308 134 3289732 479776976
======================
   8      32 sdc 239981 149 60485122 520776 1708779 45466116 871586784 479303924 138 3290732 479919720
======================
   8      32 sdc 239981 149 60485122 520776 1709428 45466116 871919072 479447812 129 3291736 480062948
======================
   8      32 sdc 239981 149 60485122 520776 1710085 45466116 872255456 479592848 144 3292740 480206096
======================
   8      32 sdc 239981 149 60485122 520776 1710742 45466116 872592352 479732480 130 3293744 480349024
======================
   8      32 sdc 239982 149 60485130 521032 1711311 45466567 872873096 479839332 18 3294748 480444576
======================
   8      32 sdc 239982 149 60485130 521032 1711330 45466567 872874816 479845080 0 3294796 480445440
======================
   8      32 sdc 239982 149 60485130 521032 1711330 45466567 872874816 479845080 0 3294796 480445440
======================
   8      32 sdc 239982 149 60485130 521032 1711330 45466567 872874816 479845080 0 3294796 480445440
======================
   8      32 sdc 239982 149 60485130 521032 1711330 45466567 872874816 479845080 0 3294796 480445440
======================
   8      32 sdc 239982 149 60485130 521032 1711330 45466567 872874816 479845080 0 3294796 480445440
======================
   8      32 sdc 240218 149 60487012 529740 1711347 45466567 872874880 479845080 1 3295200 480454300
started
======================
   8      32 sdc 240220 149 60487028 530032 1711349 45466567 872874888 479845080 0 3295340 480454440
======================
   8      32 sdc 240481 149 60618140 530760 1711349 45466567 872874888 479845080 2 3295736 480455176
======================
   8      32 sdc 241131 149 60950940 532672 1711349 45466567 872874888 479845080 2 3296740 480457084
======================
   8      32 sdc 241749 149 61267356 534580 1711349 45466567 872874888 479845080 2 3297740 480458988
======================
   8      32 sdc 242406 149 61603740 536516 1711349 45466567 872874888 479845080 2 3298748 480460932
======================
   8      32 sdc 243081 149 61949340 538436 1711349 45466567 872874888 479845080 1 3299752 480462852
======================
   8      32 sdc 243712 149 62272412 540392 1711352 45466569 872874928 479845236 2 3300756 480464964
======================
   8      32 sdc 244351 149 62599580 542328 1711352 45466569 872874928 479845236 1 3301760 480466900
======================
   8      32 sdc 245016 149 62940060 544248 1711352 45466569 872874928 479845236 2 3302764 480468820
======================
   8      32 sdc 245668 149 63273884 546164 1711352 45466569 872874928 479845236 2 3303768 480470736
======================
   8      32 sdc 246311 149 63603100 548076 1711352 45466569 872874928 479845236 1 3304772 480472648
======================
   8      32 sdc 246952 149 63931804 549988 1711352 45466569 872874928 479845236 2 3305776 480474560
======================
   8      32 sdc 247595 149 64260508 551908 1711352 45466569 872874928 479845236 2 3306780 480476472
======================
   8      32 sdc 248187 149 64563612 553844 1711352 45466569 872874928 479845236 2 3307784 480478412
======================
   8      32 sdc 248827 149 64891292 555760 1711352 45466569 872874928 479845236 2 3308784 480480332
======================
   8      32 sdc 249470 149 65220508 557680 1711352 45466569 872874928 479845236 2 3309788 480482252
======================
   8      32 sdc 250145 149 65566108 559580 1711352 45466569 872874928 479845236 2 3310792 480484156
======================
   8      32 sdc 250805 149 65904028 561496 1711352 45466569 872874928 479845236 1 3311796 480486068
======================
   8      32 sdc 251429 149 66223516 563428 1711352 45466569 872874928 479845236 2 3312800 480488004
======================
   8      32 sdc 252074 149 66553756 565336 1711352 45466569 872874928 479845236 2 3313804 480489912
======================
   8      32 sdc 252745 149 66897308 567248 1711352 45466569 872874928 479845236 2 3314808 480491820
======================
   8      32 sdc 253412 149 67238812 569168 1711352 45466569 872874928 479845236 2 3315812 480493740
======================
   8      32 sdc 254077 149 67579292 571084 1711352 45466569 872874928 479845236 2 3316816 480495656
======================
   8      32 sdc 254702 149 67899292 573004 1711352 45466569 872874928 479845236 1 3317820 480497576
======================
   8      32 sdc 255344 149 68227996 574928 1711352 45466569 872874928 479845236 2 3318824 480499500
======================
   8      32 sdc 256006 149 68566940 576848 1711352 45466569 872874928 479845236 2 3319828 480501420
======================
   8      32 sdc 256648 149 68895644 578776 1711352 45466569 872874928 479845236 2 3320832 480503348
======================
   8      32 sdc 257298 149 69228444 580692 1711352 45466569 872874928 479845236 2 3321832 480505260
======================
   8      32 sdc 257962 149 69568412 582600 1711352 45466569 872874928 479845236 2 3322836 480507168
======================
   8      32 sdc 258603 149 69896604 584520 1711352 45466569 872874928 479845236 2 3323840 480509088
======================
   8      32 sdc 259244 149 70224796 586428 1711352 45466569 872874928 479845236 2 3324836 480511000
======================
   8      32 sdc 259886 149 70553500 588336 1711352 45466569 872874928 479845236 2 3325840 480512912
======================
   8      32 sdc 260534 149 70885276 590268 1711354 45466569 872874944 479845236 2 3326844 480514840
======================
   8      32 sdc 261198 149 71225244 592192 1711354 45466569 872874944 479845236 2 3327848 480516768
======================
   8      32 sdc 261852 149 71560092 594104 1711354 45466569 872874944 479845236 2 3328848 480518668
======================
   8      32 sdc 262488 149 71885724 596024 1711354 45466569 872874944 479845236 2 3329852 480520592
======================
   8      32 sdc 263142 149 72220572 597936 1711354 45466569 872874944 479845236 2 3330856 480522504
======================
   8      32 sdc 263780 149 72547228 599844 1711354 45466569 872874944 479845236 2 3331860 480524408
======================
   8      32 sdc 264404 149 72866716 601764 1711354 45466569 872874944 479845236 2 3332864 480526324
======================
   8      32 sdc 264990 149 73166748 603712 1711354 45466569 872874944 479845236 2 3333868 480528272
======================
   8      32 sdc 265549 149 73452956 605660 1711354 45466569 872874944 479845236 1 3334872 480530220
======================
   8      32 sdc 266175 149 73773468 607588 1711354 45466569 872874944 479845236 2 3335876 480532144
======================
   8      32 sdc 266844 149 74115996 609544 1711354 45466569 872874944 479845236 2 3336892 480534100
======================
   8      32 sdc 267468 149 74435484 611448 1711354 45466569 872874944 479845236 2 3337896 480536008
======================
   8      32 sdc 268111 149 74764700 613376 1711354 45466569 872874944 479845236 2 3338900 480537924
======================
   8      32 sdc 268787 149 75110812 615296 1711354 45466569 872874944 479845236 2 3339904 480539844
======================
   8      32 sdc 269442 149 75446172 617204 1711354 45466569 872874944 479845236 2 3340908 480541756
======================
   8      32 sdc 270083 149 75774364 619116 1711354 45466569 872874944 479845236 2 3341912 480543672
======================
   8      32 sdc 270739 149 76110236 621040 1711354 45466569 872874944 479845236 2 3342912 480545588
======================
   8      32 sdc 271380 149 76438428 622952 1711354 45466569 872874944 479845236 2 3343916 480547500
======================
   8      32 sdc 272016 149 76764060 624864 1711354 45466569 872874944 479845236 2 3344920 480549416
======================
   8      32 sdc 272658 149 77092764 626776 1711354 45466569 872874944 479845236 2 3345924 480551328
======================
   8      32 sdc 273304 149 77423516 628704 1711354 45466569 872874944 479845236 2 3346928 480553260
======================
   8      32 sdc 273969 149 77763996 630644 1711354 45466569 872874944 479845236 2 3347928 480555188
======================
   8      32 sdc 274624 149 78099356 632560 1711354 45466569 872874944 479845236 2 3348932 480557104
======================
   8      32 sdc 275266 149 78428060 634480 1711354 45466569 872874944 479845236 2 3349936 480559024
======================
   8      32 sdc 275924 149 78764956 636392 1711354 45466569 872874944 479845236 2 3350940 480560936
======================
   8      32 sdc 276595 149 79108508 638304 1711354 45466569 872874944 479845236 2 3351944 480562848
======================
   8      32 sdc 277218 149 79427484 640232 1711354 45466569 872874944 479845236 2 3352948 480564780
======================
   8      32 sdc 277869 149 79760796 642124 1711354 45466569 872874944 479845236 2 3353948 480566676
======================
   8      32 sdc 278541 149 80104860 644044 1711354 45466569 872874944 479845236 2 3354952 480568592
======================
   8      32 sdc 279216 149 80450460 645960 1711354 45466569 872874944 479845236 2 3355952 480570504
======================
   8      32 sdc 279457 149 80573852 646696 1711354 45466569 872874944 479845236 0 3356340 480571240
