======================
   8      16 sdb 19410427 215144 1822808564 41791596 31621471 288058561 9582607072 1393858948 0 12104788 1435590252
======================
   8      16 sdb 19410427 215144 1822808564 41791596 31621471 288058561 9582607072 1393858948 0 12104788 1435590252
======================
   8      16 sdb 19410429 215144 1822808580 41791596 31621471 288058561 9582607072 1393858948 0 12104788 1435590252
======================
   8      16 sdb 19410429 215144 1822808580 41791596 31621471 288058561 9582607072 1393858948 0 12104788 1435590252
======================
   8      16 sdb 19410430 215144 1822808588 41791600 31623391 288058561 9583590112 1393877212 0 12104980 1435608516
======================
   8      16 sdb 19410430 215144 1822808588 41791600 31626043 288058561 9584947936 1393994968 137 12105876 1435730816
======================
   8      16 sdb 19410430 215144 1822808588 41791600 31627957 288058561 9585927904 1394137092 143 12106880 1435873592
======================
   8      16 sdb 19410431 215144 1822808596 41791660 31629582 288058561 9586759904 1394257692 137 12107884 1436011856
======================
   8      16 sdb 19410431 215144 1822808596 41791660 31630973 288058590 9587471320 1394416548 155 12108888 1436151652
======================
   8      16 sdb 19410431 215144 1822808596 41791660 31632710 288058590 9588360664 1394545344 146 12109888 1436293860
======================
   8      16 sdb 19410431 215144 1822808596 41791660 31634356 288058590 9589203416 1394700076 132 12110892 1436436436
======================
   8      16 sdb 19410431 215144 1822808596 41791660 31636469 288058590 9590285272 1394841564 131 12111896 1436576708
======================
   8      16 sdb 19410432 215144 1822808604 41791680 31638830 288058590 9591494104 1394983420 144 12112900 1436718444
======================
   8      16 sdb 19410432 215144 1822808604 41791680 31641315 288058590 9592766424 1395123472 150 12113904 1436859700
======================
   8      16 sdb 19410432 215144 1822808604 41791680 31643211 288058590 9593737176 1395265220 147 12114908 1437001988
======================
   8      16 sdb 19410433 215144 1822808612 41791724 31645121 288058590 9594715096 1395404832 132 12115912 1437141676
======================
   8      16 sdb 19410433 215144 1822808612 41791724 31647040 288058590 9595697624 1395547228 133 12116916 1437284428
======================
   8      16 sdb 19410433 215144 1822808612 41791724 31648957 288058590 9596679128 1395690480 136 12117920 1437427068
======================
   8      16 sdb 19410433 215144 1822808612 41791724 31650875 288058590 9597661144 1395832464 138 12118924 1437569544
======================
   8      16 sdb 19410434 215144 1822808620 41791792 31652787 288058590 9598640088 1395971380 128 12119924 1437707864
======================
   8      16 sdb 19410434 215144 1822808620 41791792 31654676 288058590 9599607256 1396113308 141 12120928 1437850140
======================
   8      16 sdb 19410434 215144 1822808620 41791792 31656573 288058590 9600578520 1396255852 150 12121932 1437992396
======================
   8      16 sdb 19410434 215144 1822808620 41791792 31658491 288058590 9601560536 1396398376 152 12122936 1438135056
======================
   8      16 sdb 19410435 215144 1822808628 41791868 31660411 288058653 9602542568 1396532608 154 12123940 1438269292
======================
   8      16 sdb 19410435 215144 1822808628 41791868 31662321 288058669 9603516080 1396674992 132 12124944 1438411924
======================
   8      16 sdb 19410435 215144 1822808628 41791868 31664232 288058669 9604494512 1396817384 141 12125944 1438554008
======================
   8      16 sdb 19410435 215144 1822808628 41791868 31666148 288058669 9605475504 1396960176 145 12126948 1438696804
======================
   8      16 sdb 19410436 215144 1822808636 41791952 31668072 288058669 9606460088 1397095460 132 12127948 1438832272
======================
   8      16 sdb 19410436 215144 1822808636 41791952 31669965 288058746 9607426896 1397232908 138 12128952 1438969796
======================
   8      16 sdb 19410436 215144 1822808636 41791952 31671859 288058746 9608396624 1397376060 132 12129956 1439112924
======================
   8      16 sdb 19410436 215144 1822808636 41791952 31673772 288058746 9609376080 1397518604 139 12130960 1439255596
======================
   8      16 sdb 19410437 215144 1822808644 41792040 31675689 288058746 9610357080 1397653936 135 12131960 1439390512
======================
   8      16 sdb 19410437 215144 1822808644 41792040 31677605 288058762 9611337192 1397796008 139 12132964 1439532672
======================
   8      16 sdb 19410437 215144 1822808644 41792040 31679519 288058785 9612317352 1397933020 153 12133968 1439669716
======================
   8      16 sdb 19410437 215144 1822808644 41792040 31681439 288058785 9613300392 1398075164 153 12134972 1439811892
======================
   8      16 sdb 19410438 215144 1822808652 41792124 31683333 288058785 9614269104 1398210760 150 12135972 1439947648
======================
   8      16 sdb 19410438 215144 1822808652 41792124 31685222 288058802 9615235400 1398353536 149 12136976 1440090496
======================
   8      16 sdb 19410438 215144 1822808652 41792124 31687132 288058802 9616213320 1398495848 128 12137980 1440233324
======================
   8      16 sdb 19410438 215144 1822808652 41792124 31689049 288058826 9617194512 1398633380 140 12138984 1440370512
======================
   8      16 sdb 19410439 215144 1822808660 41792208 31690964 288058826 9618175000 1398768748 135 12139988 1440505984
======================
   8      16 sdb 19410439 215144 1822808660 41792208 31692885 288058843 9619156664 1398911040 134 12140992 1440648284
======================
   8      16 sdb 19410439 215144 1822808660 41792208 31694794 288058843 9620134072 1399053572 145 12141996 1440790820
======================
   8      16 sdb 19410439 215144 1822808660 41792208 31696695 288058843 9621107384 1399195676 132 12143000 1440932816
======================
   8      16 sdb 19410440 215144 1822808668 41792280 31698586 288058865 9622074744 1399325764 132 12144000 1441062524
======================
   8      16 sdb 19410440 215144 1822808668 41792280 31700507 288058881 9623057928 1399468112 131 12145004 1441204996
======================
   8      16 sdb 19410440 215144 1822808668 41792280 31702414 288058881 9624033800 1399610316 144 12146008 1441347388
======================
   8      16 sdb 19410440 215144 1822808668 41792280 31704331 288058881 9625015816 1399752772 147 12147012 1441489588
======================
   8      16 sdb 19410441 215144 1822808676 41792360 31706243 288058881 9625994248 1399887916 137 12148016 1441624916
======================
   8      16 sdb 19410441 215144 1822808676 41792360 31708159 288058904 9626974920 1400024848 140 12149020 1441761928
======================
   8      16 sdb 19410441 215144 1822808676 41792360 31710053 288058904 9627944648 1400166668 134 12150024 1441903796
======================
   8      16 sdb 19410441 215144 1822808676 41792360 31711946 288058904 9628913864 1400309732 129 12151028 1442046600
======================
   8      16 sdb 19410442 215144 1822808684 41792448 31713866 288058904 9629896400 1400444276 153 12152032 1442181364
======================
   8      16 sdb 19410442 215144 1822808684 41792448 31715777 288058920 9630873448 1400587136 130 12153036 1442324260
======================
   8      16 sdb 19410442 215144 1822808684 41792448 31717688 288058943 9631851560 1400724360 149 12154040 1442461676
======================
   8      16 sdb 19410442 215144 1822808684 41792448 31719597 288058943 9632828968 1400867096 128 12155044 1442604404
======================
   8      16 sdb 19410443 215144 1822808692 41792536 31721474 288058943 9633789488 1401002800 136 12156048 1442739832
======================
   8      16 sdb 19410443 215144 1822808692 41792536 31723401 288058959 9634774728 1401144528 129 12157052 1442881696
======================
   8      16 sdb 19410443 215144 1822808692 41792536 31725267 288058959 9635730120 1401286700 151 12158056 1443024120
======================
   8      16 sdb 19410443 215144 1822808692 41792536 31727188 288058982 9636713352 1401423448 130 12159060 1443160476
======================
   8      16 sdb 19410444 215144 1822808700 41792616 31729103 288058982 9637693328 1401558012 129 12160060 1443294824
======================
   8      16 sdb 19410444 215144 1822808700 41792616 31731020 288058999 9638673960 1401699244 130 12161064 1443436016
======================
   8      16 sdb 19410444 215144 1822808700 41792616 31732933 288058999 9639653416 1401840684 137 12162068 1443577676
======================
   8      16 sdb 19410444 215144 1822808700 41792616 31734837 288058999 9640628264 1401982836 153 12163072 1443719788
======================
   8      16 sdb 19410445 215144 1822808708 41792712 31736734 288059021 9641598696 1402112352 147 12164076 1443849432
======================
   8      16 sdb 19410445 215144 1822808708 41792712 31738618 288059038 9642562432 1402254676 151 12165080 1443991808
======================
   8      16 sdb 19410445 215144 1822808708 41792712 31740541 288059038 9643547008 1402396848 148 12166084 1444133964
======================
   8      16 sdb 19410445 215144 1822808708 41792712 31742447 288059038 9644522880 1402538764 130 12167088 1444275888
======================
   8      16 sdb 19410446 215144 1822808716 41792788 31744367 288059038 9645505920 1402673956 129 12168092 1444411128
======================
   8      16 sdb 19410446 215144 1822808716 41792788 31746278 288059061 9646484032 1402814264 149 12169096 1444551776
======================
   8      16 sdb 19410446 215144 1822808716 41792788 31748198 288059061 9647467072 1402956376 149 12170100 1444693836
======================
   8      16 sdb 19410446 215144 1822808716 41792788 31750097 288059061 9648439360 1403097720 138 12171104 1444836056
======================
   8      16 sdb 19410447 215144 1822808724 41792872 31752002 288059061 9649414216 1403233624 144 12172104 1444971488
======================
   8      16 sdb 19410447 215144 1822808724 41792872 31753926 288059076 9650397408 1403376468 140 12173108 1445113604
======================
   8      16 sdb 19410447 215144 1822808724 41792872 31755836 288059099 9651375520 1403512088 141 12174112 1445249388
======================
   8      16 sdb 19410447 215144 1822808724 41792872 31757738 288059099 9652348832 1403653916 127 12175116 1445391304
======================
   8      16 sdb 19410448 215144 1822808732 41792952 31759655 288059099 9653329832 1403788236 131 12176116 1445525612
======================
   8      16 sdb 19410448 215144 1822808732 41792952 31761574 288059116 9654311488 1403929824 132 12177120 1445667376
======================
   8      16 sdb 19410448 215144 1822808732 41792952 31763494 288059116 9655294528 1404072184 132 12178124 1445809728
======================
   8      16 sdb 19410448 215144 1822808732 41792952 31765381 288059138 9656260344 1404208888 133 12179124 1445946192
======================
   8      16 sdb 19410449 215144 1822808740 41793040 31767270 288059138 9657227008 1404343224 132 12180128 1446080396
======================
   8      16 sdb 19410449 215144 1822808740 41793040 31769185 288059154 9658206608 1404485532 132 12181132 1446223000
======================
   8      16 sdb 19410449 215144 1822808740 41793040 31771099 288059154 9659186576 1404628044 138 12182136 1446365396
======================
   8      16 sdb 19410449 215144 1822808740 41793040 31773013 288059154 9660166544 1404770016 144 12183140 1446507872
======================
   8      16 sdb 19410450 215144 1822808748 41793120 31774925 288059177 9661144664 1404900280 129 12184144 1446637228
======================
   8      16 sdb 19410450 215144 1822808748 41793120 31776850 288059194 9662129392 1405042164 154 12185148 1446779504
======================
   8      16 sdb 19410450 215144 1822808748 41793120 31778741 288059194 9663097584 1405184468 151 12186152 1446921832
======================
   8      16 sdb 19410450 215144 1822808748 41793120 31780636 288059194 9664067824 1405326552 144 12187156 1447063976
======================
   8      16 sdb 19410451 215144 1822808756 41793204 31782547 288059194 9665046256 1405464124 153 12188160 1447199084
======================
   8      16 sdb 19410451 215144 1822808756 41793204 31784462 288059217 9666026416 1405597404 151 12189164 1447334948
======================
   8      16 sdb 19410451 215144 1822808756 41793204 31786355 288059217 9666995632 1405738872 146 12190168 1447476040
======================
   8      16 sdb 19410451 215144 1822808756 41793204 31788300 288059217 9667991472 1405880004 153 12191172 1447617564
======================
   8      16 sdb 19410452 215144 1822808764 41793280 31790217 288059217 9668972984 1406015948 145 12192176 1447752540
======================
   8      16 sdb 19410452 215144 1822808764 41793280 31792124 288059233 9669946968 1406156836 134 12193176 1447894180
======================
   8      16 sdb 19410452 215144 1822808764 41793280 31794041 288059255 9670928144 1406292880 128 12194180 1448030240
======================
   8      16 sdb 19410452 215144 1822808764 41793280 31795930 288059255 9671895312 1406435096 133 12195184 1448172480
======================
   8      16 sdb 19410453 215144 1822808772 41793364 31797844 288059255 9672874776 1406572816 133 12196188 1448307244
======================
   8      16 sdb 19410453 215144 1822808772 41793364 31799754 288059271 9673851816 1406711776 143 12197192 1448449232
======================
   8      16 sdb 19410453 215144 1822808772 41793364 31801674 288059271 9674834856 1406853176 143 12198196 1448590812
======================
   8      16 sdb 19410453 215144 1822808772 41793364 31803599 288059295 9675820144 1406989708 142 12199200 1448727324
======================
   8      16 sdb 19410454 215144 1822808780 41793444 31805509 288059295 9676797560 1407128596 149 12200204 1448862304
======================
   8      16 sdb 19410454 215144 1822808780 41793444 31807416 288059312 9677772568 1407265968 130 12201208 1449003624
======================
   8      16 sdb 19410454 215144 1822808780 41793444 31809305 288059312 9678739736 1407407312 129 12202212 1449145068
======================
   8      16 sdb 19410454 215144 1822808780 41793444 31811225 288059312 9679722776 1407548868 129 12203212 1449286156
======================
   8      16 sdb 19410454 215144 1822808780 41793444 31813138 288059335 9680701912 1407685236 7 12204216 1449418108
======================
   8      16 sdb 19410455 215144 1822808788 41793532 31815059 288059352 9681684096 1407820120 130 12205220 1449557712
======================
   8      16 sdb 19410455 215144 1822808788 41793532 31816982 288059352 9682668160 1407958904 127 12206224 1449696384
======================
   8      16 sdb 19410455 215144 1822808788 41793532 31818891 288059352 9683645568 1408100860 138 12207228 1449838464
======================
   8      16 sdb 19410455 215144 1822808788 41793532 31820790 288059352 9684617856 1408243708 39 12208232 1449978588
======================
   8      16 sdb 19410456 215144 1822808796 41793608 31822685 288059374 9685587768 1408373960 134 12209236 1450111780
======================
   8      16 sdb 19410456 215144 1822808796 41793608 31824591 288059374 9686563640 1408515688 148 12210240 1450253612
======================
   8      16 sdb 19410456 215144 1822808796 41793608 31826510 288059374 9687546168 1408657120 149 12211244 1450395356
======================
   8      16 sdb 19410456 215144 1822808796 41793608 31828425 288059374 9688526648 1408798612 85 12212244 1450535220
======================
   8      16 sdb 19410457 215144 1822808804 41793692 31830345 288059389 9689507792 1408934008 150 12213248 1450671504
======================
   8      16 sdb 19410457 215144 1822808804 41793692 31832265 288059412 9690491024 1409070612 132 12214252 1450808020
======================
   8      16 sdb 19410457 215144 1822808804 41793692 31834153 288059412 9691457680 1409212828 132 12215256 1450950264
======================
   8      16 sdb 19410457 215144 1822808804 41793692 31836046 288059412 9692426384 1409354392 132 12216260 1451092348
======================
   8      16 sdb 19410458 215144 1822808812 41793772 31837967 288059429 9693408560 1409489004 130 12217264 1451226460
======================
   8      16 sdb 19410458 215144 1822808812 41793772 31839885 288059429 9694390576 1409630804 132 12218268 1451368468
======================
   8      16 sdb 19410458 215144 1822808812 41793772 31841805 288059452 9695373296 1409766280 135 12219272 1451504140
======================
   8      16 sdb 19410458 215144 1822808812 41793772 31843723 288059452 9696355312 1409908340 137 12220276 1451646304
======================
   8      16 sdb 19410459 215144 1822808820 41793856 31845643 288059468 9697336464 1410043600 152 12221280 1451781376
======================
   8      16 sdb 19410459 215144 1822808820 41793856 31847552 288059468 9698313872 1410186508 137 12222284 1451925172
======================
   8      16 sdb 19410459 215144 1822808820 41793856 31849454 288059468 9699287696 1410329800 155 12223288 1452067820
======================
   8      16 sdb 19410459 215144 1822808820 41793856 31851340 288059491 9700253008 1410465728 134 12224288 1452203240
======================
   8      16 sdb 19410460 215144 1822808828 41793940 31853253 288059491 9701231960 1410600340 139 12225292 1452338072
======================
   8      16 sdb 19410460 215144 1822808828 41793940 31855171 288059491 9702214488 1410742576 141 12226296 1452480260
======================
   8      16 sdb 19410460 215144 1822808828 41793940 31857087 288059491 9703194968 1410884816 145 12227300 1452622496
======================
   8      16 sdb 19410460 215144 1822808828 41793940 31859002 288059491 9704175448 1411027500 150 12228304 1452765200
======================
   8      16 sdb 19410461 215144 1822808836 41794028 31860908 288059513 9705150488 1411156536 142 12229308 1452894460
======================
   8      16 sdb 19410461 215144 1822808836 41794028 31862803 288059513 9706120728 1411299228 135 12230312 1453037012
======================
   8      16 sdb 19410461 215144 1822808836 41794028 31864690 288059513 9707086872 1411441388 136 12231316 1453179240
======================
   8      16 sdb 19410461 215144 1822808836 41794028 31866608 288059513 9708068888 1411583272 138 12232320 1453321128
======================
   8      16 sdb 19410462 215144 1822808844 41794112 31867355 288059580 9708445320 1411630620 0 12232704 1453363332
======================
   8      16 sdb 19410462 215144 1822808844 41794112 31867355 288059580 9708445320 1411630620 0 12232704 1453363332
======================
   8      16 sdb 19410462 215144 1822808844 41794112 31867355 288059580 9708445320 1411630620 0 12232704 1453363332
======================
   8      16 sdb 19410462 215144 1822808844 41794112 31867355 288059580 9708445320 1411630620 0 12232704 1453363332
======================
   8      16 sdb 19410462 215144 1822808844 41794112 31867355 288059580 9708445320 1411630620 0 12232704 1453363332
======================
started
   8      16 sdb 19410584 215144 1822809814 41794516 31867370 288059580 9708445376 1411630620 0 12232712 1453363736
======================
   8      16 sdb 19410584 215144 1822809814 41794516 31867370 288059580 9708445376 1411630620 0 12232712 1453363736
======================
   8      16 sdb 19410590 215144 1822809862 41794516 31867370 288059580 9708445376 1411630620 0 12232712 1453363736
======================
   8      16 sdb 19410590 215144 1822809862 41794516 31867370 288059580 9708445376 1411630620 0 12232712 1453363736
======================
   8      16 sdb 19410590 215144 1822809862 41794516 31871156 288059580 9710383168 1411703756 136 12233324 1453442100
======================
   8      16 sdb 19410590 215144 1822809862 41794516 31873056 288059580 9711354944 1411845604 156 12234332 1453585980
======================
   8      16 sdb 19410590 215144 1822809862 41794516 31874988 288059580 9712343104 1411989796 145 12235332 1453728060
======================
   8      16 sdb 19410590 215144 1822809862 41794516 31876885 288059582 9713311848 1412132692 138 12236336 1453871072
======================
   8      16 sdb 19410590 215144 1822809862 41794516 31878800 288059582 9714290800 1412275584 143 12237340 1454013996
======================
   8      16 sdb 19410590 215144 1822809862 41794516 31880715 288059582 9715270256 1412417884 148 12238344 1454156528
======================
   8      16 sdb 19410590 215144 1822809862 41794516 31882628 288059582 9716248688 1412560160 155 12239344 1454298324
======================
   8      16 sdb 19410590 215144 1822809862 41794516 31884551 288059582 9717232240 1412702084 152 12240348 1454440376
======================
   8      16 sdb 19410590 215144 1822809862 41794516 31886475 288059583 9718215304 1412843948 150 12241348 1454582044
======================
   8      16 sdb 19410590 215144 1822809862 41794516 31888369 288059583 9719184008 1412986224 144 12242352 1454724376
======================
   8      16 sdb 19410590 215144 1822809862 41794516 31890270 288059583 9720156296 1413128684 131 12243356 1454866924
======================
   8      16 sdb 19410590 215144 1822809862 41794516 31892181 288059583 9721133704 1413270696 140 12244360 1455009132
======================
   8      16 sdb 19410590 215144 1822809862 41794516 31894094 288059583 9722112136 1413413264 147 12245364 1455151920
======================
   8      16 sdb 19410590 215144 1822809862 41794516 31896020 288059584 9723096224 1413555628 144 12246364 1455293780
======================
   8      16 sdb 19410590 215144 1822809862 41794516 31897940 288059584 9724078240 1413697712 143 12247368 1455435976
======================
   8      16 sdb 19410590 215144 1822809862 41794516 31899857 288059584 9725058720 1413840056 146 12248372 1455578340
======================
   8      16 sdb 19410590 215144 1822809862 41794516 31901773 288059584 9726038688 1413982852 150 12249376 1455720972
======================
   8      16 sdb 19410590 215144 1822809862 41794516 31903666 288059584 9727007520 1414125644 145 12250380 1455863844
======================
   8      16 sdb 19410590 215144 1822809862 41794516 31905593 288059585 9727993144 1414267468 140 12251384 1456005328
======================
   8      16 sdb 19410590 215144 1822809862 41794516 31907521 288059585 9728980280 1414409052 132 12252392 1456147364
======================
   8      16 sdb 19410590 215144 1822809862 41794516 31909436 288059585 9729960760 1414551624 137 12253396 1456289776
======================
   8      16 sdb 19410590 215144 1822809862 41794516 31911355 288059585 9730943288 1414693712 138 12254400 1456431904
======================
   8      16 sdb 19410590 215144 1822809862 41794516 31913257 288059586 9731917112 1414836084 157 12255404 1456573716
======================
   8      16 sdb 19410590 215144 1822809862 41794516 31915174 288059586 9732897616 1414977948 129 12256408 1456716000
======================
   8      16 sdb 19410590 215144 1822809862 41794516 31917076 288059586 9733871440 1415119648 147 12257412 1456857928
======================
   8      16 sdb 19410590 215144 1822809862 41794516 31918991 288059586 9734851920 1415261496 152 12258412 1456999448
======================
   8      16 sdb 19410590 215144 1822809862 41794516 31920909 288059586 9735833936 1415403424 154 12259416 1457141540
======================
   8      16 sdb 19410590 215144 1822809862 41794516 31922818 288059587 9736811344 1415545808 134 12260420 1457284052
======================
   8      16 sdb 19410590 215144 1822809862 41794516 31924745 288059587 9737796968 1415688328 128 12261424 1457426208
======================
   8      16 sdb 19410590 215144 1822809862 41794516 31926666 288059587 9738780520 1415830520 132 12262428 1457568380
======================
   8      16 sdb 19410590 215144 1822809862 41794516 31928554 288059587 9739747176 1415972492 134 12263432 1457710360
======================
   8      16 sdb 19410590 215144 1822809862 41794516 31930455 288059587 9740720488 1416114460 146 12264436 1457852568
======================
   8      16 sdb 19410590 215144 1822809862 41794516 31932371 288059588 9741701480 1416256776 151 12265440 1457994872
======================
   8      16 sdb 19410590 215144 1822809862 41794516 31934290 288059588 9742683008 1416399352 153 12266444 1458137432
======================
   8      16 sdb 19410590 215144 1822809862 41794516 31936207 288059588 9743664512 1416541948 156 12267448 1458279808
======================
   8      16 sdb 19410590 215144 1822809862 41794516 31938101 288059588 9744634240 1416684240 150 12268452 1458421900
======================
   8      16 sdb 19410590 215144 1822809862 41794516 31940032 288059588 9745622912 1416826364 139 12269456 1458564524
======================
   8      16 sdb 19410590 215144 1822809862 41794516 31941947 288059589 9746603392 1416968604 145 12270460 1458706596
======================
   8      16 sdb 19410590 215144 1822809862 41794516 31943843 288059589 9747573144 1417109972 138 12271464 1458848892
======================
   8      16 sdb 19410590 215144 1822809862 41794516 31945759 288059589 9748554136 1417252648 142 12272468 1458991252
======================
   8      16 sdb 19410590 215144 1822809862 41794516 31947657 288059589 9749525912 1417395368 132 12273472 1459133540
======================
   8      16 sdb 19410590 215144 1822809862 41794516 31949573 288059589 9750506904 1417537904 137 12274476 1459276268
======================
   8      16 sdb 19410590 215144 1822809862 41794516 31951500 288059590 9751493528 1417680500 130 12275480 1459418468
======================
   8      16 sdb 19410590 215144 1822809862 41794516 31953415 288059590 9752473008 1417822912 136 12276484 1459560820
======================
   8      16 sdb 19410590 215144 1822809862 41794516 31955337 288059590 9753457072 1417965272 134 12277488 1459703168
======================
   8      16 sdb 19410590 215144 1822809862 41794516 31957254 288059590 9754438576 1418107368 137 12278492 1459845160
======================
   8      16 sdb 19410590 215144 1822809862 41794516 31959153 288059590 9755410864 1418250024 145 12279496 1459987680
======================
   8      16 sdb 19410590 215144 1822809862 41794516 31961057 288059591 9756385216 1418394556 135 12280504 1460132596
======================
   8      16 sdb 19410590 215144 1822809862 41794516 31962980 288059591 9757369288 1418537032 132 12281508 1460275060
======================
   8      16 sdb 19410590 215144 1822809862 41794516 31964904 288059591 9758354376 1418679844 128 12282512 1460417580
======================
   8      16 sdb 19410590 215144 1822809862 41794516 31966824 288059591 9759337416 1418822676 128 12283520 1460560576
======================
   8      16 sdb 19410590 215144 1822809862 41794516 31968752 288059591 9760324552 1418965412 152 12284524 1460703204
======================
   8      16 sdb 19410590 215144 1822809862 41794516 31970677 288059592 9761309656 1419108284 149 12285528 1460845872
======================
   8      16 sdb 19410590 215144 1822809862 41794516 31972581 288059592 9762284000 1419251016 133 12286536 1460989152
======================
   8      16 sdb 19410590 215144 1822809862 41794516 31974486 288059592 9763259360 1419393356 148 12287536 1461131128
======================
   8      16 sdb 19410590 215144 1822809862 41794516 31976399 288059592 9764238816 1419535576 155 12288540 1461273492
======================
   8      16 sdb 19410590 215144 1822809862 41794516 31978322 288059592 9765223392 1419678480 152 12289544 1461416460
======================
   8      16 sdb 19410590 215144 1822809862 41794516 31980230 288059593 9766199792 1419820132 134 12290548 1461559336
======================
   8      16 sdb 19410590 215144 1822809862 41794516 31982147 288059593 9767180792 1419963344 137 12291548 1461701160
