======================
   8      32 sdc 546796 7823 153458398 11276224 5544087 162075814 2823066976 1595413812 0 10884868 1607223228
======================
   8      32 sdc 546796 7823 153458398 11276224 5544087 162075814 2823066976 1595413812 0 10884868 1607223228
======================
   8      32 sdc 546798 7823 153458414 11276236 5544087 162075814 2823066976 1595413812 0 10884880 1607223240
======================
   8      32 sdc 546798 7823 153458414 11276236 5544087 162075814 2823066976 1595413812 0 10884880 1607223240
======================
   8      32 sdc 546799 7823 153458422 11276256 5545295 162075814 2823685472 1595450076 141 10885360 1607279720
======================
   8      32 sdc 546799 7823 153458422 11276256 5545577 162075814 2823829856 1595576004 147 10886364 1607423676
======================
   8      32 sdc 546799 7823 153458422 11276256 5545848 162075814 2823968608 1595720276 132 10887368 1607567368
======================
   8      32 sdc 546799 7823 153458422 11276256 5546122 162075814 2824108896 1595865552 147 10888372 1607711284
======================
   8      32 sdc 546799 7823 153458422 11276256 5546396 162075831 2824248312 1596007008 130 10889376 1607854640
======================
   8      32 sdc 546799 7823 153458422 11276256 5546531 162075831 2824317432 1596105332 155 10890380 1608008276
======================
   8      32 sdc 546799 7823 153458422 11276256 5546532 162075831 2824317944 1596107264 154 10891384 1608163864
======================
   8      32 sdc 546799 7823 153458422 11276256 5547584 162075831 2824857080 1596492028 158 10892388 1608309576
======================
   8      32 sdc 546799 7823 153458422 11276256 5547934 162075831 2825035768 1596529212 128 10893392 1608442184
======================
   8      32 sdc 546799 7823 153458422 11276256 5547979 162075831 2825058808 1596610312 147 10894396 1608571924
======================
   8      32 sdc 546799 7823 153458422 11276256 5548842 162075831 2825500664 1596897628 148 10895400 1608714932
======================
   8      32 sdc 546799 7823 153458422 11276256 5550516 162075831 2826357752 1597065012 138 10896588 1608883892
======================
   8      32 sdc 546799 7823 153458422 11276256 5551270 162075831 2826743800 1597205100 152 10897592 1609027396
======================
   8      32 sdc 546800 7823 153458430 11276432 5551924 162075831 2827078648 1597337180 136 10898600 1609163920
======================
   8      32 sdc 546800 7823 153458430 11276432 5552565 162075831 2827406840 1597480532 135 10899604 1609307564
======================
   8      32 sdc 546800 7823 153458430 11276432 5553207 162075831 2827735544 1597624332 133 10900608 1609451360
======================
   8      32 sdc 546800 7823 153458430 11276432 5553848 162075831 2828063736 1597767784 132 10901616 1609595520
======================
   8      32 sdc 546800 7823 153458430 11276432 5554462 162075831 2828378104 1597918480 158 10902620 1609742212
======================
   8      32 sdc 546800 7823 153458430 11276432 5555147 162075831 2828728824 1598059356 145 10903628 1609886452
======================
   8      32 sdc 546800 7823 153458430 11276432 5555792 162075831 2829059064 1598203692 140 10904632 1610030228
======================
   8      32 sdc 546800 7823 153458430 11276432 5556468 162075831 2829405176 1598347964 136 10905636 1610173820
======================
   8      32 sdc 546800 7823 153458430 11276432 5556841 162075831 2829596152 1598427140 147 10906640 1610319840
======================
   8      32 sdc 546800 7823 153458430 11276432 5557752 162075831 2830062584 1598635876 154 10907644 1610463700
======================
   8      32 sdc 546800 7823 153458430 11276432 5558380 162075831 2830384120 1598781168 134 10908648 1610607708
======================
   8      32 sdc 546800 7823 153458430 11276432 5559050 162075831 2830727160 1598924324 136 10909652 1610750892
======================
   8      32 sdc 546801 7823 153458438 11276644 5559705 162075831 2831062520 1599051140 141 10910656 1610878304
======================
   8      32 sdc 546801 7823 153458438 11276644 5560281 162075831 2831357432 1599179412 141 10911660 1611022716
======================
   8      32 sdc 546801 7823 153458438 11276644 5560942 162075831 2831695864 1599341016 152 10912664 1611165848
======================
   8      32 sdc 546801 7823 153458438 11276644 5561638 162075831 2832052216 1599483184 128 10913668 1611309808
======================
   8      32 sdc 546801 7823 153458438 11276644 5562290 162075831 2832386040 1599628128 148 10914672 1611454128
======================
   8      32 sdc 546801 7823 153458438 11276644 5562932 162075831 2832714744 1599769596 146 10915676 1611597596
======================
   8      32 sdc 546801 7823 153458438 11276644 5563579 162075831 2833046008 1599913448 139 10916676 1611740784
======================
   8      32 sdc 546801 7823 153458438 11276644 5564246 162075831 2833387512 1600057356 144 10917684 1611884692
======================
   8      32 sdc 546801 7823 153458438 11276644 5564894 162075831 2833719288 1600200400 136 10918688 1612028260
======================
   8      32 sdc 546801 7823 153458438 11276644 5565537 162075831 2834048504 1600344024 133 10919692 1612171652
======================
   8      32 sdc 546801 7823 153458438 11276644 5566179 162075831 2834377208 1600480952 131 10920696 1612308460
======================
   8      32 sdc 546801 7823 153458438 11276644 5566823 162075831 2834706936 1600624568 83 10921700 1612448960
======================
   8      32 sdc 546802 7823 153458446 11276860 5567464 162075831 2835035128 1600754084 146 10922708 1612581920
======================
   8      32 sdc 546802 7823 153458446 11276860 5568120 162075831 2835371000 1600897300 130 10923708 1612724940
======================
   8      32 sdc 546802 7823 153458446 11276860 5568726 162075831 2835681272 1601043024 132 10924716 1612867768
======================
   8      32 sdc 546802 7823 153458446 11276860 5569373 162075831 2836012536 1601173260 157 10925720 1613012460
======================
   8      32 sdc 546802 7823 153458446 11276860 5569920 162075831 2836292600 1601329340 154 10926724 1613158404
======================
   8      32 sdc 546802 7823 153458446 11276860 5570547 162075831 2836613624 1601473628 135 10927728 1613302232
======================
   8      32 sdc 546802 7823 153458446 11276860 5571201 162075831 2836948472 1601618664 153 10928732 1613445940
======================
   8      32 sdc 546802 7823 153458446 11276860 5571822 162075831 2837266424 1601764220 140 10929736 1613588644
======================
   8      32 sdc 546802 7823 153458446 11276860 5572542 162075831 2837635064 1601904540 156 10930736 1613731536
======================
   8      32 sdc 546802 7823 153458446 11276860 5573204 162075831 2837974008 1602049964 147 10931740 1613877960
======================
   8      32 sdc 546802 7823 153458446 11276860 5573830 162075831 2838294520 1602193148 129 10932744 1614021320
======================
   8      32 sdc 546802 7823 153458446 11276860 5574469 162075831 2838621688 1602338184 85 10933748 1614162392
======================
   8      32 sdc 546803 7823 153458454 11277092 5575091 162075831 2838940152 1602465216 154 10934752 1614289368
======================
   8      32 sdc 546803 7823 153458454 11277092 5575772 162075831 2839288824 1602604616 145 10935756 1614432896
======================
   8      32 sdc 546803 7823 153458454 11277092 5576411 162075831 2839615992 1602747644 146 10936760 1614576684
======================
   8      32 sdc 546803 7823 153458454 11277092 5577021 162075831 2839928312 1602880856 144 10937760 1614719600
======================
   8      32 sdc 546803 7823 153458454 11277092 5577566 162075831 2840207352 1603036496 143 10938764 1614862964
======================
   8      32 sdc 546803 7823 153458454 11277092 5578208 162075831 2840536056 1603178484 141 10939768 1615006688
======================
   8      32 sdc 546803 7823 153458454 11277092 5578851 162075831 2840865272 1603322312 138 10940772 1615150320
======================
   8      32 sdc 546803 7823 153458454 11277092 5579490 162075831 2841192440 1603465136 139 10941776 1615293772
======================
   8      32 sdc 546803 7823 153458454 11277092 5580154 162075831 2841532408 1603607432 156 10942780 1615433060
======================
   8      32 sdc 546803 7823 153458454 11277092 5580816 162075831 2841871352 1603750472 134 10943784 1615578244
======================
   8      32 sdc 546803 7823 153458454 11277092 5581433 162075831 2842187256 1603906884 154 10944788 1615720872
======================
   8      32 sdc 546803 7823 153458454 11277092 5582114 162075831 2842535928 1604036848 120 10945788 1615863560
======================
   8      32 sdc 546803 7823 153458454 11277092 5582218 162075831 2842589176 1604058924 16 10946792 1615887752
======================
   8      32 sdc 546804 7823 153458462 11278692 5583388 162075831 2843188216 1604126768 151 10947796 1615956820
======================
   8      32 sdc 546804 7823 153458462 11278692 5584027 162075831 2843515384 1604271908 152 10948800 1616100564
======================
   8      32 sdc 546804 7823 153458462 11278692 5584621 162075831 2843819512 1604405940 134 10949804 1616242272
======================
   8      32 sdc 546804 7823 153458462 11278692 5585367 162075831 2844201464 1604556676 156 10950808 1616385640
======================
   8      32 sdc 546804 7823 153458462 11278692 5586005 162075831 2844528120 1604699836 158 10951812 1616530256
======================
   8      32 sdc 546804 7823 153458462 11278692 5586630 162075831 2844848120 1604843524 141 10952816 1616674052
======================
   8      32 sdc 546804 7823 153458462 11278692 5587300 162075831 2845191160 1604988364 143 10953820 1616817528
======================
   8      32 sdc 546804 7823 153458462 11278692 5587970 162075831 2845534200 1605130932 145 10954820 1616960480
======================
   8      32 sdc 546804 7823 153458462 11278692 5588613 162075831 2845863416 1605274692 142 10955824 1617104088
======================
   8      32 sdc 546804 7823 153458462 11278692 5589246 162075831 2846187512 1605414356 131 10956828 1617240808
======================
   8      32 sdc 546805 7823 153458470 11278896 5589880 162075831 2846512120 1605551076 158 10957832 1617371564
======================
   8      32 sdc 546805 7823 153458470 11278896 5590525 162075831 2846842360 1605684876 153 10958836 1617514664
======================
   8      32 sdc 546805 7823 153458470 11278896 5591167 162075831 2847171064 1605827712 151 10959840 1617657604
======================
   8      32 sdc 546805 7823 153458470 11278896 5591809 162075831 2847499768 1605971048 149 10960844 1617801172
======================
   8      32 sdc 546805 7823 153458470 11278896 5592297 162075831 2847749624 1606099484 141 10961852 1617943244
======================
   8      32 sdc 546805 7823 153458470 11278896 5592968 162075831 2848093176 1606255172 142 10962852 1618084816
======================
   8      32 sdc 546805 7823 153458470 11278896 5593610 162075831 2848421880 1606398096 140 10963856 1618228172
======================
   8      32 sdc 546805 7823 153458470 11278896 5594259 162075831 2848754168 1606542236 131 10964860 1618371448
======================
   8      32 sdc 546805 7823 153458470 11278896 5594930 162075831 2849097720 1606685808 132 10965864 1618515024
======================
   8      32 sdc 546805 7823 153458470 11278896 5595580 162075831 2849430520 1606827764 154 10966872 1618658828
======================
   8      32 sdc 546805 7823 153458470 11278896 5595825 162075831 2849555960 1606883908 133 10967872 1618795652
======================
   8      32 sdc 546805 7823 153458470 11278896 5596863 162075831 2850087416 1607103256 135 10968876 1618932516
======================
   8      32 sdc 546805 7823 153458470 11278896 5597531 162075831 2850429432 1607245660 31 10969880 1619064824
======================
   8      32 sdc 546806 7823 153458478 11279092 5598193 162075831 2850768376 1607373220 132 10970888 1619201192
======================
   8      32 sdc 546806 7823 153458478 11279092 5598853 162075831 2851106296 1607512868 144 10971892 1619344824
======================
   8      32 sdc 546806 7823 153458478 11279092 5599479 162075831 2851426808 1607661764 158 10972896 1619489680
======================
   8      32 sdc 546806 7823 153458478 11279092 5600086 162075831 2851737592 1607804316 131 10973900 1619632664
======================
   8      32 sdc 546806 7823 153458478 11279092 5600770 162075831 2852087800 1607945548 147 10974904 1619776428
======================
   8      32 sdc 546806 7823 153458478 11279092 5601413 162075831 2852417016 1608089188 144 10975908 1619919848
======================
   8      32 sdc 546806 7823 153458478 11279092 5602055 162075831 2852745720 1608236588 142 10976912 1620064864
======================
   8      32 sdc 546806 7823 153458478 11279092 5602695 162075831 2853073400 1608377900 142 10977912 1620207728
======================
   8      32 sdc 546806 7823 153458478 11279092 5603341 162075831 2853404152 1608521020 136 10978916 1620351440
======================
   8      32 sdc 546806 7823 153458478 11279092 5603984 162075831 2853733880 1608664608 133 10979924 1620495300
======================
   8      32 sdc 546806 7823 153458478 11279092 5604627 162075831 2854062584 1608808412 130 10980928 1620638584
======================
   8      32 sdc 546806 7823 153458478 11279092 5605184 162075831 2854347768 1608942844 26 10981928 1620765620
======================
   8      32 sdc 546807 7823 153458486 11279364 5605894 162075831 2854711288 1609073844 157 10982932 1620901000
======================
   8      32 sdc 546807 7823 153458486 11279364 5606555 162075831 2855049720 1609213948 136 10983936 1621044672
======================
   8      32 sdc 546807 7823 153458486 11279364 5607198 162075831 2855378936 1609357916 133 10984944 1621188856
======================
   8      32 sdc 546807 7823 153458486 11279364 5607856 162075831 2855715832 1609502052 147 10985944 1621331944
======================
   8      32 sdc 546807 7823 153458486 11279364 5608491 162075831 2856040952 1609643400 152 10986948 1621475592
======================
   8      32 sdc 546807 7823 153458486 11279364 5609120 162075831 2856363000 1609788388 131 10987952 1621619020
======================
   8      32 sdc 546807 7823 153458486 11279364 5609792 162075831 2856707064 1609931880 135 10988964 1621761896
======================
   8      32 sdc 546807 7823 153458486 11279364 5610468 162075831 2857053176 1610075096 131 10989968 1621905304
======================
   8      32 sdc 546807 7823 153458486 11279364 5611146 162075831 2857400312 1610218956 157 10990972 1622048668
======================
   8      32 sdc 546807 7823 153458486 11279364 5611792 162075831 2857731064 1610362764 151 10991976 1622193992
======================
   8      32 sdc 546807 7823 153458486 11279364 5612421 162075831 2858053112 1610506776 130 10992984 1622338016
======================
   8      32 sdc 546808 7823 153458494 11279576 5613058 162075831 2858379256 1610636668 132 10993988 1622466900
======================
   8      32 sdc 546808 7823 153458494 11279576 5613729 162075831 2858722808 1610780192 133 10994992 1622610360
======================
   8      32 sdc 546808 7823 153458494 11279576 5614368 162075831 2859050488 1610922764 134 10995996 1622753996
======================
   8      32 sdc 546808 7823 153458494 11279576 5614967 162075831 2859356664 1611065664 133 10997000 1622894336
======================
   8      32 sdc 546808 7823 153458494 11279576 5615652 162075831 2859707384 1611210436 152 10998000 1623039196
======================
   8      32 sdc 546808 7823 153458494 11279576 5616300 162075831 2860039160 1611351308 144 10999004 1623182660
======================
   8      32 sdc 546808 7823 153458494 11279576 5616941 162075831 2860367352 1611494688 143 11000004 1623325756
======================
   8      32 sdc 546808 7823 153458494 11279576 5617582 162075831 2860695544 1611638144 142 11001008 1623469492
======================
   8      32 sdc 546808 7823 153458494 11279576 5618233 162075831 2861028856 1611781872 131 11002008 1623612388
======================
   8      32 sdc 546808 7823 153458494 11279576 5618864 162075831 2861351928 1611927704 140 11003016 1623755016
======================
   8      32 sdc 546808 7823 153458494 11279576 5619539 162075831 2861697528 1612068192 137 11004020 1623899332
======================
   8      32 sdc 546808 7823 153458494 11279576 5620186 162075831 2862028792 1612213084 130 11005032 1624044008
======================
   8      32 sdc 546809 7823 153458502 11279796 5620833 162075831 2862360056 1612344600 155 11006036 1624174812
======================
   8      32 sdc 546809 7823 153458502 11279796 5621504 162075831 2862703608 1612488128 156 11007048 1624319708
======================
   8      32 sdc 546809 7823 153458502 11279796 5622129 162075831 2863023608 1612631780 139 11008052 1624463648
======================
   8      32 sdc 546809 7823 153458502 11279796 5622757 162075831 2863345144 1612774752 151 11009056 1624602692
======================
   8      32 sdc 546809 7823 153458502 11279796 5623426 162075831 2863687672 1612916400 154 11010056 1624745676
======================
   8      32 sdc 546809 7823 153458502 11279796 5624087 162075831 2864026104 1613061672 133 11011060 1624889640
======================
   8      32 sdc 546809 7823 153458502 11279796 5624733 162075831 2864356856 1613201276 156 11012064 1625033468
======================
   8      32 sdc 546809 7823 153458502 11279796 5625358 162075831 2864676856 1613344828 142 11013068 1625177348
======================
   8      32 sdc 546809 7823 153458502 11279796 5626027 162075831 2865019384 1613489756 145 11014072 1625320916
======================
   8      32 sdc 546809 7823 153458502 11279796 5626697 162075831 2865362424 1613632400 147 11015072 1625463896
======================
   8      32 sdc 546809 7823 153458502 11279796 5627338 162075831 2865690616 1613775540 146 11016076 1625607544
======================
   8      32 sdc 546809 7823 153458502 11279796 5627967 162075831 2866012664 1613923732 157 11017080 1625752924
======================
   8      32 sdc 546810 7823 153458510 11280020 5628618 162075831 2866345976 1614051420 146 11018080 1625882992
======================
   8      32 sdc 546810 7823 153458510 11280020 5629270 162075831 2866679800 1614194484 134 11019084 1626026696
======================
   8      32 sdc 546810 7823 153458510 11280020 5629911 162075831 2867007992 1614338028 133 11020084 1626169840
======================
   8      32 sdc 546810 7823 153458510 11280020 5630552 162075831 2867336184 1614481292 132 11021088 1626313352
======================
   8      32 sdc 546810 7823 153458510 11280020 5631108 162075831 2867620856 1614621244 152 11022092 1626455044
======================
   8      32 sdc 546810 7823 153458510 11280020 5631494 162075831 2867818488 1614696284 150 11023092 1626602060
======================
   8      32 sdc 546810 7823 153458510 11280020 5632490 162075831 2868328440 1614914840 149 11024096 1626743980
======================
   8      32 sdc 546810 7823 153458510 11280020 5633147 162075831 2868664824 1615056068 132 11025100 1626887400
======================
   8      32 sdc 546810 7823 153458510 11280020 5633823 162075831 2869010936 1615199656 128 11026104 1627030772
======================
   8      32 sdc 546810 7823 153458510 11280020 5634473 162075831 2869343736 1615340920 150 11027104 1627174004
======================
   8      32 sdc 546810 7823 153458510 11280020 5635099 162075831 2869664248 1615484864 132 11028108 1627317424
======================
   8      32 sdc 546810 7823 153458510 11280020 5635753 162075831 2869999096 1615629452 150 11029108 1627460488
======================
   8      32 sdc 546811 7823 153458518 11280400 5636400 162075831 2870330360 1615756468 156 11030112 1627586824
======================
   8      32 sdc 546811 7823 153458518 11280400 5637070 162075831 2870673400 1615898928 158 11031116 1627730492
======================
   8      32 sdc 546811 7823 153458518 11280400 5637728 162075831 2871010296 1616039320 140 11032116 1627873716
======================
   8      32 sdc 546811 7823 153458518 11280400 5638359 162075831 2871333368 1616184396 149 11033120 1628017412
======================
   8      32 sdc 546811 7823 153458518 11280400 5639016 162075831 2871669752 1616329288 132 11034124 1628160908
======================
   8      32 sdc 546811 7823 153458518 11280400 5639306 162075831 2871818232 1616390896 130 11035128 1628296984
======================
   8      32 sdc 546811 7823 153458518 11280400 5640320 162075831 2872337400 1616604272 145 11036128 1628436564
======================
   8      32 sdc 546811 7823 153458518 11280400 5640969 162075831 2872669688 1616746996 136 11037132 1628580084
======================
   8      32 sdc 546811 7823 153458518 11280400 5641632 162075831 2873009144 1616890444 145 11038136 1628723856
======================
   8      32 sdc 546811 7823 153458518 11280400 5642276 162075831 2873338872 1617034032 141 11039140 1628867532
======================
   8      32 sdc 546811 7823 153458518 11280400 5642922 162075831 2873669624 1617178684 135 11040144 1629011308
======================
   8      32 sdc 546811 7823 153458518 11280400 5643543 162075831 2873987576 1617323528 67 11041148 1629149508
======================
   8      32 sdc 546812 7823 153458526 11280600 5644183 162075831 2874315256 1617447324 159 11042152 1629280932
======================
   8      32 sdc 546812 7823 153458526 11280600 5644855 162075831 2874659320 1617592500 130 11043156 1629424256
======================
   8      32 sdc 546812 7823 153458526 11280600 5645509 162075831 2874994168 1617734976 145 11044160 1629568028
======================
   8      32 sdc 546812 7823 153458526 11280600 5646138 162075831 2875316216 1617876932 156 11045160 1629710888
======================
   8      32 sdc 546812 7823 153458526 11280600 5646747 162075831 2875628024 1618025888 155 11046164 1629854344
======================
   8      32 sdc 546812 7823 153458526 11280600 5647438 162075831 2875981816 1618163628 136 11047168 1629997780
======================
   8      32 sdc 546812 7823 153458526 11280600 5648066 162075831 2876303352 1618307652 148 11048168 1630140684
======================
   8      32 sdc 546812 7823 153458526 11280600 5648733 162075831 2876644856 1618452524 153 11049172 1630284108
======================
   8      32 sdc 546812 7823 153458526 11280600 5649409 162075831 2876990968 1618596008 149 11050176 1630427604
======================
   8      32 sdc 546812 7823 153458526 11280600 5650058 162075831 2877323256 1618744296 140 11051184 1630573476
======================
   8      32 sdc 546812 7823 153458526 11280600 5650724 162075831 2877664248 1618886352 146 11052192 1630717344
======================
   8      32 sdc 546813 7823 153458534 11280832 5651345 162075831 2877982200 1619013944 133 11053196 1630841520
======================
   8      32 sdc 546813 7823 153458534 11280832 5652001 162075831 2878318072 1619152972 149 11054200 1630984812
======================
   8      32 sdc 546813 7823 153458534 11280832 5652678 162075831 2878664696 1619296412 144 11055204 1631128348
======================
   8      32 sdc 546813 7823 153458534 11280832 5653324 162075831 2878995448 1619439112 138 11056208 1631271776
======================
   8      32 sdc 546813 7823 153458534 11280832 5653819 162075831 2879248888 1619564528 155 11057220 1631418860
======================
   8      32 sdc 546813 7823 153458534 11280832 5654486 162075831 2879590392 1619731112 128 11058228 1631562832
======================
   8      32 sdc 546813 7823 153458534 11280832 5655131 162075831 2879920632 1619873444 155 11059228 1631705752
======================
   8      32 sdc 546813 7823 153458534 11280832 5655773 162075831 2880249336 1620016600 153 11060236 1631849680
======================
   8      32 sdc 546813 7823 153458534 11280832 5656415 162075831 2880578040 1620159576 151 11061236 1631992200
======================
   8      32 sdc 546813 7823 153458534 11280832 5657063 162075831 2880909816 1620303548 143 11062240 1632135836
======================
   8      32 sdc 546813 7823 153458534 11280832 5657713 162075831 2881242616 1620448044 133 11063244 1632277532
======================
   8      32 sdc 546813 7823 153458534 11280832 5658380 162075831 2881584120 1620588304 138 11064248 1632421276
======================
   8      32 sdc 546814 7823 153458542 11281068 5658995 162075831 2881899000 1620721116 138 11065248 1632543028
======================
   8      32 sdc 546814 7823 153458542 11281068 5659659 162075831 2882238968 1620854180 146 11066256 1632687304
======================
   8      32 sdc 546814 7823 153458542 11281068 5660328 162075831 2882581496 1620997552 149 11067264 1632831068
======================
   8      32 sdc 546814 7823 153458542 11281068 5660954 162075831 2882902008 1621139164 131 11068264 1632972596
======================
   8      32 sdc 546814 7823 153458542 11281068 5661445 162075831 2883153400 1621252676 152 11069272 1633113456
======================
   8      32 sdc 546814 7823 153458542 11281068 5662127 162075831 2883502584 1621424808 142 11070284 1633258244
======================
   8      32 sdc 546814 7823 153458542 11281068 5662794 162075831 2883844088 1621568240 147 11071288 1633401616
======================
   8      32 sdc 546814 7823 153458542 11281068 5663453 162075831 2884181496 1621711196 128 11072296 1633545656
======================
   8      32 sdc 546814 7823 153458542 11281068 5664042 162075831 2884483064 1621855784 147 11073296 1633687212
======================
   8      32 sdc 546814 7823 153458542 11281068 5664727 162075831 2884833784 1621997472 134 11074300 1633830756
======================
   8      32 sdc 546814 7823 153458542 11281068 5665402 162075831 2885179384 1622140816 131 11075304 1633974212
======================
   8      32 sdc 546814 7823 153458542 11281068 5666044 162075831 2885508088 1622284736 129 11076304 1634115512
======================
   8      32 sdc 546815 7823 153458550 11281284 5666668 162075831 2885827576 1622408852 143 11077312 1634237812
======================
   8      32 sdc 546815 7823 153458550 11281284 5667334 162075831 2886168568 1622546828 149 11078316 1634381432
======================
   8      32 sdc 546815 7823 153458550 11281284 5667994 162075831 2886506488 1622689972 129 11079320 1634525016
======================
   8      32 sdc 546815 7823 153458550 11281284 5668635 162075831 2886834680 1622833512 128 11080320 1634668212
======================
   8      32 sdc 546815 7823 153458550 11281284 5669260 162075831 2887154680 1622977264 143 11081324 1634812564
======================
   8      32 sdc 546815 7823 153458550 11281284 5669829 162075831 2887446008 1623123732 150 11082332 1634957696
======================
   8      32 sdc 546815 7823 153458550 11281284 5670568 162075831 2887824888 1623265280 147 11083332 1635100572
======================
   8      32 sdc 546815 7823 153458550 11281284 5671183 162075831 2888139256 1623409092 140 11084336 1635241892
======================
   8      32 sdc 546815 7823 153458550 11281284 5671855 162075831 2888483320 1623550580 140 11085344 1635386028
======================
   8      32 sdc 546815 7823 153458550 11281284 5672526 162075831 2888826872 1623695444 141 11086352 1635530260
======================
   8      32 sdc 546815 7823 153458550 11281284 5673196 162075831 2889169912 1623837992 143 11087356 1635674764
======================
   8      32 sdc 546815 7823 153458550 11281284 5673803 162075831 2889480696 1623985224 144 11088360 1635819412
======================
   8      32 sdc 546816 7823 153458558 11281516 5674436 162075831 2889804792 1624113924 153 11089364 1635949568
======================
   8      32 sdc 546816 7823 153458558 11281516 5675111 162075831 2890150392 1624256968 150 11090368 1636092996
======================
   8      32 sdc 546816 7823 153458558 11281516 5675781 162075831 2890493432 1624399204 152 11091368 1636234868
======================
   8      32 sdc 546816 7823 153458558 11281516 5676454 162075831 2890838008 1624541692 151 11092372 1636378392
======================
   8      32 sdc 546816 7823 153458558 11281516 5676938 162075831 2891085816 1624685292 147 11093372 1636521248
======================
   8      32 sdc 546816 7823 153458558 11281516 5677593 162075831 2891421176 1624828936 132 11094380 1636665316
======================
   8      32 sdc 546816 7823 153458558 11281516 5678270 162075831 2891767800 1624972676 139 11095384 1636808784
======================
   8      32 sdc 546816 7823 153458558 11281516 5678917 162075831 2892099064 1625115360 152 11096388 1636952540
======================
   8      32 sdc 546816 7823 153458558 11281516 5679561 162075831 2892428792 1625258984 148 11097392 1637095512
======================
   8      32 sdc 546816 7823 153458558 11281516 5680205 162075831 2892758520 1625404460 144 11098396 1637238404
======================
   8      32 sdc 546816 7823 153458558 11281516 5680883 162075831 2893105656 1625544820 138 11099396 1637381660
======================
   8      32 sdc 546816 7823 153458558 11281516 5681521 162075831 2893432312 1625696172 156 11100400 1637530900
======================
   8      32 sdc 546817 7823 153458566 11281728 5682144 162075831 2893751288 1625819176 144 11101404 1637656528
======================
   8      32 sdc 546817 7823 153458566 11281728 5682782 162075831 2894077944 1625962920 146 11102404 1637800896
======================
   8      32 sdc 546817 7823 153458566 11281728 5683406 162075831 2894397432 1626108456 130 11103408 1637942460
======================
   8      32 sdc 546817 7823 153458566 11281728 5684100 162075831 2894752760 1626248092 140 11104408 1638085120
======================
   8      32 sdc 546817 7823 153458566 11281728 5684589 162075831 2895003128 1626391176 131 11105412 1638229380
======================
   8      32 sdc 546817 7823 153458566 11281728 5685252 162075831 2895342584 1626535392 140 11106412 1638372112
======================
   8      32 sdc 546817 7823 153458566 11281728 5685910 162075831 2895679480 1626681076 154 11107416 1638517376
======================
   8      32 sdc 546817 7823 153458566 11281728 5686491 162075831 2895976952 1626823504 149 11108420 1638661924
======================
   8      32 sdc 546817 7823 153458566 11281728 5687109 162075831 2896293368 1626967492 139 11109420 1638803132
======================
   8      32 sdc 546817 7823 153458566 11281728 5687790 162075831 2896642040 1627109196 130 11110424 1638945812
======================
   8      32 sdc 546817 7823 153458566 11281728 5688460 162075831 2896985080 1627252196 132 11111428 1639089192
======================
   8      32 sdc 546817 7823 153458566 11281728 5689136 162075831 2897331192 1627395764 128 11112444 1639233044
======================
   8      32 sdc 546818 7823 153458574 11281960 5689761 162075831 2897651192 1627519304 148 11113448 1639356904
======================
   8      32 sdc 546818 7823 153458574 11281960 5690395 162075831 2897975800 1627663948 154 11114468 1639502552
======================
   8      32 sdc 546818 7823 153458574 11281960 5691062 162075831 2898317304 1627809448 131 11115472 1639646104
======================
   8      32 sdc 546818 7823 153458574 11281960 5691742 162075831 2898665464 1627957672 151 11116492 1639792872
======================
   8      32 sdc 546818 7823 153458574 11281960 5692374 162075831 2898989048 1628099408 131 11117496 1639936360
======================
   8      32 sdc 546818 7823 153458574 11281960 5693034 162075831 2899326968 1628242376 139 11118504 1640080068
======================
   8      32 sdc 546818 7823 153458574 11281960 5693688 162075831 2899661816 1628385592 157 11119508 1640223404
======================
   8      32 sdc 546818 7823 153458574 11281960 5694330 162075831 2899990520 1628529128 155 11120512 1640366888
======================
   8      32 sdc 546818 7823 153458574 11281960 5694928 162075831 2900297208 1628676120 133 11121520 1640510272
======================
   8      32 sdc 546818 7823 153458574 11281960 5695617 162075831 2900649464 1628815856 148 11122524 1640653788
======================
   8      32 sdc 546818 7823 153458574 11281960 5696276 162075831 2900986872 1628960208 129 11123532 1640797752
======================
   8      32 sdc 546818 7823 153458574 11281960 5696941 162075831 2901327352 1629103468 136 11124532 1640940576
======================
   8      32 sdc 546819 7823 153458582 11282188 5697564 162075831 2901646328 1629226420 129 11125540 1641064664
======================
   8      32 sdc 546819 7823 153458582 11282188 5698210 162075831 2901977080 1629370520 155 11126544 1641208424
======================
   8      32 sdc 546819 7823 153458582 11282188 5698831 162075831 2902295032 1629505408 142 11127544 1641348852
======================
   8      32 sdc 546819 7823 153458582 11282188 5699489 162075831 2902631928 1629653856 156 11128548 1641492364
======================
   8      32 sdc 546819 7823 153458582 11282188 5700112 162075831 2902950904 1629798332 141 11129552 1641635820
======================
   8      32 sdc 546819 7823 153458582 11282188 5700788 162075831 2903297016 1629943232 137 11130556 1641780256
======================
   8      32 sdc 546819 7823 153458582 11282188 5701464 162075831 2903643128 1630086248 133 11131560 1641923768
======================
   8      32 sdc 546819 7823 153458582 11282188 5702134 162075831 2903986168 1630228228 135 11132560 1642065516
======================
   8      32 sdc 546819 7823 153458582 11282188 5702762 162075831 2904307704 1630370440 147 11133564 1642209124
======================
   8      32 sdc 546819 7823 153458582 11282188 5703389 162075831 2904628728 1630514636 128 11134568 1642352568
======================
   8      32 sdc 546819 7823 153458582 11282188 5704064 162075831 2904974328 1630658524 157 11135572 1642496076
======================
   8      32 sdc 546819 7823 153458582 11282188 5704728 162075831 2905314296 1630801116 133 11136572 1642639192
======================
   8      32 sdc 546820 7823 153458590 11282420 5705334 162075831 2905624568 1630931920 140 11137576 1642767916
======================
   8      32 sdc 546820 7823 153458590 11282420 5706002 162075831 2905966584 1631073296 144 11138580 1642911456
======================
   8      32 sdc 546820 7823 153458590 11282420 5706661 162075831 2906303992 1631216120 157 11139584 1643054836
======================
   8      32 sdc 546820 7823 153458590 11282420 5707303 162075831 2906632696 1631358832 155 11140588 1643198528
======================
   8      32 sdc 546820 7823 153458590 11282420 5707934 162075831 2906955768 1631506116 132 11141592 1643342932
======================
   8      32 sdc 546820 7823 153458590 11282420 5708575 162075831 2907283960 1631647384 131 11142596 1643486308
======================
   8      32 sdc 546820 7823 153458590 11282420 5709236 162075831 2907622392 1631787672 147 11143596 1643625988
======================
   8      32 sdc 546820 7823 153458590 11282420 5709896 162075831 2907960824 1631929964 159 11144600 1643769140
======================
   8      32 sdc 546820 7823 153458590 11282420 5710538 162075831 2908289016 1632073040 157 11145600 1643911620
======================
   8      32 sdc 546820 7823 153458590 11282420 5711182 162075831 2908618744 1632216760 153 11146604 1644054824
======================
   8      32 sdc 546820 7823 153458590 11282420 5711852 162075831 2908961784 1632360136 155 11147608 1644198424
======================
   8      32 sdc 546820 7823 153458590 11282420 5712493 162075831 2909289976 1632502028 154 11148608 1644341140
======================
   8      32 sdc 546821 7823 153458598 11282640 5713102 162075831 2909601784 1632630980 151 11149616 1644471148
======================
   8      32 sdc 546821 7823 153458598 11282640 5713767 162075831 2909942264 1632778772 154 11150616 1644614996
======================
   8      32 sdc 546821 7823 153458598 11282640 5714442 162075831 2910287864 1632919832 155 11151620 1644758292
======================
   8      32 sdc 546821 7823 153458598 11282640 5715118 162075831 2910633976 1633063360 151 11152624 1644901844
======================
   8      32 sdc 546821 7823 153458598 11282640 5715728 162075831 2910946296 1633204904 149 11153624 1645044692
======================
   8      32 sdc 546821 7823 153458598 11282640 5716376 162075831 2911278072 1633349772 141 11154628 1645188228
======================
   8      32 sdc 546821 7823 153458598 11282640 5717043 162075831 2911619576 1633493020 146 11155632 1645331748
======================
   8      32 sdc 546821 7823 153458598 11282640 5717663 162075831 2911937016 1633640440 134 11156632 1645477080
======================
   8      32 sdc 546821 7823 153458598 11282640 5718330 162075831 2912278520 1633781712 139 11157636 1645620604
======================
   8      32 sdc 546821 7823 153458598 11282640 5718994 162075831 2912618488 1633925068 147 11158636 1645763580
======================
   8      32 sdc 546821 7823 153458598 11282640 5719645 162075831 2912951800 1634067612 136 11159640 1645906844
======================
   8      32 sdc 546821 7823 153458598 11282640 5720281 162075831 2913277432 1634210048 33 11160644 1646040160
======================
   8      32 sdc 546821 7823 153458598 11282640 5720281 162075831 2913277432 1634210048 33 11161648 1646073292
======================
   8      32 sdc 546822 7823 153458606 11284364 5721536 162075831 2913919992 1634316540 138 11162648 1646156484
======================
   8      32 sdc 546822 7823 153458606 11284364 5722198 162075831 2914258936 1634459420 148 11163652 1646299796
======================
   8      32 sdc 546822 7823 153458606 11284364 5722849 162075831 2914592248 1634601104 137 11164656 1646443256
======================
   8      32 sdc 546822 7823 153458606 11284364 5723495 162075831 2914923000 1634746508 131 11165660 1646586792
======================
   8      32 sdc 546822 7823 153458606 11284364 5724173 162075831 2915270136 1634894188 157 11166664 1646732388
======================
   8      32 sdc 546822 7823 153458606 11284364 5724821 162075831 2915601912 1635034860 149 11167668 1646876152
======================
   8      32 sdc 546822 7823 153458606 11284364 5725447 162075831 2915922424 1635178568 131 11168676 1647020012
======================
   8      32 sdc 546822 7823 153458606 11284364 5726101 162075831 2916257272 1635323492 149 11169680 1647164004
======================
   8      32 sdc 546822 7823 153458606 11284364 5726774 162075831 2916601848 1635467212 148 11170688 1647307704
======================
   8      32 sdc 546822 7823 153458606 11284364 5727452 162075831 2916948984 1635611056 142 11171692 1647451284
======================
   8      32 sdc 546823 7823 153458614 11284544 5728062 162075831 2917261304 1635743680 135 11172696 1647580796
======================
   8      32 sdc 546823 7823 153458614 11284544 5728716 162075831 2917596152 1635883052 153 11173704 1647724892
======================
   8      32 sdc 546823 7823 153458614 11284544 5729358 162075831 2917924856 1636027824 151 11174708 1647868428
======================
   8      32 sdc 546823 7823 153458614 11284544 5730034 162075831 2918270968 1636171100 147 11175708 1648011272
======================
   8      32 sdc 546823 7823 153458614 11284544 5730673 162075831 2918598136 1636313820 148 11176716 1648155344
======================
   8      32 sdc 546823 7823 153458614 11284544 5731332 162075831 2918935544 1636458732 129 11177724 1648299216
======================
   8      32 sdc 546823 7823 153458614 11284544 5731989 162075831 2919271928 1636598056 146 11178724 1648438780
======================
   8      32 sdc 546823 7823 153458614 11284544 5732643 162075831 2919606776 1636742256 132 11179732 1648583420
======================
   8      32 sdc 546823 7823 153458614 11284544 5733285 162075831 2919935480 1636885756 130 11180736 1648726904
======================
   8      32 sdc 546823 7823 153458614 11284544 5733929 162075831 2920265208 1637030032 158 11181740 1648870740
======================
   8      32 sdc 546823 7823 153458614 11284544 5734578 162075831 2920597496 1637174316 149 11182748 1649015040
======================
   8      32 sdc 546823 7823 153458614 11284544 5735238 162075831 2920935416 1637318004 129 11183752 1649158468
======================
   8      32 sdc 546824 7823 153458622 11284736 5735839 162075831 2921243128 1637448120 151 11184752 1649286780
======================
   8      32 sdc 546824 7823 153458622 11284736 5736481 162075831 2921571832 1637584896 149 11185756 1649431876
======================
   8      32 sdc 546824 7823 153458622 11284736 5737170 162075831 2921924600 1637735312 132 11186760 1649575524
======================
   8      32 sdc 546824 7823 153458622 11284736 5737824 162075831 2922259448 1637882608 133 11187768 1649720272
======================
   8      32 sdc 546824 7823 153458622 11284736 5738463 162075831 2922586616 1638022396 134 11188780 1649864900
======================
   8      32 sdc 546824 7823 153458622 11284736 5739137 162075831 2922931704 1638164748 147 11189784 1650005292
======================
   8      32 sdc 546824 7823 153458622 11284736 5739790 162075831 2923266040 1638307072 134 11190788 1650148736
======================
   8      32 sdc 546824 7823 153458622 11284736 5740461 162075831 2923609592 1638450512 135 11191792 1650292332
======================
   8      32 sdc 546824 7823 153458622 11284736 5741109 162075831 2923941368 1638593624 132 11192796 1650435760
======================
   8      32 sdc 546824 7823 153458622 11284736 5741732 162075831 2924260344 1638736608 144 11193796 1650578856
======================
   8      32 sdc 546824 7823 153458622 11284736 5742382 162075831 2924593144 1638884312 134 11194800 1650722064
======================
   8      32 sdc 546824 7823 153458622 11284736 5743058 162075831 2924939256 1639022900 130 11195804 1650865312
======================
   8      32 sdc 546825 7823 153458630 11284780 5743687 162075831 2925261304 1639152224 139 11196816 1650995504
======================
   8      32 sdc 546825 7823 153458630 11284780 5744327 162075831 2925588984 1639295692 139 11197820 1651138884
======================
   8      32 sdc 546825 7823 153458630 11284780 5744991 162075831 2925928952 1639439652 147 11198824 1651282536
======================
   8      32 sdc 546825 7823 153458630 11284780 5745632 162075831 2926257144 1639582664 146 11199828 1651426036
======================
   8      32 sdc 546825 7823 153458630 11284780 5746258 162075831 2926577656 1639726500 128 11200832 1651569580
======================
   8      32 sdc 546825 7823 153458630 11284780 5746851 162075831 2926881272 1639874504 143 11201836 1651715208
======================
   8      32 sdc 546825 7823 153458630 11284780 5747563 162075831 2927245816 1640014896 135 11202840 1651857604
======================
   8      32 sdc 546825 7823 153458630 11284780 5748223 162075831 2927583736 1640157392 147 11203840 1652000568
======================
   8      32 sdc 546825 7823 153458630 11284780 5748866 162075831 2927912952 1640301060 144 11204848 1652144672
======================
   8      32 sdc 546825 7823 153458630 11284780 5749523 162075831 2928249336 1640445004 150 11205852 1652287588
======================
   8      32 sdc 546825 7823 153458630 11284780 5750192 162075831 2928591864 1640589288 130 11206856 1652432044
======================
   8      32 sdc 546825 7823 153458630 11284780 5750833 162075831 2928920056 1640731260 129 11207860 1652573620
======================
   8      32 sdc 546826 7823 153458638 11285108 5751431 162076238 2929225456 1640850276 137 11208864 1652694944
======================
   8      32 sdc 546826 7823 153458638 11285108 5752195 162076243 2929612632 1641014124 141 11210000 1652857136
======================
   8      32 sdc 546826 7823 153458638 11285108 5752884 162076243 2929965400 1641160020 156 11211020 1653002488
======================
   8      32 sdc 546826 7823 153458638 11285108 5753547 162076243 2930304856 1641301348 133 11212032 1653146896
======================
   8      32 sdc 546826 7823 153458638 11285108 5754182 162076243 2930629976 1641448416 138 11213052 1653292708
======================
   8      32 sdc 546826 7823 153458638 11285108 5754760 162076243 2930925912 1641589280 136 11214064 1653438132
======================
   8      32 sdc 546826 7823 153458638 11285108 5755524 162076243 2931317080 1641739648 140 11215076 1653582432
======================
   8      32 sdc 546826 7823 153458638 11285108 5756175 162076243 2931650392 1641883252 129 11216088 1653726788
======================
   8      32 sdc 546826 7823 153458638 11285108 5756820 162076243 2931980632 1642027148 156 11217092 1653870192
======================
   8      32 sdc 546826 7823 153458638 11285108 5757488 162076243 2932322648 1642171252 128 11218100 1654013872
======================
   8      32 sdc 546826 7823 153458638 11285108 5758047 162076243 2932608856 1642291732 145 11219108 1654158192
======================
   8      32 sdc 546827 7823 153458646 11285376 5758714 162076243 2932950360 1642446764 151 11220116 1654283712
======================
   8      32 sdc 546827 7823 153458646 11285376 5759412 162076243 2933307736 1642582916 157 11221120 1654427008
======================
   8      32 sdc 546827 7823 153458646 11285376 5760055 162076243 2933636952 1642733824 157 11222124 1654575640
======================
   8      32 sdc 546827 7823 153458646 11285376 5760616 162076243 2933924184 1642858284 140 11223200 1654727052
======================
   8      32 sdc 546827 7823 153458646 11285376 5761292 162076243 2934270296 1643004736 136 11224244 1654874876
======================
   8      32 sdc 546827 7823 153458646 11285376 5762001 162076243 2934633304 1643160944 131 11225248 1655019432
======================
   8      32 sdc 546827 7823 153458646 11285376 5762674 162076243 2934977880 1643305376 130 11226252 1655163116
======================
   8      32 sdc 546827 7823 153458646 11285376 5763333 162076243 2935315288 1643446960 143 11227256 1655306488
======================
   8      32 sdc 546827 7823 153458646 11285376 5763957 162076243 2935634776 1643590316 159 11228260 1655449728
======================
   8      32 sdc 546827 7823 153458646 11285376 5764599 162076243 2935963480 1643735212 157 11229264 1655593392
======================
   8      32 sdc 546827 7823 153458646 11285376 5765270 162076243 2936307032 1643880872 158 11230264 1655737188
======================
   8      32 sdc 546827 7823 153458646 11285376 5765950 162076243 2936655192 1644022532 150 11231268 1655880780
======================
   8      32 sdc 546828 7823 153458654 11285592 5766603 162076243 2936989528 1644150936 140 11232268 1656008968
======================
   8      32 sdc 546828 7823 153458654 11285592 5767141 162076243 2937264984 1644277556 146 11233272 1656152532
======================
   8      32 sdc 546828 7823 153458654 11285592 5767858 162076243 2937632088 1644437320 133 11234276 1656295920
======================
   8      32 sdc 546828 7823 153458654 11285592 5768534 162076243 2937978200 1644581196 129 11235276 1656438804
======================
   8      32 sdc 546828 7823 153458654 11285592 5769179 162076243 2938308440 1644719496 205 11236280 1656603396
======================
   8      32 sdc 546828 7823 153458654 11285592 5769830 162076243 2938641752 1644869888 194 11237284 1656803880
======================
   8      32 sdc 546828 7823 153458654 11285592 5770496 162076243 2938982744 1645028348 200 11238288 1656996808
======================
   8      32 sdc 546828 7823 153458654 11285592 5771146 162076243 2939315544 1645193948 190 11239292 1657182184
======================
   8      32 sdc 546828 7823 153458654 11285592 5771775 162076243 2939637592 1645367472 169 11240296 1657358744
======================
   8      32 sdc 546828 7823 153458654 11285592 5772407 162076243 2939961176 1645625412 145 11241296 1657519608
======================
   8      32 sdc 546828 7823 153458654 11285592 5773060 162076243 2940295512 1645806844 132 11242300 1657665340
======================
   8      32 sdc 546828 7823 153458654 11285592 5773725 162076243 2940635992 1645950240 139 11243304 1657808444
======================
   8      32 sdc 546829 7823 153458662 11285824 5774368 162076293 2940964600 1646066720 144 11244308 1657926064
======================
   8      32 sdc 546829 7823 153458662 11285824 5775010 162076293 2941293304 1646210088 142 11245312 1658069496
======================
   8      32 sdc 546829 7823 153458662 11285824 5775589 162076293 2941589752 1646337664 139 11246316 1658212564
======================
   8      32 sdc 546829 7823 153458662 11285824 5776343 162076293 2941975800 1646495140 154 11247316 1658353216
======================
   8      32 sdc 546829 7823 153458662 11285824 5776965 162076293 2942294264 1646637152 140 11248320 1658496908
======================
   8      32 sdc 546829 7823 153458662 11285824 5777484 162076293 2942559992 1646752076 133 11249324 1658638308
======================
   8      32 sdc 546829 7823 153458662 11285824 5778295 162076293 2942975224 1646921664 150 11250324 1658779868
======================
   8      32 sdc 546829 7823 153458662 11285824 5778970 162076293 2943320824 1647065020 147 11251328 1658923444
======================
   8      32 sdc 546829 7823 153458662 11285824 5779627 162076293 2943657208 1647207264 130 11252332 1659067056
======================
   8      32 sdc 546829 7823 153458662 11285824 5780251 162076293 2943976696 1647350664 146 11253332 1659210380
======================
   8      32 sdc 546829 7823 153458662 11285824 5780900 162076293 2944308984 1647495492 137 11254336 1659353928
======================
   8      32 sdc 546829 7823 153458662 11285824 5781570 162076293 2944652024 1647638608 139 11255340 1659497696
======================
   8      32 sdc 546830 7823 153458670 11286108 5782200 162076312 2944973728 1647754344 152 11256340 1659613500
======================
   8      32 sdc 546830 7823 153458670 11286108 5782834 162076312 2945298336 1647896228 158 11257344 1659757248
======================
   8      32 sdc 546830 7823 153458670 11286108 5783503 162076312 2945640864 1648041548 129 11258348 1659900568
======================
   8      32 sdc 546830 7823 153458670 11286108 5784164 162076312 2945979296 1648184404 140 11259348 1660043792
======================
   8      32 sdc 546830 7823 153458670 11286108 5784789 162076312 2946299296 1648329636 155 11260352 1660188056
======================
   8      32 sdc 546830 7823 153458670 11286108 5785431 162076312 2946628000 1648472188 153 11261356 1660331680
======================
   8      32 sdc 546830 7823 153458670 11286108 5786082 162076312 2946961312 1648616728 142 11262360 1660475600
======================
   8      32 sdc 546830 7823 153458670 11286108 5786740 162076312 2947298208 1648759264 156 11263364 1660619020
======================
   8      32 sdc 546830 7823 153458670 11286108 5787382 162076312 2947626912 1648903440 154 11264368 1660762812
======================
   8      32 sdc 546830 7823 153458670 11286108 5788032 162076312 2947959712 1649047600 144 11265372 1660906608
======================
   8      32 sdc 546830 7823 153458670 11286108 5788707 162076312 2948305312 1649190860 141 11266372 1661049540
======================
   8      32 sdc 546830 7823 153458670 11286108 5789355 162076312 2948637088 1649333492 99 11267376 1661191764
======================
   8      32 sdc 546831 7823 153458678 11286408 5789877 162076787 2948900552 1649428960 36 11268380 1661285732
======================
   8      32 sdc 546831 7823 153458678 11286408 5789914 162076787 2948904400 1649443772 0 11268436 1661287608
======================
   8      32 sdc 546831 7823 153458678 11286408 5789914 162076787 2948904400 1649443772 0 11268436 1661287608
======================
   8      32 sdc 546831 7823 153458678 11286408 5789914 162076787 2948904400 1649443772 0 11268436 1661287608
======================
   8      32 sdc 546831 7823 153458678 11286408 5789914 162076787 2948904400 1649443772 0 11268436 1661287608
======================
   8      32 sdc 546831 7823 153458678 11286408 5789914 162076787 2948904400 1649443772 0 11268436 1661287608
======================
   8      32 sdc 547067 7823 153460560 11293996 5789931 162076787 2948904464 1649443772 1 11268728 1661295420
started
======================
   8      32 sdc 547123 7823 153472616 11294940 5789933 162076787 2948904472 1649443772 2 11269420 1661296140
======================
   8      32 sdc 548566 7823 153842024 11296892 5789933 162076787 2948904472 1649443772 2 11270484 1661298096
======================
   8      32 sdc 549387 7827 154052720 11299348 5789933 162076787 2948904472 1649443772 3 11271532 1661300588
======================
   8      32 sdc 549988 7832 154207600 11301816 5789933 162076787 2948904472 1649443772 2 11272544 1661303056
======================
   8      32 sdc 550599 7836 154365296 11304252 5789933 162076787 2948904472 1649443772 3 11273568 1661305524
======================
   8      32 sdc 551255 7842 154534512 11306628 5789936 162076789 2948904512 1649443776 2 11274580 1661307928
======================
   8      32 sdc 551930 7847 154708336 11309132 5789936 162076789 2948904512 1649443776 2 11275592 1661310372
======================
   8      32 sdc 552604 7851 154882160 11311504 5789936 162076789 2948904512 1649443776 3 11276612 1661312792
======================
   8      32 sdc 553219 7856 155040880 11313944 5789936 162076789 2948904512 1649443776 3 11277612 1661315164
======================
   8      32 sdc 553862 7860 155205744 11316320 5789936 162076789 2948904512 1649443776 2 11278620 1661317592
======================
   8      32 sdc 554477 7864 155364464 11318720 5789936 162076789 2948904512 1649443776 3 11279624 1661319992
======================
   8      32 sdc 555083 7869 155520624 11321060 5789936 162076789 2948904512 1649443776 2 11280624 1661322368
======================
   8      32 sdc 555745 7874 155690864 11323536 5789936 162076789 2948904512 1649443776 2 11281628 1661324784
======================
   8      32 sdc 556382 7878 155855216 11325888 5789936 162076789 2948904512 1649443776 3 11282632 1661327152
======================
   8      32 sdc 557002 7883 156014960 11328196 5789936 162076789 2948904512 1649443776 2 11283636 1661329512
======================
   8      32 sdc 557697 7888 156194160 11330688 5789936 162076789 2948904512 1649443776 2 11284636 1661331924
======================
   8      32 sdc 558292 7892 156347504 11333056 5789936 162076789 2948904512 1649443776 3 11285640 1661334304
======================
   8      32 sdc 558895 7897 156502128 11335408 5789936 162076789 2948904512 1649443776 2 11286644 1661336696
======================
   8      32 sdc 559544 7902 156669040 11337896 5789936 162076789 2948904512 1649443776 2 11287648 1661339112
======================
   8      32 sdc 560145 7906 156823920 11340228 5789936 162076789 2948904512 1649443776 2 11288648 1661341472
======================
   8      32 sdc 560772 7911 156984944 11342552 5789936 162076789 2948904512 1649443776 2 11289652 1661343852
======================
   8      32 sdc 561446 7916 157158000 11345048 5789936 162076789 2948904512 1649443776 2 11290652 1661346256
======================
   8      32 sdc 562030 7920 157308528 11347400 5789936 162076789 2948904512 1649443776 3 11291656 1661348636
======================
   8      32 sdc 562654 7925 157469296 11349744 5789936 162076789 2948904512 1649443776 2 11292660 1661351024
======================
   8      32 sdc 563318 7930 157639792 11352136 5789936 162076789 2948904512 1649443776 2 11293660 1661353432
======================
   8      32 sdc 563891 7934 157786992 11354568 5789936 162076789 2948904512 1649443776 3 11294664 1661355776
======================
   8      32 sdc 564570 7939 157961072 11356928 5789936 162076789 2948904512 1649443776 2 11295672 1661358188
======================
   8      32 sdc 565240 7943 158133616 11359308 5789936 162076789 2948904512 1649443776 3 11296676 1661360600
======================
   8      32 sdc 565823 7948 158283888 11361752 5789936 162076789 2948904512 1649443776 2 11297680 1661362976
======================
   8      32 sdc 566469 7953 158449776 11364092 5789936 162076789 2948904512 1649443776 2 11298684 1661365360
======================
   8      32 sdc 567119 7957 158616688 11366492 5789936 162076789 2948904512 1649443776 3 11299688 1661367776
======================
   8      32 sdc 567714 7962 158769520 11368880 5789938 162076789 2948904528 1649443776 2 11300692 1661370136
======================
   8      32 sdc 568327 7967 158927472 11371208 5789938 162076789 2948904528 1649443776 2 11301696 1661372504
======================
   8      32 sdc 569023 7972 159105904 11373660 5789938 162076789 2948904528 1649443776 2 11302700 1661374888
======================
   8      32 sdc 569500 7976 159229040 11376132 5789938 162076789 2948904528 1649443776 2 11303704 1661377364
======================
   8      32 sdc 570143 7979 159394160 11378484 5789938 162076789 2948904528 1649443776 3 11304708 1661379748
======================
   8      32 sdc 570723 7984 159542896 11380880 5789938 162076789 2948904528 1649443776 3 11305712 1661382088
======================
   8      32 sdc 571376 7989 159709808 11383268 5789938 162076789 2948904528 1649443776 2 11306716 1661384512
======================
   8      32 sdc 571986 7993 159866992 11385648 5789938 162076789 2948904528 1649443776 3 11307716 1661386904
======================
   8      32 sdc 572571 7998 160017264 11388068 5789938 162076789 2948904528 1649443776 3 11308720 1661389268
======================
   8      32 sdc 573271 8003 160196976 11390472 5789938 162076789 2948904528 1649443776 2 11309724 1661391688
======================
   8      32 sdc 573909 8007 160360304 11392816 5789938 162076789 2948904528 1649443776 3 11310724 1661394068
======================
   8      32 sdc 574538 8012 160521584 11395136 5789938 162076789 2948904528 1649443776 2 11311728 1661396440
======================
   8      32 sdc 575226 8017 160697968 11397664 5789938 162076789 2948904528 1649443776 2 11312732 1661398880
======================
   8      32 sdc 575865 8020 160861552 11400020 5789938 162076789 2948904528 1649443776 3 11313736 1661401256
======================
   8      32 sdc 576495 8025 161022320 11402360 5789938 162076789 2948904528 1649443776 2 11314736 1661403620
======================
   8      32 sdc 577189 8030 161200496 11404820 5789938 162076789 2948904528 1649443776 2 11315740 1661406028
======================
   8      32 sdc 577792 8034 161356144 11407168 5789938 162076789 2948904528 1649443776 3 11316744 1661408416
======================
   8      32 sdc 578357 8039 161501040 11409584 5789938 162076789 2948904528 1649443776 3 11317748 1661410776
======================
   8      32 sdc 579001 8044 161665648 11411956 5789938 162076789 2948904528 1649443776 2 11318756 1661413204
======================
   8      32 sdc 579640 8049 161828208 11414356 5789938 162076789 2948904528 1649443776 2 11319764 1661415648
======================
   8      32 sdc 580236 8053 161981808 11416808 5789938 162076789 2948904528 1649443776 3 11320768 1661418024
======================
   8      32 sdc 580897 8058 162150768 11419156 5789938 162076789 2948904528 1649443776 2 11321768 1661420412
======================
   8      32 sdc 581561 8062 162320240 11421548 5789938 162076789 2948904528 1649443776 2 11322772 1661422828
======================
   8      32 sdc 582159 8067 162472816 11423956 5789938 162076789 2948904528 1649443776 3 11323776 1661425176
======================
   8      32 sdc 582795 8072 162636144 11426332 5789938 162076789 2948904528 1649443776 2 11324776 1661427576
======================
   8      32 sdc 583266 8075 162756464 11428340 5789938 162076789 2948904528 1649443776 1 11325780 1661429528
======================
   8      32 sdc 583407 8075 162792560 11429332 5789938 162076789 2948904528 1649443776 1 11326768 1661430516
======================
   8      32 sdc 583544 8075 162827632 11430328 5789938 162076789 2948904528 1649443776 1 11327768 1661431516
======================
   8      32 sdc 583678 8075 162861936 11431312 5789938 162076789 2948904528 1649443776 1 11328752 1661432500
======================
   8      32 sdc 583811 8075 162895984 11432312 5789938 162076789 2948904528 1649443776 1 11329748 1661433496
======================
   8      32 sdc 583943 8075 162929776 11433308 5789938 162076789 2948904528 1649443776 1 11330748 1661434496
======================
   8      32 sdc 584049 8075 162956912 11434120 5789938 162076789 2948904528 1649443776 0 11331556 1661435304
