======================
   8      16 sdb 2331163 10 408892596 1054432 5141220 4046645 2628284752 338931944 0 3174284 339970648
======================
   8      16 sdb 2331163 10 408892596 1054432 5141220 4046645 2628284752 338931944 0 3174284 339970648
======================
   8      16 sdb 2331652 10 408896508 1054440 5141220 4046645 2628284752 338931944 0 3174292 339970656
======================
   8      16 sdb 2331652 10 408896508 1054440 5141220 4046645 2628284752 338931944 0 3174292 339970656
======================
   8      16 sdb 2331693 10 408896836 1054480 5144582 4046645 2630006096 338959780 136 3174632 340003268
======================
   8      16 sdb 2331697 10 408896868 1054784 5146503 4046645 2630989648 339079372 136 3175632 340121548
======================
   8      16 sdb 2331700 10 408896892 1055012 5148402 4046645 2631961936 339202572 83 3176636 340246036
======================
   8      16 sdb 2331705 10 408896932 1055276 5150301 4047161 2632933312 339314448 133 3177636 340359072
======================
   8      16 sdb 2331709 10 408896964 1055640 5152072 4047633 2633821160 339418412 149 3178640 340462192
======================
   8      16 sdb 2331713 10 408896996 1055660 5154166 4047633 2634893288 339561072 133 3179644 340604888
======================
   8      16 sdb 2331716 10 408897020 1055680 5156000 4047633 2635832296 339696620 155 3180648 340747116
======================
   8      16 sdb 2331719 10 408897044 1055752 5156785 4047633 2636234216 339849960 142 3181652 340895304
======================
   8      16 sdb 2331723 10 408897076 1055916 5158765 4047654 2637247640 339990136 138 3182656 341034056
======================
   8      16 sdb 2331726 10 408897100 1055984 5160605 4047654 2638189720 340123544 130 3183656 341173328
======================
   8      16 sdb 2331730 10 408897132 1056096 5162725 4047654 2639275160 340268892 130 3184660 341312980
======================
   8      16 sdb 2331736 10 408897180 1056280 5165256 4047654 2640571032 340398984 132 3185664 341443240
======================
   8      16 sdb 2331740 10 408897212 1056404 5167223 4047654 2641578136 340530532 152 3186668 341580136
======================
   8      16 sdb 2331744 10 408897244 1056540 5169448 4047654 2642717336 340670988 85 3187672 341715048
======================
   8      16 sdb 2331748 10 408897276 1056728 5171434 4047654 2643734168 340801232 128 3188676 341847340
======================
   8      16 sdb 2331753 10 408897316 1056996 5173359 4047700 2644718120 340923200 144 3189680 341969800
======================
   8      16 sdb 2331757 10 408897348 1057244 5175269 4047700 2645696040 341045940 128 3190684 342092256
======================
   8      16 sdb 2331760 10 408897372 1057448 5177166 4047700 2646667304 341172684 52 3191684 342217396
======================
   8      16 sdb 2331764 10 408897404 1057668 5179095 4047724 2647653128 341294948 148 3192692 342342316
======================
   8      16 sdb 2331769 10 408897444 1057992 5181018 4047724 2648637704 341411008 148 3193696 342458692
======================
   8      16 sdb 2331773 10 408897476 1058288 5182942 4047763 2649621960 341530760 147 3194696 342577180
======================
   8      16 sdb 2331776 10 408897500 1058512 5184862 4047763 2650604128 341654628 43 3195700 342699992
======================
   8      16 sdb 2331780 10 408897532 1058820 5186785 4047763 2651588704 341774580 145 3196700 342822836
======================
   8      16 sdb 2331785 10 408897572 1059148 5188683 4047763 2652560480 341888532 149 3197696 342937236
======================
   8      16 sdb 2331789 10 408897604 1059440 5190581 4047763 2653532256 342010988 157 3198700 343056988
======================
   8      16 sdb 2331792 10 408897628 1059660 5192506 4047785 2654517024 342127240 81 3199700 343175356
======================
   8      16 sdb 2331796 10 408897660 1059956 5194432 4047801 2655502256 342245236 140 3200700 343294716
======================
   8      16 sdb 2331801 10 408897700 1060272 5196353 4047801 2656485808 342359464 150 3201700 343408896
======================
   8      16 sdb 2331805 10 408897732 1060568 5198276 4047801 2657470384 342481032 146 3202700 343529552
======================
   8      16 sdb 2331808 10 408897756 1060800 5200197 4047801 2658453936 342605504 40 3203700 343652880
======================
   8      16 sdb 2331812 10 408897788 1061120 5202100 4047824 2659427448 342716480 147 3204704 343766948
======================
   8      16 sdb 2331817 10 408897828 1061452 5204001 4047841 2660399888 342830764 154 3205708 343881608
======================
   8      16 sdb 2331821 10 408897860 1061752 5205925 4047841 2661384976 342952524 129 3206712 344000796
======================
   8      16 sdb 2331824 10 408897884 1061964 5207836 4047841 2662363408 343073208 85 3207712 344124248
======================
   8      16 sdb 2331828 10 408897916 1062280 5209767 4047841 2663352080 343193980 148 3208716 344245832
======================
   8      16 sdb 2331833 10 408897956 1062616 5211691 4047865 2664336352 343307508 145 3209716 344359228
======================
   8      16 sdb 2331837 10 408897988 1062924 5213617 4047882 2665321088 343429832 146 3210716 344479596
======================
   8      16 sdb 2331840 10 408898012 1063148 5215534 4047882 2666302592 343552632 72 3211720 344604012
======================
   8      16 sdb 2331844 10 408898044 1063468 5217446 4047882 2667281536 343672176 154 3212720 344724832
======================
   8      16 sdb 2331849 10 408898084 1063816 5219340 4047882 2668251776 343786380 147 3213724 344839616
======================
   8      16 sdb 2331853 10 408898116 1064116 5221250 4047904 2669228352 343910552 133 3214724 344958996
======================
   8      16 sdb 2331856 10 408898140 1064344 5223171 4047921 2670211032 344030924 119 3215724 345084364
======================
   8      16 sdb 2331860 10 408898172 1064652 5225091 4047921 2671194072 344150852 128 3216728 345204828
======================
   8      16 sdb 2331865 10 408898212 1064972 5227013 4047921 2672178136 344265480 138 3217728 345319696
======================
   8      16 sdb 2331869 10 408898244 1065264 5228935 4047921 2673162200 344387476 158 3218724 345436980
======================
   8      16 sdb 2331872 10 408898268 1065480 5230858 4047943 2674145944 344501816 114 3219724 345556120
======================
   8      16 sdb 2331876 10 408898300 1065788 5232759 4047959 2675118376 344620944 150 3220728 345675708
======================
   8      16 sdb 2331881 10 408898340 1066116 5234658 4047959 2676090664 344734640 134 3221732 345789228
======================
   8      16 sdb 2331884 10 408898364 1066348 5236577 4047959 2677073192 344859192 29 3222736 345911380
======================
   8      16 sdb 2331888 10 408898396 1066640 5238500 4047959 2678058280 344976516 141 3223740 346032532
======================
   8      16 sdb 2331892 10 408898428 1066936 5240425 4047983 2679042552 345093256 129 3224740 346149436
======================
   8      16 sdb 2331897 10 408898468 1067276 5242335 4048000 2680019096 345207008 148 3225744 346262724
======================
   8      16 sdb 2331900 10 408898492 1067504 5244259 4048000 2681004184 345331560 32 3226744 346385008
======================
   8      16 sdb 2331904 10 408898524 1067812 5246161 4048000 2681978008 345449496 146 3227740 346506232
======================
   8      16 sdb 2331908 10 408898556 1068120 5248069 4048000 2682954904 345567908 136 3228744 346625116
======================
   8      16 sdb 2331913 10 408898596 1068436 5249995 4048039 2683939312 345682820 134 3229748 346739656
======================
   8      16 sdb 2331916 10 408898620 1068664 5251915 4048039 2684922352 345806888 28 3230752 346861256
======================
   8      16 sdb 2331920 10 408898652 1068960 5253752 4048039 2685862896 345919316 154 3231756 346984332
======================
   8      16 sdb 2331924 10 408898684 1069184 5255759 4048039 2686890480 346047036 131 3232760 347105404
======================
   8      16 sdb 2331929 10 408898724 1069504 5257682 4048039 2687875056 346161844 128 3233764 347219968
======================
   8      16 sdb 2331932 10 408898748 1069732 5259585 4048077 2688847680 346278688 42 3234768 347334816
======================
   8      16 sdb 2331936 10 408898780 1069964 5261488 4048077 2689822016 346401028 141 3235768 347459792
======================
   8      16 sdb 2331940 10 408898812 1070260 5263407 4048077 2690804544 346519392 135 3236772 347578484
======================
   8      16 sdb 2331945 10 408898852 1070580 5265326 4048077 2691787072 346635520 142 3237776 347693120
======================
   8      16 sdb 2331948 10 408898876 1070800 5267249 4048077 2692771648 346757876 58 3238776 347815904
======================
   8      16 sdb 2331952 10 408898908 1071104 5269171 4048101 2693754896 346871532 140 3239780 347931940
======================
   8      16 sdb 2331956 10 408898940 1071408 5271095 4048118 2694738608 346989212 134 3240780 348049476
======================
   8      16 sdb 2331961 10 408898980 1071728 5272994 4048118 2695710896 347105380 153 3241780 348163188
======================
   8      16 sdb 2331964 10 408899004 1071952 5274889 4048118 2696681136 347226832 104 3242784 348287372
======================
   8      16 sdb 2331968 10 408899036 1072252 5276812 4048118 2697665712 347345388 142 3243788 348406644
======================
   8      16 sdb 2331972 10 408899068 1072484 5278735 4048156 2698648576 347460824 142 3244792 348522460
======================
   8      16 sdb 2331977 10 408899108 1072808 5280639 4048156 2699623424 347578956 152 3245796 348636840
======================
   8      16 sdb 2331980 10 408899132 1073040 5282574 4048156 2700614144 347699680 102 3246800 348761400
======================
   8      16 sdb 2331984 10 408899164 1073332 5284498 4048156 2701599232 347818280 132 3247796 348880264
======================
   8      16 sdb 2331988 10 408899196 1073652 5286401 4048156 2702573568 347936036 144 3248796 348998284
======================
   8      16 sdb 2331992 10 408899228 1073900 5288306 4048196 2703547232 348047700 6 3249800 349105752
======================
   8      16 sdb 2331996 10 408899260 1074200 5290230 4048196 2704532320 348166880 130 3250804 349230116
======================
   8      16 sdb 2332000 10 408899292 1074496 5292153 4048196 2705516896 348285008 137 3251808 349348592
======================
   8      16 sdb 2332004 10 408899324 1074796 5294076 4048196 2706501472 348403788 129 3252804 349466584
======================
   8      16 sdb 2332009 10 408899364 1075112 5295993 4048196 2707482976 348521964 14 3253808 349580792
======================
   8      16 sdb 2332012 10 408899388 1075324 5297922 4048236 2708467920 348639760 124 3254808 349703884
======================
   8      16 sdb 2332016 10 408899420 1075628 5299823 4048236 2709441232 348759056 153 3255812 349823520
======================
   8      16 sdb 2332020 10 408899452 1075928 5301722 4048236 2710413520 348878472 141 3256812 349942616
======================
   8      16 sdb 2332024 10 408899484 1076180 5303643 4048236 2711397072 348997164 35 3257812 350059192
======================
   8      16 sdb 2332028 10 408899516 1076464 5305566 4048258 2712381648 349114348 128 3258812 350179344
======================
   8      16 sdb 2332032 10 408899548 1076700 5307488 4048274 2713364000 349230568 141 3259812 350295972
======================
   8      16 sdb 2332036 10 408899580 1077008 5309411 4048274 2714349088 349348536 136 3260816 350413824
======================
   8      16 sdb 2332040 10 408899612 1077264 5311334 4048274 2715333152 349466292 28 3261816 350529012
======================
   8      16 sdb 2332044 10 408899644 1077560 5313234 4048274 2716305952 349584240 132 3262820 350650856
======================
   8      16 sdb 2332048 10 408899676 1077868 5315135 4048298 2717279264 349701876 99 3263820 350768264
======================
   8      16 sdb 2332052 10 408899708 1078156 5317063 4048315 2718264208 349814316 139 3264820 350880652
======================
   8      16 sdb 2332056 10 408899740 1078408 5318986 4048315 2719248784 349933788 29 3265820 350997608
======================
   8      16 sdb 2332060 10 408899772 1078704 5320906 4048315 2720231824 350052380 136 3266824 351119660
======================
   8      16 sdb 2332064 10 408899804 1079008 5322829 4048315 2721216400 350171500 132 3267828 351239216
======================
   8      16 sdb 2332068 10 408899836 1079308 5324753 4048338 2722201488 350288848 86 3268828 351355508
======================
   8      16 sdb 2332072 10 408899868 1079564 5326657 4048355 2723175152 350400740 42 3269832 351466988
======================
   8      16 sdb 2332076 10 408899900 1079852 5328581 4048355 2724159728 350519436 153 3270832 351587952
======================
   8      16 sdb 2332080 10 408899932 1080132 5330481 4048355 2725132528 350636720 144 3271832 351705608
======================
   8      16 sdb 2332084 10 408899964 1080420 5332403 4048355 2726116592 350756136 131 3272832 351823852
======================
   8      16 sdb 2332088 10 408899996 1080668 5334321 4048378 2727098608 350874848 59 3273832 351942580
======================
   8      16 sdb 2332092 10 408900028 1080956 5336251 4048394 2728084056 350993828 128 3274836 352063644
======================
   8      16 sdb 2332096 10 408900060 1081264 5338173 4048394 2729068120 351112768 131 3275832 352182420
======================
   8      16 sdb 2332100 10 408900092 1081564 5340090 4048394 2730049624 351233068 143 3276836 352301448
======================
   8      16 sdb 2332104 10 408900124 1081812 5341987 4048394 2731020888 351349232 78 3277832 352418592
======================
   8      16 sdb 2332108 10 408900156 1082096 5343884 4048416 2731992152 351466320 37 3278828 352534220
======================
   8      16 sdb 2332112 10 408900188 1082396 5345810 4048432 2732976552 351577608 143 3279828 352648652
======================
   8      16 sdb 2332116 10 408900220 1082700 5347722 4048432 2733955496 351700172 152 3280828 352767172
======================
   8      16 sdb 2332120 10 408900252 1082944 5349652 4048432 2734943656 351814688 97 3281828 352885808
======================
   8      16 sdb 2332124 10 408900284 1083236 5351576 4048432 2735928744 351932688 145 3282832 353004748
======================
   8      16 sdb 2332128 10 408900316 1083532 5353495 4048455 2736911272 352051948 30 3283832 353120956
======================
   8      16 sdb 2332132 10 408900348 1083840 5355396 4048472 2737882888 352166552 60 3284832 353233892
======================
   8      16 sdb 2332136 10 408900380 1084100 5357297 4048472 2738856200 352279584 133 3285840 353352620
======================
   8      16 sdb 2332140 10 408900412 1084404 5359219 4048472 2739840264 352397896 145 3286840 353470916
======================
   8      16 sdb 2332144 10 408900444 1084692 5361139 4048472 2740823304 352515784 133 3287840 353588500
======================
   8      16 sdb 2332148 10 408900476 1084980 5363062 4048495 2741807560 352638832 35 3288840 353707408
======================
   8      16 sdb 2332152 10 408900508 1085224 5364988 4048512 2742791792 352752068 130 3289844 353825992
======================
   8      16 sdb 2332156 10 408900540 1085536 5366905 4048512 2743773296 352867936 142 3290840 353942512
======================
   8      16 sdb 2332160 10 408900572 1085832 5368808 4048512 2744747632 352987760 141 3291840 354061520
======================
   8      16 sdb 2332163 10 408900596 1086056 5370726 4048512 2745729648 353112272 24 3292844 354183224
======================
   8      16 sdb 2332168 10 408900636 1086388 5372646 4048535 2746711864 353226564 97 3293848 354296408
======================
   8      16 sdb 2332172 10 408900668 1086700 5374570 4048535 2747696952 353341464 133 3294848 354416672
======================
   8      16 sdb 2332176 10 408900700 1087004 5376484 4048535 2748676920 353460872 133 3295852 354536592
======================
   8      16 sdb 2332179 10 408900724 1087228 5378417 4048535 2749666616 353585728 16 3296856 354657432
======================
   8      16 sdb 2332184 10 408900764 1087556 5380335 4048535 2750648632 353700884 136 3297860 354777264
======================
   8      16 sdb 2332188 10 408900796 1087848 5382237 4048558 2751621632 353818388 141 3298860 354891348
======================
   8      16 sdb 2332192 10 408900828 1088160 5384146 4048558 2752599040 353936012 152 3299856 355011272
======================
   8      16 sdb 2332195 10 408900852 1088404 5386044 4048558 2753570816 354059424 70 3300860 355134880
======================
   8      16 sdb 2332198 10 408900876 1088572 5387151 4048614 2754130976 354127348 0 3301436 355199208
======================
   8      16 sdb 2332198 10 408900876 1088572 5387151 4048614 2754130976 354127348 0 3301436 355199208
======================
   8      16 sdb 2332198 10 408900876 1088572 5387151 4048614 2754130976 354127348 0 3301436 355199208
======================
   8      16 sdb 2332198 10 408900876 1088572 5387151 4048614 2754130976 354127348 0 3301436 355199208
======================
   8      16 sdb 2332198 10 408900876 1088572 5387151 4048614 2754130976 354127348 0 3301436 355199208
======================
   8      16 sdb 2332198 10 408900876 1088572 5387151 4048614 2754130976 354127348 0 3301436 355199208
started
======================
   8      16 sdb 2332325 10 408901886 1088572 5387166 4048614 2754131032 354127348 0 3301436 355199208
======================
   8      16 sdb 2333367 10 408968774 1088776 5387166 4048614 2754131032 354127348 1 3301640 355199412
======================
   8      16 sdb 2336710 10 409182870 1089428 5387166 4048614 2754131032 354127348 1 3302296 355200068
======================
   8      16 sdb 2340130 10 409401750 1090104 5387166 4048614 2754131032 354127348 1 3302972 355200744
======================
   8      16 sdb 2343680 10 409628950 1090808 5387166 4048614 2754131032 354127348 0 3303672 355201444
======================
   8      16 sdb 2347167 10 409852118 1091472 5387166 4048614 2754131032 354127348 1 3304332 355202104
======================
   8      16 sdb 2350614 10 410072726 1092192 5387166 4048614 2754131032 354127348 1 3305052 355202824
======================
   8      16 sdb 2353970 10 410287510 1092916 5387169 4048615 2754131064 354127348 1 3305772 355203544
======================
   8      16 sdb 2357402 10 410507158 1093580 5387169 4048615 2754131064 354127348 1 3306428 355204200
======================
   8      16 sdb 2360768 10 410722582 1094236 5387169 4048615 2754131064 354127348 0 3307084 355204856
======================
   8      16 sdb 2364105 10 410936150 1094892 5387169 4048615 2754131064 354127348 0 3307740 355205512
======================
   8      16 sdb 2367389 10 411146326 1095564 5387169 4048615 2754131064 354127348 1 3308412 355206184
======================
   8      16 sdb 2370773 10 411362902 1096256 5387169 4048615 2754131064 354127348 1 3309100 355206872
======================
   8      16 sdb 2374071 10 411574230 1096948 5387169 4048615 2754131064 354127348 1 3309788 355207560
======================
   8      16 sdb 2377377 10 411785814 1097676 5387169 4048615 2754131064 354127348 0 3310512 355208284
======================
   8      16 sdb 2380683 10 411997526 1098348 5387169 4048615 2754131064 354127348 1 3311184 355208956
======================
   8      16 sdb 2383949 10 412206550 1099036 5387169 4048615 2754131064 354127348 1 3311864 355209636
======================
   8      16 sdb 2387282 10 412419862 1099684 5387169 4048615 2754131064 354127348 1 3312512 355210284
======================
   8      16 sdb 2390641 10 412635094 1100308 5387169 4048615 2754131064 354127348 0 3313124 355210896
======================
   8      16 sdb 2394028 10 412852246 1100948 5387169 4048615 2754131064 354127348 1 3313764 355211536
======================
   8      16 sdb 2397343 10 413064918 1101652 5387169 4048615 2754131064 354127348 1 3314476 355212248
======================
   8      16 sdb 2400770 10 413284758 1102388 5387169 4048615 2754131064 354127348 0 3315204 355212976
======================
   8      16 sdb 2404039 10 413494230 1103128 5387169 4048615 2754131064 354127348 1 3315940 355213712
======================
   8      16 sdb 2407340 10 413705878 1103784 5387169 4048615 2754131064 354127348 1 3316596 355214368
======================
   8      16 sdb 2410662 10 413919126 1104448 5387169 4048615 2754131064 354127348 1 3317260 355215032
======================
   8      16 sdb 2414030 10 414135254 1105156 5387169 4048615 2754131064 354127348 1 3317968 355215740
======================
   8      16 sdb 2417345 10 414348054 1105844 5387169 4048615 2754131064 354127348 0 3318652 355216424
======================
   8      16 sdb 2420718 10 414564438 1106572 5387169 4048615 2754131064 354127348 1 3319380 355217152
======================
   8      16 sdb 2424021 10 414776278 1107256 5387169 4048615 2754131064 354127348 1 3320064 355217836
======================
   8      16 sdb 2427515 10 415000790 1108000 5387169 4048615 2754131064 354127348 1 3320804 355218576
======================
   8      16 sdb 2430881 10 415217366 1108708 5387169 4048615 2754131064 354127348 1 3321516 355219288
======================
   8      16 sdb 2434213 10 415432086 1109356 5387169 4048615 2754131064 354127348 1 3322164 355219936
======================
   8      16 sdb 2437531 10 415645846 1110076 5387169 4048615 2754131064 354127348 1 3322884 355220656
======================
   8      16 sdb 2440876 10 415860886 1110728 5387169 4048615 2754131064 354127348 1 3323536 355221308
======================
   8      16 sdb 2444221 10 416075798 1111376 5387169 4048615 2754131064 354127348 1 3324184 355221956
======================
   8      16 sdb 2447512 10 416287574 1112060 5387169 4048615 2754131064 354127348 0 3324864 355222636
======================
   8      16 sdb 2450749 10 416496406 1112740 5387169 4048615 2754131064 354127348 1 3325540 355223312
======================
   8      16 sdb 2454224 10 416720214 1113436 5387169 4048615 2754131064 354127348 1 3326232 355224004
======================
   8      16 sdb 2457522 10 416932630 1114132 5387170 4048615 2754131072 354127416 1 3326948 355224768
======================
   8      16 sdb 2460782 10 417142870 1114820 5387170 4048615 2754131072 354127416 1 3327632 355225452
======================
   8      16 sdb 2464008 10 417350998 1115564 5387170 4048615 2754131072 354127416 1 3328376 355226196
======================
   8      16 sdb 2467219 10 417559190 1116200 5387170 4048615 2754131072 354127416 1 3329004 355226824
======================
   8      16 sdb 2470390 10 417763990 1116944 5387170 4048615 2754131072 354127416 1 3329744 355227564
======================
   8      16 sdb 2473528 10 417966486 1117616 5387170 4048615 2754131072 354127416 0 3330412 355228232
======================
   8      16 sdb 2476786 10 418177494 1118300 5387170 4048615 2754131072 354127416 1 3331088 355228908
======================
   8      16 sdb 2480042 10 418388374 1119004 5387170 4048615 2754131072 354127416 1 3331788 355229608
======================
   8      16 sdb 2483218 10 418593366 1119712 5387170 4048615 2754131072 354127416 1 3332484 355230312
======================
   8      16 sdb 2486370 10 418797270 1120364 5387170 4048615 2754131072 354127416 1 3333120 355230948
======================
   8      16 sdb 2489493 10 419000150 1120992 5387170 4048615 2754131072 354127416 1 3333748 355231576
======================
   8      16 sdb 2492631 10 419204246 1121692 5387170 4048615 2754131072 354127416 1 3334440 355232272
======================
   8      16 sdb 2495760 10 419407318 1122400 5387170 4048615 2754131072 354127416 1 3335148 355232980
======================
   8      16 sdb 2498905 10 419610966 1123076 5387170 4048615 2754131072 354127416 0 3335820 355233656
======================
   8      16 sdb 2502055 10 419816598 1123772 5387170 4048615 2754131072 354127416 1 3336516 355234352
======================
   8      16 sdb 2505181 10 420019158 1124476 5387170 4048615 2754131072 354127416 1 3337220 355235056
======================
   8      16 sdb 2508375 10 420227558 1125180 5387170 4048615 2754131072 354127416 1 3337916 355235756
======================
   8      16 sdb 2511494 10 420430054 1125856 5387170 4048615 2754131072 354127416 1 3338592 355236432
======================
   8      16 sdb 2514570 10 420630630 1126532 5387170 4048615 2754131072 354127416 0 3339264 355237108
======================
   8      16 sdb 2517769 10 420839078 1127196 5387170 4048615 2754131072 354127416 0 3339924 355237768
======================
   8      16 sdb 2520890 10 421043302 1127872 5387170 4048615 2754131072 354127416 1 3340596 355238444
======================
   8      16 sdb 2524001 10 421247462 1128544 5387170 4048615 2754131072 354127416 0 3341260 355239108
======================
   8      16 sdb 2527135 10 421450342 1129268 5387170 4048615 2754131072 354127416 1 3341980 355239832
======================
   8      16 sdb 2530312 10 421657446 1130000 5387170 4048615 2754131072 354127416 1 3342712 355240564
