======================
   8      16 sdb 2826961 10 496370492 1410952 7719278 4054524 3145653792 406244768 0 3862284 407639916
======================
   8      16 sdb 2826961 10 496370492 1410952 7719278 4054524 3145653792 406244768 0 3862284 407639916
======================
   8      16 sdb 2826961 10 496370492 1410952 7719280 4054525 3145653816 406244768 0 3862284 407639916
======================
   8      16 sdb 2826961 10 496370492 1410952 7719280 4054525 3145653816 406244768 0 3862284 407639916
======================
   8      16 sdb 2826961 10 496370492 1410952 7745734 4054526 3145883984 406330836 137 3862908 407726348
======================
   8      16 sdb 2826961 10 496370492 1410952 7785071 4054527 3146226288 406470176 129 3863908 407865196
======================
   8      16 sdb 2827450 10 496374404 1411184 7817784 4054527 3146510040 406609576 147 3864912 408004888
======================
   8      16 sdb 2827450 10 496374404 1411184 7854262 4054528 3146825904 406748096 146 3865916 408143548
======================
   8      16 sdb 2827450 10 496374404 1411184 7887963 4054528 3147117256 406889452 150 3866916 408284560
======================
   8      16 sdb 2827450 10 496374404 1411184 7926006 4055025 3147449304 407029948 148 3867920 408425156
======================
   8      16 sdb 2827450 10 496374404 1411184 7963483 4055025 3147771392 407169664 132 3868924 408564864
======================
   8      16 sdb 2827450 10 496374404 1411184 8001480 4055025 3148096872 407309552 138 3869928 408704760
======================
   8      16 sdb 2827450 10 496374404 1411184 8039218 4055025 3148419000 407450216 134 3870932 408845608
======================
   8      16 sdb 2827450 10 496374404 1411184 8074012 4055026 3148715816 407590876 127 3871932 408985632
======================
   8      16 sdb 2827450 10 496374404 1411184 8110929 4055028 3149028672 407732064 158 3872936 409126784
======================
   8      16 sdb 2827450 10 496374404 1411184 8147570 4055028 3149337544 407871204 157 3873940 409265972
======================
   8      16 sdb 2827450 10 496374404 1411184 8182720 4055028 3149632088 408011848 133 3874944 409406592
======================
   8      16 sdb 2827450 10 496374404 1411184 8217197 4055028 3149919000 408151828 152 3875948 409546584
======================
   8      16 sdb 2827450 10 496374404 1411184 8248824 4055028 3150180064 408293444 141 3876952 409688232
======================
   8      16 sdb 2827450 10 496374404 1411184 8282440 4055030 3150456040 408434096 136 3877956 409828836
======================
   8      16 sdb 2827450 10 496374404 1411184 8315206 4055030 3150722424 408576660 140 3878960 409971476
======================
   8      16 sdb 2827491 10 496374732 1411308 8330191 4055487 3152472096 408667732 147 3879964 410065424
======================
   8      16 sdb 2827494 10 496374756 1411536 8332115 4055487 3153457184 408790720 68 3880968 410189344
======================
   8      16 sdb 2827498 10 496374788 1411780 8334039 4055487 3154442272 408916300 139 3881968 410316244
======================
   8      16 sdb 2827503 10 496374828 1411828 8335938 4055511 3155414248 409059112 149 3882972 410459200
======================
   8      16 sdb 2827507 10 496374860 1411868 8337834 4055511 3156385000 409201908 141 3883976 410602148
======================
   8      16 sdb 2827511 10 496374892 1411932 8339758 4055511 3157370088 409344448 150 3884980 410744508
======================
   8      16 sdb 2827514 10 496374916 1411996 8341681 4055511 3158354664 409485524 151 3885984 410885932
======================
   8      16 sdb 2827519 10 496374956 1412148 8343590 4055511 3159332584 409620844 140 3886988 411022144
======================
   8      16 sdb 2827523 10 496374988 1412272 8345522 4055511 3160321256 409760040 147 3887992 411160608
======================
   8      16 sdb 2827526 10 496375012 1412380 8347446 4055511 3161306344 409897944 98 3888996 411298376
======================
   8      16 sdb 2827530 10 496375044 1412544 8349343 4055511 3162277608 410032596 141 3889996 411433448
======================
   8      16 sdb 2827535 10 496375084 1412768 8351242 4055511 3163249896 410162128 144 3891000 411563228
======================
   8      16 sdb 2827538 10 496375108 1412920 8353113 4055511 3164207848 410293668 63 3892004 411694988
======================
   8      16 sdb 2827543 10 496375148 1413148 8355085 4055511 3165217512 410423784 138 3893008 411825396
======================
   8      16 sdb 2827546 10 496375172 1413172 8357006 4055511 3166201064 410566928 137 3894012 411968488
======================
   8      16 sdb 2827551 10 496375212 1413248 8358928 4055511 3167185128 410707900 140 3895016 412109684
======================
   8      16 sdb 2827555 10 496375244 1413316 8360851 4055511 3168169704 410850120 153 3896020 412251612
======================
   8      16 sdb 2827558 10 496375268 1413384 8362754 4055511 3169144040 410990160 147 3897024 412392092
======================
   8      16 sdb 2827562 10 496375300 1413496 8364652 4055511 3170115816 411125800 151 3898028 412528076
======================
   8      16 sdb 2827567 10 496375340 1413680 8366575 4055511 3171100392 411256788 134 3899028 412658604
======================
   8      16 sdb 2827571 10 496375372 1413828 8368498 4055511 3172084968 411393340 142 3900032 412793460
======================
   8      16 sdb 2827574 10 496375396 1413956 8370417 4055511 3173067496 411529284 143 3901036 412931484
======================
   8      16 sdb 2827578 10 496375428 1414152 8372337 4055511 3174050536 411662896 131 3902040 413065308
======================
   8      16 sdb 2827583 10 496375468 1414404 8374265 4055603 3175034880 411785700 131 3903044 413188160
======================
   8      16 sdb 2827587 10 496375500 1414612 8376161 4055603 3176005632 411908368 141 3904048 413311412
======================
   8      16 sdb 2827590 10 496375524 1414628 8378058 4055603 3176976896 412050652 129 3905052 413453584
======================
   8      16 sdb 2827594 10 496375556 1414668 8379980 4055603 3177960960 412192692 155 3906056 413595912
======================
   8      16 sdb 2827599 10 496375596 1414768 8381900 4055603 3178944000 412332780 146 3907056 413735596
======================
   8      16 sdb 2827603 10 496375628 1414856 8383819 4055603 3179926528 412473892 151 3908060 413876320
======================
   8      16 sdb 2827606 10 496375652 1414936 8385742 4055603 3180911104 412613404 130 3909064 414016664
======================
   8      16 sdb 2827610 10 496375684 1415060 8387648 4055603 3181886976 412750088 156 3910068 414154560
======================
   8      16 sdb 2827615 10 496375724 1415244 8389558 4055603 3182864896 412882256 149 3911072 414286356
======================
   8      16 sdb 2827618 10 496375748 1415372 8391480 4055603 3183848960 413019956 71 3912072 414422360
======================
   8      16 sdb 2827622 10 496375780 1415580 8393381 4055603 3184822272 413152036 154 3913076 414555688
======================
   8      16 sdb 2827626 10 496375812 1415788 8395300 4055603 3185804800 413283668 140 3914080 414687716
======================
   8      16 sdb 2827631 10 496375852 1416056 8397228 4055720 3186788840 413406812 146 3915084 414809660
======================
   8      16 sdb 2827635 10 496375884 1416232 8399151 4055720 3187773416 413541884 144 3916088 414946376
======================
   8      16 sdb 2827638 10 496375908 1416252 8401074 4055720 3188757992 413683480 138 3917092 415088216
======================
   8      16 sdb 2827642 10 496375940 1416292 8402994 4055720 3189741032 413824896 134 3918092 415229288
======================
   8      16 sdb 2827647 10 496375980 1416392 8404892 4055720 3190712808 413963508 153 3919096 415367968
======================
   8      16 sdb 2827650 10 496376004 1416452 8406792 4055720 3191685608 414104364 127 3920100 415508908
======================
   8      16 sdb 2827654 10 496376036 1416556 8408712 4055720 3192668648 414243624 148 3921104 415648356
======================
   8      16 sdb 2827658 10 496376068 1416684 8410635 4055720 3193653224 414380768 155 3922108 415785792
======================
   8      16 sdb 2827663 10 496376108 1416892 8412557 4055720 3194637288 414512372 137 3923112 415915832
======================
   8      16 sdb 2827666 10 496376132 1417020 8414477 4055720 3195620328 414647424 122 3924116 416052856
======================
   8      16 sdb 2827670 10 496376164 1417208 8416399 4055720 3196604392 414779108 153 3925116 416184500
======================
   8      16 sdb 2827674 10 496376196 1417424 8418302 4055720 3197578728 414910616 136 3926120 416316188
======================
   8      16 sdb 2827678 10 496376228 1417640 8420205 4055812 3198550776 415035944 32 3927124 416438700
======================
   8      16 sdb 2827682 10 496376260 1417888 8422125 4055812 3199533816 415162504 151 3928128 416568892
======================
   8      16 sdb 2827686 10 496376292 1418156 8424048 4055812 3200518392 415285596 154 3929128 416691520
======================
   8      16 sdb 2827690 10 496376324 1418440 8425976 4055854 3201503344 415405600 129 3930132 416811560
======================
   8      16 sdb 2827694 10 496376356 1418692 8427894 4055854 3202485360 415524280 28 3931136 416927744
======================
   8      16 sdb 2827698 10 496376388 1418992 8429819 4055876 3203470128 415641744 132 3932140 417048964
======================
   8      16 sdb 2827702 10 496376420 1419304 8431720 4055893 3204442568 415759516 155 3933144 417167020
======================
   8      16 sdb 2827706 10 496376452 1419592 8433624 4055893 3205417416 415878312 138 3934148 417285496
======================
   8      16 sdb 2827710 10 496376484 1419836 8435543 4055893 3206399944 415996508 31 3935152 417401356
======================
   8      16 sdb 2827714 10 496376516 1420136 8437467 4055893 3207385032 416115112 142 3936152 417523792
======================
   8      16 sdb 2827718 10 496376548 1420408 8439393 4055931 3208369432 416232716 132 3937152 417640996
======================
   8      16 sdb 2827722 10 496376580 1420708 8441310 4055931 3209350936 416351188 134 3938156 417759292
======================
   8      16 sdb 2827726 10 496376612 1420960 8443229 4055931 3210333464 416469904 29 3939160 417875656
======================
   8      16 sdb 2827730 10 496376644 1421264 8445126 4055931 3211304728 416588860 131 3940164 417998476
======================
   8      16 sdb 2827734 10 496376676 1421564 8447029 4055931 3212279064 416707424 145 3941164 418116908
======================
   8      16 sdb 2827738 10 496376708 1421856 8448949 4055954 3213261280 416822052 134 3942168 418229692
======================
   8      16 sdb 2827742 10 496376740 1422108 8450872 4055971 3214244984 416938532 70 3943172 418347592
======================
   8      16 sdb 2827746 10 496376772 1422412 8452795 4055971 3215229560 417056992 143 3944172 418467308
======================
   8      16 sdb 2827750 10 496376804 1422704 8454716 4055971 3216213112 417175368 141 3945168 418585920
======================
   8      16 sdb 2827754 10 496376836 1423008 8456640 4055971 3217198200 417296196 137 3946172 418705288
======================
   8      16 sdb 2827758 10 496376868 1423272 8458538 4055995 3218169160 417413572 86 3947176 418824060
======================
   8      16 sdb 2827762 10 496376900 1423568 8460438 4056012 3219140584 417531328 141 3948176 418942944
======================
   8      16 sdb 2827766 10 496376932 1423860 8462360 4056012 3220124648 417649588 138 3949180 419061756
======================
   8      16 sdb 2827770 10 496376964 1424164 8464282 4056012 3221108712 417772728 146 3950176 419180716
======================
   8      16 sdb 2827774 10 496376996 1424416 8466204 4056012 3222092776 417888004 103 3951180 419300032
======================
   8      16 sdb 2827778 10 496377028 1424712 8468124 4056034 3223074984 418006644 147 3952180 419419576
======================
   8      16 sdb 2827782 10 496377060 1424980 8470047 4056051 3224058688 418124452 146 3953176 419537100
======================
   8      16 sdb 2827786 10 496377092 1425284 8471946 4056051 3225030976 418248552 36 3954180 419656592
======================
   8      16 sdb 2827790 10 496377124 1425536 8473841 4056051 3226001216 418362280 146 3955184 419776388
======================
   8      16 sdb 2827794 10 496377156 1425824 8475764 4056051 3226985792 418480924 138 3956188 419894580
======================
   8      16 sdb 2827798 10 496377188 1426120 8477691 4056089 3227970704 418594076 154 3957192 420007904
======================
   8      16 sdb 2827801 10 496377212 1426344 8479615 4056089 3228955792 418718328 12 3958192 420128244
======================
   8      16 sdb 2827806 10 496377252 1426672 8481535 4056089 3229938832 418831612 140 3959192 420246356
======================
   8      16 sdb 2827810 10 496377284 1426976 8483455 4056089 3230921872 418949992 150 3960196 420365280
======================
   8      16 sdb 2827814 10 496377316 1427276 8485365 4056089 3231899792 419067424 128 3961196 420482664
======================
   8      16 sdb 2827817 10 496377340 1427504 8487281 4056113 3232879968 419189932 28 3962200 420602000
======================
   8      16 sdb 2827822 10 496377380 1427836 8489181 4056130 3233851392 419303416 140 3963204 420719332
======================
   8      16 sdb 2827826 10 496377412 1428120 8491091 4056130 3234829312 419422268 135 3964208 420838312
======================
   8      16 sdb 2827830 10 496377444 1428432 8493008 4056130 3235810816 419543016 137 3965212 420957124
======================
   8      16 sdb 2827833 10 496377468 1428656 8494931 4056130 3236795392 419664784 61 3966208 421079468
======================
   8      16 sdb 2827838 10 496377508 1428924 8496857 4056168 3237779792 419775828 130 3967212 421192300
======================
   8      16 sdb 2827842 10 496377540 1429220 8498764 4056168 3238756176 419893228 146 3968216 421310912
======================
   8      16 sdb 2827846 10 496377572 1429524 8500698 4056168 3239746384 420014464 133 3969220 421430240
======================
   8      16 sdb 2827849 10 496377596 1429752 8502598 4056168 3240719184 420136956 46 3970224 421552268
======================
   8      16 sdb 2827854 10 496377636 1430080 8504496 4056168 3241690960 420251444 128 3971228 421669592
======================
   8      16 sdb 2827858 10 496377668 1430376 8506420 4056208 3242673344 420364848 142 3972224 421782644
======================
   8      16 sdb 2827862 10 496377700 1430676 8508342 4056208 3243657408 420485092 143 3973224 421901348
======================
   8      16 sdb 2827865 10 496377724 1430904 8510266 4056208 3244642496 420607580 64 3974228 422024604
======================
   8      16 sdb 2827870 10 496377764 1431216 8512187 4056208 3245626048 420719108 155 3975228 422138060
======================
   8      16 sdb 2827874 10 496377796 1431512 8514107 4056208 3246609088 420838496 137 3976232 422257716
======================
   8      16 sdb 2827878 10 496377828 1431832 8516001 4056249 3247576624 420953828 135 3977232 422369872
======================
   8      16 sdb 2827881 10 496377852 1432072 8517912 4056249 3248555056 421073792 103 3978236 422493272
======================
   8      16 sdb 2827886 10 496377892 1432404 8519829 4056249 3249536560 421186288 129 3979240 422606516
======================
   8      16 sdb 2827890 10 496377924 1432696 8521754 4056249 3250522160 421304864 144 3980244 422725444
======================
   8      16 sdb 2827894 10 496377956 1433000 8523677 4056249 3251507248 421427852 149 3981248 422844728
======================
   8      16 sdb 2827897 10 496377980 1433216 8525598 4056271 3252489456 421547988 99 3982252 422968816
======================
   8      16 sdb 2827902 10 496378020 1433548 8527522 4056288 3253473672 421660328 154 3983252 423081804
======================
   8      16 sdb 2827906 10 496378052 1433844 8529419 4056288 3254444936 421778348 129 3984256 423200012
======================
   8      16 sdb 2827909 10 496378076 1434068 8531326 4056288 3255421320 421902940 5 3985256 423319836
======================
   8      16 sdb 2827913 10 496378108 1434360 8533246 4056288 3256404360 422021220 133 3986260 423443076
======================
   8      16 sdb 2827918 10 496378148 1434688 8535165 4056326 3257386056 422129984 129 3987264 423552032
======================
   8      16 sdb 2827922 10 496378180 1434976 8537090 4056326 3258370776 422248340 143 3988268 423670708
======================
   8      16 sdb 2827925 10 496378204 1435196 8539011 4056326 3259354328 422372840 4 3989268 423790772
======================
   8      16 sdb 2827929 10 496378236 1435496 8540934 4056326 3260338904 422491416 129 3990268 423914576
======================
   8      16 sdb 2827934 10 496378276 1435836 8542834 4056326 3261311704 422605584 142 3991272 424029164
======================
   8      16 sdb 2827938 10 496378308 1436124 8544735 4056366 3262284200 422723604 149 3992272 424146532
======================
   8      16 sdb 2827941 10 496378332 1436348 8546658 4056366 3263266888 422845464 43 3993276 424266944
======================
   8      16 sdb 2827945 10 496378364 1436640 8548582 4056366 3264251976 422963940 145 3994276 424388460
======================
   8      16 sdb 2827950 10 496378404 1436964 8550504 4056366 3265236040 423077604 129 3995280 424502076
======================
   8      16 sdb 2827954 10 496378436 1437244 8552425 4056366 3266219592 423193144 141 3996276 424617412
======================
   8      16 sdb 2827957 10 496378460 1437408 8554350 4056389 3267204368 423314408 33 3997280 424736392
======================
   8      16 sdb 2827961 10 496378492 1437712 8556251 4056389 3268177680 423433048 131 3998280 424858044
======================
   8      16 sdb 2827966 10 496378532 1438048 8558149 4056389 3269149968 423546348 143 3999284 424971772
======================
   8      16 sdb 2827970 10 496378564 1438344 8560070 4056389 3270133008 423666648 147 4000284 425090020
======================
   8      16 sdb 2827973 10 496378588 1438564 8561994 4056389 3271118096 423788928 69 4001284 425213500
======================
   8      16 sdb 2827977 10 496378620 1438868 8563919 4056412 3272102872 423903080 139 4002288 425329380
======================
   8      16 sdb 2827982 10 496378660 1439200 8565839 4056412 3273085912 424017996 129 4003292 425444504
======================
   8      16 sdb 2827986 10 496378692 1439484 8567762 4056412 3274070488 424137960 136 4004296 425563132
======================
   8      16 sdb 2827989 10 496378716 1439712 8569664 4056412 3275044312 424261820 81 4005296 425688012
======================
   8      16 sdb 2827993 10 496378748 1440012 8571565 4056412 3276017624 424382140 142 4006300 425809816
======================
   8      16 sdb 2827996 10 496378772 1440180 8572832 4056494 3276658904 424459012 0 4006956 425881388
======================
   8      16 sdb 2827996 10 496378772 1440180 8572832 4056494 3276658904 424459012 0 4006956 425881388
======================
   8      16 sdb 2827996 10 496378772 1440180 8572832 4056494 3276658904 424459012 0 4006956 425881388
======================
   8      16 sdb 2827996 10 496378772 1440180 8572832 4056494 3276658904 424459012 0 4006956 425881388
======================
   8      16 sdb 2827996 10 496378772 1440180 8572832 4056494 3276658904 424459012 0 4006956 425881388
======================
   8      16 sdb 2827996 10 496378772 1440180 8572832 4056494 3276658904 424459012 0 4006956 425881388
started
======================
   8      16 sdb 2828123 10 496379782 1440180 8572849 4056494 3276658968 424459016 0 4006960 425881392
======================
   8      16 sdb 2828123 10 496379782 1440180 8572849 4056494 3276658968 424459016 0 4006960 425881392
======================
   8      16 sdb 2828128 10 496379822 1440180 8572849 4056494 3276658968 424459016 0 4006960 425881392
======================
   8      16 sdb 2828128 10 496379822 1440180 8572849 4056494 3276658968 424459016 0 4006960 425881392
======================
   8      16 sdb 2828128 10 496379822 1440180 8572849 4056494 3276658968 424459016 0 4006960 425881392
======================
   8      16 sdb 2828128 10 496379822 1440180 8572849 4056494 3276658968 424459016 0 4006960 425881392
======================
   8      16 sdb 2828128 10 496379822 1440180 8572849 4056494 3276658968 424459016 0 4006960 425881392
======================
   8      16 sdb 2828128 10 496379822 1440180 8572852 4056496 3276659008 424459016 0 4006960 425881392
======================
   8      16 sdb 2828128 10 496379822 1440180 8573672 4056496 3276714112 424460272 140 4006972 425882680
======================
   8      16 sdb 2828128 10 496379822 1440180 8587401 4056496 3277642056 424508944 0 4007336 425931284
======================
   8      16 sdb 2828128 10 496379822 1440180 8601320 4056496 3278592328 424606720 0 4008052 426029044
======================
   8      16 sdb 2828128 10 496379822 1440180 8614900 4056496 3279526216 424708848 0 4008796 426131172
======================
   8      16 sdb 2828128 10 496379822 1440180 8627468 4056497 3280394848 424820420 135 4009596 426243388
======================
   8      16 sdb 2828128 10 496379822 1440180 8639609 4056497 3281241248 424962756 154 4010600 426385852
======================
   8      16 sdb 2828128 10 496379822 1440180 8652729 4056497 3282161824 425104380 140 4011604 426527484
======================
   8      16 sdb 2828128 10 496379822 1440180 8662989 4056497 3282893216 425239616 133 4012608 426668972
======================
   8      16 sdb 2828128 10 496379822 1440180 8676662 4056497 3283868064 425386088 133 4013608 426809032
======================
   8      16 sdb 2828128 10 496379822 1440180 8688210 4056498 3284697720 425527808 152 4014612 426950764
======================
   8      16 sdb 2828128 10 496379822 1440180 8701177 4056498 3285640696 425669936 145 4015616 427092960
======================
   8      16 sdb 2828128 10 496379822 1440180 8712557 4056498 3286471736 425811412 139 4016620 427234488
======================
   8      16 sdb 2828128 10 496379822 1440180 8725317 4056498 3287407096 425952844 134 4017624 427375968
======================
   8      16 sdb 2828128 10 496379822 1440180 8736690 4056498 3288209592 426095252 148 4018628 427518380
======================
   8      16 sdb 2828128 10 496379822 1440180 8749522 4056499 3289112208 426232976 140 4019628 427657976
======================
   8      16 sdb 2828128 10 496379822 1440180 8761914 4056499 3289984920 426377400 132 4020632 427800112
======================
   8      16 sdb 2828128 10 496379822 1440180 8774348 4056500 3290866136 426511272 152 4021588 427934104
======================
   8      16 sdb 2828128 10 496379822 1440180 8786420 4056502 3291723864 426653684 148 4022592 428076588
======================
   8      16 sdb 2828128 10 496379822 1440180 8798770 4056504 3292599000 426795740 150 4023596 428218656
======================
   8      16 sdb 2828128 10 496379822 1440180 8810911 4056507 3293460208 426936524 148 4024600 428359476
======================
   8      16 sdb 2828128 10 496379822 1440180 8822861 4056509 3294304048 427077512 155 4025600 428500584
======================
   8      16 sdb 2828128 10 496379822 1440180 8835076 4056511 3295166768 427219792 132 4026604 428642320
======================
   8      16 sdb 2828128 10 496379822 1440180 8847004 4056513 3296009008 427361228 140 4027608 428783828
======================
   8      16 sdb 2828128 10 496379822 1440180 8854889 4056514 3296565672 427445700 0 4028208 428867620
======================
   8      16 sdb 2828128 10 496379822 1440180 8861340 4056516 3297022984 427485396 141 4028504 428908288
======================
   8      16 sdb 2828128 10 496379822 1440180 8872746 4056517 3297829000 427627584 127 4029508 429050364
======================
   8      16 sdb 2828128 10 496379822 1440180 8882484 4056519 3298515080 427770172 149 4030512 429193272
======================
   8      16 sdb 2828128 10 496379822 1440180 8891017 4056520 3299113608 427911296 152 4031516 429334420
======================
   8      16 sdb 2828128 10 496379822 1440180 8899228 4056522 3299692808 428051584 145 4032516 429475940
======================
   8      16 sdb 2828128 10 496379822 1440180 8907546 4056524 3300279072 428195292 154 4033520 429618056
======================
   8      16 sdb 2828128 10 496379822 1440180 8915285 4056525 3300825440 428337740 130 4034524 429760540
======================
   8      16 sdb 2828128 10 496379822 1440180 8922453 4056527 3301336544 428479956 134 4035528 429902992
======================
   8      16 sdb 2828128 10 496379822 1440180 8929825 4056528 3301861408 428624316 147 4036532 430047260
======================
   8      16 sdb 2828128 10 496379822 1440180 8937101 4056529 3302383384 428766012 136 4037536 430189084
======================
   8      16 sdb 2828128 10 496379822 1440180 8944276 4056529 3302899504 428909320 130 4038540 430332364
======================
   8      16 sdb 2828128 10 496379822 1440180 8950808 4056529 3303370160 429055544 133 4039572 430478572
======================
   8      16 sdb 2828128 10 496379822 1440180 8957439 4056530 3303848816 429201208 128 4040600 430624948
======================
   8      16 sdb 2828128 10 496379822 1440180 8962928 4056530 3304248176 429345316 140 4041604 430768872
======================
   8      16 sdb 2828128 10 496379822 1440180 8969019 4056531 3304692936 429488520 131 4042608 430911480
======================
   8      16 sdb 2828128 10 496379822 1440180 8975034 4056531 3305132680 429630676 132 4043612 431054240
======================
   8      16 sdb 2828128 10 496379822 1440180 8980478 4056532 3305533896 429773408 128 4044616 431196968
======================
   8      16 sdb 2828128 10 496379822 1440180 8985430 4056532 3305904264 429916192 136 4045620 431340004
======================
   8      16 sdb 2828128 10 496379822 1440180 8991089 4056532 3306328072 430060356 145 4046624 431483152
======================
   8      16 sdb 2828128 10 496379822 1440180 8996450 4056533 3306733152 430199704 147 4047624 431622976
======================
   8      16 sdb 2828128 10 496379822 1440180 9001489 4056533 3307111712 430339640 140 4048632 431765848
======================
   8      16 sdb 2828128 10 496379822 1440180 9006455 4056533 3307486816 430485820 134 4049636 431909412
======================
   8      16 sdb 2828128 10 496379822 1440180 9011370 4056533 3307856992 430628124 147 4050636 432051584
======================
   8      16 sdb 2828128 10 496379822 1440180 9016133 4056534 3308214432 430771892 152 4051640 432195688
======================
   8      16 sdb 2828128 10 496379822 1440180 9020625 4056535 3308550648 430915528 142 4052644 432339288
======================
   8      16 sdb 2828128 10 496379822 1440180 9025522 4056535 3308924920 431058388 141 4053648 432482108
======================
   8      16 sdb 2828128 10 496379822 1440180 9030139 4056536 3309276408 431201592 132 4054652 432625324
======================
   8      16 sdb 2828128 10 496379822 1440180 9034848 4056537 3309636984 431345012 159 4055656 432768716
======================
   8      16 sdb 2828128 10 496379822 1440180 9039607 4056537 3310001720 431488468 136 4056660 432911940
======================
   8      16 sdb 2828128 10 496379822 1440180 9044148 4056539 3310348368 431631376 147 4057660 433055196
======================
   8      16 sdb 2828128 10 496379822 1440180 9048411 4056539 3310674384 431773832 140 4058668 433198668
