======================
   8      32 sdc 2086241 74470 223190978 16551420 14087161 36165154 4481109256 2505408532 0 20160388 2523384136
======================
   8      32 sdc 2086241 74470 223190978 16551420 14087161 36165154 4481109256 2505408532 0 20160388 2523384136
======================
   8      32 sdc 2086729 74470 223194882 16551428 14087161 36165154 4481109256 2505408532 0 20160396 2523384144
======================
   8      32 sdc 2086729 74470 223194882 16551428 14087161 36165154 4481109256 2505408532 0 20160396 2523384144
======================
   8      32 sdc 2086732 74470 223194906 16551456 14089113 36165154 4482108680 2505420012 1 20160856 2523395904
======================
   8      32 sdc 2086733 74470 223194914 16552100 14089499 36165154 4482306312 2505427920 127 20161860 2523476788
======================
   8      32 sdc 2086736 74470 223194938 16552748 14090951 36165154 4483049736 2505624908 130 20162864 2523618892
======================
   8      32 sdc 2086737 74470 223194946 16552788 14091283 36165154 4483219720 2505708196 134 20163868 2523758684
======================
   8      32 sdc 2086737 74470 223194946 16552788 14091312 36165154 4483234568 2505729196 138 20164872 2523897124
======================
   8      32 sdc 2086739 74470 223194962 16554592 14091759 36165658 4483462928 2506052568 131 20165876 2524035928
======================
   8      32 sdc 2086740 74470 223194970 16554624 14092246 36165658 4483711768 2506148476 141 20166880 2524173448
======================
   8      32 sdc 2086742 74470 223194986 16554704 14093085 36165658 4484141336 2506314288 119 20167884 2524312880
======================
   8      32 sdc 2086744 74470 223195002 16555528 14093602 36166120 4484392600 2506432380 154 20168888 2524441044
======================
   8      32 sdc 2086744 74470 223195002 16555528 14093723 36166132 4484450616 2506561200 130 20169892 2524590488
======================
   8      32 sdc 2086744 74470 223195002 16555528 14094131 36166132 4484659512 2506689140 139 20170896 2524733156
======================
   8      32 sdc 2086744 74470 223195002 16555528 14094131 36166132 4484659512 2506689140 139 20171900 2524872712
======================
   8      32 sdc 2086748 74470 223195034 16557112 14096041 36166134 4485635936 2507024924 151 20172904 2525015216
======================
   8      32 sdc 2086750 74470 223195050 16557172 14097072 36166134 4486163808 2507162060 144 20173908 2525158928
======================
   8      32 sdc 2086750 74470 223195050 16557172 14097237 36166134 4486248288 2507195996 124 20174912 2525287368
======================
   8      32 sdc 2086752 74470 223195066 16558832 14098129 36166152 4486704128 2507429696 145 20175916 2525414464
======================
   8      32 sdc 2086754 74470 223195082 16558888 14098794 36166152 4487044608 2507562080 152 20176920 2525559488
======================
   8      32 sdc 2086755 74470 223195090 16558936 14099411 36166158 4487357536 2507701944 136 20177924 2525702064
======================
   8      32 sdc 2086755 74470 223195090 16558936 14099801 36166158 4487557216 2507797828 128 20178928 2525840756
======================
   8      32 sdc 2086755 74470 223195090 16558936 14099801 36166158 4487557216 2507797828 128 20179932 2525969268
======================
   8      32 sdc 2086759 74470 223195122 16560664 14101095 36166174 4488219368 2508106292 146 20180932 2526108348
======================
   8      32 sdc 2086760 74470 223195130 16560704 14101667 36166174 4488512232 2508250408 150 20181936 2526252652
======================
   8      32 sdc 2086760 74470 223195130 16560704 14101838 36166174 4488599784 2508291628 140 20182940 2526394104
======================
   8      32 sdc 2086762 74470 223195146 16562328 14102590 36166174 4488984304 2508546792 132 20183944 2526534852
======================
   8      32 sdc 2086763 74470 223195154 16562356 14103367 36166174 4489382128 2508673576 148 20184948 2526679108
======================
   8      32 sdc 2086764 74470 223195162 16562588 14103818 36166194 4489611184 2508819536 145 20185952 2526823840
======================
   8      32 sdc 2086765 74470 223195170 16562620 14104379 36166194 4489898416 2508961024 137 20186956 2526966596
======================
   8      32 sdc 2086767 74470 223195186 16562696 14104925 36166194 4490177464 2509103744 130 20187960 2527110208
======================
   8      32 sdc 2086767 74470 223195186 16562696 14105445 36166194 4490443704 2509233212 123 20188964 2527251540
======================
   8      32 sdc 2086767 74470 223195186 16562696 14105445 36166194 4490443704 2509233212 123 20189968 2527375032
======================
   8      32 sdc 2086769 74470 223195202 16564272 14106445 36166194 4490955704 2509459240 147 20190972 2527512184
======================
   8      32 sdc 2086769 74470 223195202 16564272 14106445 36166194 4490955704 2509459240 147 20191976 2527659772
======================
   8      32 sdc 2086772 74470 223195226 16565832 14107859 36166220 4491676856 2509793888 146 20192980 2527802784
======================
   8      32 sdc 2086773 74470 223195234 16565868 14108410 36166220 4491958968 2509938536 139 20193984 2527946760
======================
   8      32 sdc 2086775 74470 223195250 16565980 14108972 36166220 4492246712 2510081512 141 20194988 2528089804
======================
   8      32 sdc 2086776 74470 223195258 16566048 14109530 36166220 4492532408 2510223064 130 20195992 2528231700
======================
   8      32 sdc 2086777 74470 223195266 16566088 14110063 36166220 4492805304 2510367408 119 20196992 2528374492
======================
   8      32 sdc 2086779 74470 223195282 16566284 14110672 36166240 4493116264 2510505364 143 20197996 2528509008
======================
   8      32 sdc 2086779 74470 223195282 16566284 14111132 36166240 4493351784 2510631144 76 20199000 2528646212
======================
   8      32 sdc 2086781 74470 223195298 16566536 14111686 36166240 4493635432 2510780908 134 20200004 2528788528
======================
   8      32 sdc 2086781 74470 223195298 16566536 14112061 36166240 4493827432 2510873920 139 20201008 2528930964
======================
   8      32 sdc 2086781 74470 223195298 16566536 14112061 36166240 4493827432 2510873920 139 20202012 2529070520
======================
   8      32 sdc 2086784 74470 223195322 16568212 14113420 36166259 4494517848 2511203276 157 20203016 2529212028
======================
   8      32 sdc 2086785 74470 223195330 16568244 14114006 36166259 4494817880 2511345152 130 20204024 2529355756
======================
   8      32 sdc 2086786 74470 223195338 16568296 14114561 36166259 4495102040 2511488452 145 20205024 2529499128
======================
   8      32 sdc 2086786 74470 223195338 16568296 14114673 36166259 4495159384 2511517216 114 20206028 2529618532
======================
   8      32 sdc 2086788 74470 223195354 16570044 14115338 36166259 4495499864 2511740240 136 20207032 2529736716
======================
   8      32 sdc 2086790 74470 223195370 16570112 14116155 36166275 4495917288 2511855792 138 20208036 2529880840
======================
   8      32 sdc 2086790 74470 223195370 16570112 14116155 36166275 4495917288 2511855792 138 20209040 2530019392
======================
   8      32 sdc 2086793 74470 223195394 16571740 14117364 36166275 4496536296 2512145412 144 20210044 2530159708
======================
   8      32 sdc 2086794 74470 223195402 16571772 14117978 36166279 4496849184 2512305848 154 20211048 2530308416
======================
   8      32 sdc 2086795 74470 223195410 16571820 14118592 36166279 4497163552 2512438084 144 20212052 2530451648
======================
   8      32 sdc 2086796 74470 223195418 16571864 14119007 36166299 4497375688 2512586688 137 20213056 2530595116
======================
   8      32 sdc 2086797 74470 223195426 16571892 14119593 36166299 4497675216 2512726788 128 20214060 2530738516
======================
   8      32 sdc 2086798 74470 223195434 16571944 14120165 36166299 4497968080 2512870592 132 20215064 2530883412
======================
   8      32 sdc 2086799 74470 223195442 16571976 14120726 36166299 4498255312 2513011084 147 20216064 2531026732
======================
   8      32 sdc 2086799 74470 223195442 16571976 14120813 36166299 4498299856 2513034216 109 20217068 2531140408
======================
   8      32 sdc 2086801 74470 223195458 16573664 14121842 36166323 4498821856 2513250316 130 20218072 2531256932
======================
   8      32 sdc 2086801 74470 223195458 16573664 14121842 36166323 4498821856 2513250316 130 20219076 2531387452
======================
   8      32 sdc 2086804 74470 223195482 16575292 14123003 36166323 4499416288 2513505776 136 20220080 2531523876
======================
   8      32 sdc 2086805 74470 223195490 16575324 14123574 36166323 4499708640 2513649464 157 20221084 2531667264
======================
   8      32 sdc 2086807 74470 223195506 16575432 14124136 36166323 4499996384 2513792696 152 20222088 2531810408
======================
   8      32 sdc 2086808 74470 223195514 16575496 14124719 36166345 4500294552 2513935040 149 20223092 2531952420
======================
   8      32 sdc 2086809 74470 223195522 16575540 14125272 36166345 4500577184 2514074620 131 20224096 2532094444
======================
   8      32 sdc 2086810 74470 223195530 16575568 14125878 36166345 4500887456 2514219432 144 20225100 2532237828
======================
   8      32 sdc 2086811 74470 223195538 16575628 14126439 36166345 4501174688 2514362212 95 20226104 2532378552
======================
   8      32 sdc 2086812 74470 223195546 16575944 14126883 36166345 4501402016 2514489092 150 20227108 2532507836
======================
   8      32 sdc 2086813 74470 223195554 16575976 14127435 36166358 4501684240 2514632000 139 20228112 2532651096
======================
   8      32 sdc 2086813 74470 223195554 16575976 14127464 36166358 4501699088 2514639200 143 20229116 2532794808
======================
   8      32 sdc 2086816 74470 223195578 16577652 14128572 36166370 4502261440 2514922068 148 20230120 2532938104
======================
   8      32 sdc 2086816 74470 223195578 16577652 14129019 36166370 4502490304 2515017616 134 20231124 2533078828
======================
   8      32 sdc 2086816 74470 223195578 16577652 14129019 36166370 4502490304 2515017616 134 20232128 2533213364
======================
   8      32 sdc 2086818 74470 223195594 16579200 14130023 36166370 4503004352 2515260524 154 20233132 2533361700
======================
   8      32 sdc 2086818 74470 223195594 16579200 14130023 36166370 4503004352 2515260524 154 20234136 2533516316
======================
   8      32 sdc 2086821 74470 223195618 16580912 14131465 36166385 4503741768 2515636900 153 20235140 2533660708
======================
   8      32 sdc 2086821 74470 223195618 16580912 14131566 36166385 4503793480 2515662148 133 20236144 2533795784
======================
   8      32 sdc 2086824 74470 223195642 16582644 14132286 36166385 4504162120 2515921220 132 20237148 2533930296
======================
   8      32 sdc 2086826 74470 223195658 16582704 14133150 36166388 4504603000 2516048804 132 20238152 2534073276
======================
   8      32 sdc 2086827 74470 223195666 16582740 14133728 36166388 4504898936 2516192264 151 20239156 2534214424
======================
   8      32 sdc 2086828 74470 223195674 16583000 14134202 36166409 4505140784 2516308444 155 20240160 2534351592
======================
   8      32 sdc 2086829 74470 223195682 16583028 14134773 36166409 4505433136 2516469388 146 20241164 2534495120
======================
   8      32 sdc 2086830 74470 223195690 16583064 14135340 36166409 4505723440 2516613136 155 20242168 2534638944
======================
   8      32 sdc 2086831 74470 223195698 16583204 14135908 36166409 4506014256 2516759404 128 20243172 2534781276
======================
   8      32 sdc 2086832 74470 223195706 16583240 14136518 36166414 4506322584 2516898768 137 20244176 2534924344
======================
   8      32 sdc 2086832 74470 223195706 16583240 14136705 36166427 4506417928 2516943608 144 20245180 2535068712
======================
   8      32 sdc 2086833 74470 223195714 16584904 14137085 36166427 4506611984 2517201756 148 20246184 2535213092
======================
   8      32 sdc 2086835 74470 223195730 16584956 14138187 36166427 4507176208 2517328436 134 20247188 2535356084
======================
   8      32 sdc 2086836 74470 223195738 16584984 14138727 36166427 4507452688 2517473148 138 20248192 2535501224
======================
   8      32 sdc 2086837 74470 223195746 16585032 14139273 36166430 4507731760 2517608348 122 20249192 2535642252
======================
   8      32 sdc 2086837 74470 223195746 16585032 14139273 36166430 4507731760 2517608348 122 20250196 2535764740
======================
   8      32 sdc 2086841 74470 223195778 16586732 14140446 36166446 4508331456 2517867868 134 20251200 2535896180
======================
   8      32 sdc 2086842 74470 223195786 16586764 14141059 36166446 4508645312 2518012556 129 20252204 2536040404
======================
   8      32 sdc 2086843 74470 223195794 16586820 14141666 36166446 4508956096 2518155152 148 20253208 2536183208
======================
   8      32 sdc 2086843 74470 223195794 16586820 14141844 36166446 4509047232 2518204976 113 20254212 2536306788
======================
   8      32 sdc 2086843 74470 223195794 16586820 14141844 36166446 4509047232 2518204976 113 20255216 2536420240
======================
   8      32 sdc 2086846 74470 223195818 16588708 14143241 36166472 4509761192 2518527460 143 20256220 2536558736
======================
   8      32 sdc 2086847 74470 223195826 16588748 14143803 36166472 4510048432 2518670376 145 20257224 2536702208
======================
   8      32 sdc 2086848 74470 223195834 16588800 14144365 36166472 4510336176 2518814788 155 20258228 2536846036
======================
   8      32 sdc 2086849 74470 223195842 16588872 14144925 36166472 4510622896 2518959324 124 20259232 2536986288
======================
   8      32 sdc 2086849 74470 223195842 16588872 14144949 36166472 4510635184 2518963928 100 20260236 2537087048
======================
   8      32 sdc 2086852 74470 223195866 16590516 14146103 36166497 4511221200 2519171776 139 20261240 2537205060
======================
   8      32 sdc 2086853 74470 223195874 16590556 14146674 36166497 4511513552 2519315616 144 20262244 2537349232
======================
   8      32 sdc 2086854 74470 223195882 16590624 14146985 36166497 4511672784 2519393824 106 20263244 2537474224
======================
   8      32 sdc 2086854 74470 223195882 16590624 14146985 36166497 4511672784 2519393824 106 20264248 2537580648
======================
   8      32 sdc 2086857 74470 223195906 16592280 14148375 36166497 4512384464 2519684036 155 20265252 2537717956
======================
   8      32 sdc 2086858 74470 223195914 16592320 14148945 36166518 4512675968 2519833968 133 20266260 2537866336
======================
   8      32 sdc 2086859 74470 223195922 16592372 14149505 36166518 4512962184 2519974388 148 20267260 2538009716
======================
   8      32 sdc 2086860 74470 223195930 16592440 14149950 36166518 4513190024 2520120500 153 20268264 2538155204
======================
   8      32 sdc 2086860 74470 223195930 16592440 14150506 36166518 4513474696 2520263492 141 20269268 2538299152
======================
   8      32 sdc 2086860 74470 223195930 16592440 14151050 36166518 4513753224 2520413560 141 20270272 2538445336
======================
   8      32 sdc 2086860 74470 223195930 16592440 14151689 36166536 4514076000 2520554888 142 20271276 2538584500
======================
   8      32 sdc 2086860 74470 223195930 16592440 14152306 36166536 4514391904 2520694624 133 20272280 2538728624
======================
   8      32 sdc 2086860 74470 223195930 16592440 14152924 36166536 4514707816 2520839008 156 20273284 2538873188
======================
   8      32 sdc 2086860 74470 223195930 16592440 14153497 36166536 4515001192 2520981120 146 20274288 2539016800
======================
   8      32 sdc 2086860 74470 223195930 16592440 14153997 36166536 4515257192 2521115232 139 20275292 2539159932
======================
   8      32 sdc 2086860 74470 223195930 16592440 14154616 36166551 4515573736 2521270088 135 20276304 2539295536
======================
   8      32 sdc 2086861 74470 223195938 16592500 14155162 36166564 4515851888 2521403448 146 20277308 2539438912
======================
   8      32 sdc 2086861 74470 223195938 16592500 14155727 36166564 4516140656 2521547388 157 20278312 2539582492
======================
   8      32 sdc 2086861 74470 223195938 16592500 14156315 36166564 4516441712 2521691120 145 20279316 2539726516
======================
   8      32 sdc 2086861 74470 223195938 16592500 14156906 36166564 4516744304 2521840940 130 20280320 2539871728
======================
   8      32 sdc 2086861 74470 223195938 16592500 14157354 36166583 4516973328 2521968356 146 20281324 2540018696
======================
   8      32 sdc 2086861 74470 223195938 16592500 14157931 36166583 4517268248 2522127172 146 20282328 2540162216
======================
   8      32 sdc 2086861 74470 223195938 16592500 14158507 36166583 4517563160 2522271036 146 20283332 2540305952
======================
   8      32 sdc 2086861 74470 223195938 16592500 14159103 36166583 4517868312 2522415220 158 20284336 2540449496
======================
   8      32 sdc 2086861 74470 223195938 16592500 14159655 36166583 4518150936 2522558376 150 20285340 2540593028
======================
   8      32 sdc 2086861 74470 223195938 16592500 14160246 36166600 4518453160 2522705864 135 20286344 2540736388
======================
   8      32 sdc 2086861 74470 223195938 16592500 14160833 36166603 4518750200 2522844984 157 20287344 2540879408
======================
   8      32 sdc 2086861 74470 223195938 16592500 14161408 36166603 4519044600 2522988568 158 20288348 2541023216
======================
   8      32 sdc 2086861 74470 223195938 16592500 14161967 36166603 4519330808 2523131264 143 20289352 2541167124
======================
   8      32 sdc 2086862 74470 223195946 16592720 14162494 36166603 4519600632 2523268168 131 20290356 2541302080
======================
   8      32 sdc 2086862 74470 223195946 16592720 14163103 36166619 4519912064 2523412280 131 20291364 2541446204
======================
   8      32 sdc 2086862 74470 223195946 16592720 14163722 36166619 4520228488 2523555284 153 20292368 2541589668
======================
   8      32 sdc 2086862 74470 223195946 16592720 14164345 36166630 4520544528 2523697984 146 20293372 2541732588
======================
   8      32 sdc 2086862 74470 223195946 16592720 14164931 36166630 4520844560 2523839660 136 20294372 2541875436
======================
   8      32 sdc 2086862 74470 223195946 16592720 14165488 36166630 4521129744 2523985508 155 20295392 2542021056
======================
   8      32 sdc 2086862 74470 223195946 16592720 14166065 36166650 4521424824 2524129576 150 20296392 2542162404
======================
   8      32 sdc 2086862 74470 223195946 16592720 14166631 36166650 4521714616 2524270912 128 20297396 2542305940
======================
   8      32 sdc 2086862 74470 223195946 16592720 14167196 36166650 4522003392 2524420624 141 20298400 2542453120
======================
   8      32 sdc 2086862 74470 223195946 16592720 14167795 36166650 4522310080 2524561748 150 20299408 2542596812
======================
   8      32 sdc 2086862 74470 223195946 16592720 14168383 36166650 4522611136 2524706872 138 20300412 2542740584
======================
   8      32 sdc 2086862 74470 223195946 16592720 14168962 36166666 4522907208 2524847656 155 20301416 2542872484
======================
   8      32 sdc 2086862 74470 223195946 16592720 14169545 36166668 4523201688 2524980160 149 20302416 2543015392
======================
   8      32 sdc 2086863 74470 223195954 16592808 14170097 36166668 4523484312 2525119280 139 20303420 2543156624
======================
   8      32 sdc 2086863 74470 223195954 16592808 14170687 36166668 4523786392 2525266068 157 20304424 2543300248
======================
   8      32 sdc 2086863 74470 223195954 16592808 14171259 36166668 4524079256 2525416876 130 20305428 2543446532
======================
   8      32 sdc 2086863 74470 223195954 16592808 14171853 36166684 4524383008 2525554648 145 20306432 2543588560
======================
   8      32 sdc 2086863 74470 223195954 16592808 14172419 36166684 4524672296 2525697004 156 20307436 2543732240
======================
   8      32 sdc 2086863 74470 223195954 16592808 14172978 36166695 4524956072 2525827496 129 20308440 2543863260
======================
   8      32 sdc 2086863 74470 223195954 16592808 14173532 36166695 4525239720 2525971008 151 20309444 2544007132
======================
   8      32 sdc 2086863 74470 223195954 16592808 14174111 36166695 4525536168 2526116796 148 20310448 2544150976
======================
   8      32 sdc 2086863 74470 223195954 16592808 14174730 36166714 4525852744 2526259300 144 20311452 2544286700
======================
   8      32 sdc 2086863 74470 223195954 16592808 14175349 36166714 4526169168 2526396144 134 20312456 2544430192
======================
   8      32 sdc 2086863 74470 223195954 16592808 14175963 36166714 4526483536 2526538936 128 20313460 2544573544
======================
   8      32 sdc 2086863 74470 223195954 16592808 14176517 36166714 4526767184 2526681284 150 20314464 2544717508
======================
   8      32 sdc 2086863 74470 223195954 16592808 14177075 36166714 4527052880 2526825764 136 20315468 2544861236
======================
   8      32 sdc 2086863 74470 223195954 16592808 14177643 36166729 4527343312 2526969924 130 20316472 2545001292
======================
   8      32 sdc 2086864 74470 223195962 16592956 14178207 36166740 4527627640 2527103696 142 20317476 2545139684
======================
   8      32 sdc 2086864 74470 223195962 16592956 14178772 36166740 4527916920 2527247456 153 20318480 2545283236
======================
   8      32 sdc 2086864 74470 223195962 16592956 14179358 36166740 4528216952 2527391936 143 20319484 2545426984
======================
   8      32 sdc 2086864 74470 223195962 16592956 14179954 36166740 4528522104 2527535508 155 20320488 2545570504
======================
   8      32 sdc 2086864 74470 223195962 16592956 14180499 36166755 4528800760 2527683884 140 20321492 2545715116
======================
   8      32 sdc 2086864 74470 223195962 16592956 14181095 36166755 4529105408 2527823280 153 20322496 2545858572
======================
   8      32 sdc 2086864 74470 223195962 16592956 14181620 36166755 4529374720 2527985308 140 20323500 2546003544
======================
   8      32 sdc 2086864 74470 223195962 16592956 14182270 36166755 4529707008 2528112604 130 20324504 2546147388
======================
   8      32 sdc 2086864 74470 223195962 16592956 14182860 36166756 4530006576 2528255328 148 20325508 2546291124
======================
   8      32 sdc 2086864 74470 223195962 16592956 14183426 36166776 4530296024 2528398872 128 20326512 2546428212
======================
   8      32 sdc 2086864 74470 223195962 16592956 14183996 36166776 4530587864 2528536276 134 20327516 2546571788
======================
   8      32 sdc 2086864 74470 223195962 16592956 14184573 36166776 4530882784 2528679788 134 20328520 2546715112
======================
   8      32 sdc 2086864 74470 223195962 16592956 14185124 36166776 4531164896 2528825424 159 20329524 2546857348
======================
   8      32 sdc 2086865 74470 223195970 16593092 14185660 36166776 4531439328 2528959900 143 20330528 2546996296
======================
   8      32 sdc 2086865 74470 223195970 16593092 14186279 36166792 4531755880 2529104972 150 20331532 2547138932
======================
   8      32 sdc 2086865 74470 223195970 16593092 14186906 36166803 4532071952 2529247996 131 20332536 2547282296
======================
   8      32 sdc 2086865 74470 223195970 16593092 14187524 36166803 4532388368 2529391332 153 20333540 2547425712
======================
   8      32 sdc 2086865 74470 223195970 16593092 14188017 36166803 4532640784 2529520904 140 20334544 2547569864
======================
   8      32 sdc 2086865 74470 223195970 16593092 14188530 36166803 4532903440 2529677892 139 20335548 2547713452
======================
   8      32 sdc 2086865 74470 223195970 16593092 14189107 36166818 4533198480 2529830836 158 20336552 2547859908
======================
   8      32 sdc 2086865 74470 223195970 16593092 14189674 36166818 4533488280 2529967860 136 20337556 2548003736
======================
   8      32 sdc 2086865 74470 223195970 16593092 14189952 36166818 4533630616 2530042428 146 20338560 2548148200
======================
   8      32 sdc 2086865 74470 223195970 16593092 14190836 36166818 4534083224 2530257056 158 20339564 2548291364
======================
   8      32 sdc 2086865 74470 223195970 16593092 14191427 36166818 4534385816 2530399500 143 20340568 2548435188
======================
   8      32 sdc 2086865 74470 223195970 16593092 14192003 36166841 4534679248 2530545140 90 20341608 2548581468
======================
   8      32 sdc 2086865 74470 223195970 16593092 14192584 36166841 4534976368 2530681276 158 20342624 2548717108
======================
   8      32 sdc 2086865 74470 223195970 16593092 14193146 36166841 4535263608 2530821112 117 20343628 2548859492
======================
   8      32 sdc 2086866 74470 223195978 16593160 14193727 36166841 4535561080 2530972044 131 20344632 2549003944
======================
   8      32 sdc 2086866 74470 223195978 16593160 14194332 36166841 4535870840 2531112500 134 20345636 2549147304
======================
   8      32 sdc 2086866 74470 223195978 16593160 14194904 36166856 4536163320 2531250084 158 20346640 2549282624
======================
   8      32 sdc 2086866 74470 223195978 16593160 14195474 36166861 4536452176 2531390232 133 20347644 2549426348
======================
   8      32 sdc 2086866 74470 223195978 16593160 14195915 36166861 4536677968 2531537544 140 20348648 2549573704
======================
   8      32 sdc 2086866 74470 223195978 16593160 14196470 36166861 4536962128 2531681088 129 20349652 2549717156
======================
   8      32 sdc 2086866 74470 223195978 16593160 14197033 36166861 4537250384 2531825984 142 20350656 2549861060
======================
   8      32 sdc 2086866 74470 223195978 16593160 14197651 36166881 4537566800 2531973252 83 20351660 2550002752
======================
   8      32 sdc 2086866 74470 223195978 16593160 14198270 36166881 4537882880 2532106844 145 20352664 2550141064
======================
   8      32 sdc 2086866 74470 223195978 16593160 14198895 36166891 4538199432 2532249704 136 20353668 2550284032
======================
   8      32 sdc 2086866 74470 223195978 16593160 14199462 36166891 4538489736 2532391292 145 20354672 2550427760
======================
   8      32 sdc 2086866 74470 223195978 16593160 14200016 36166891 4538773384 2532535184 135 20355676 2550571440
======================
   8      32 sdc 2086866 74470 223195978 16593160 14200581 36166906 4539062280 2532682616 131 20356680 2550713484
======================
   8      32 sdc 2086866 74470 223195978 16593160 14200895 36166906 4539223048 2532753772 81 20357684 2550824452
======================
   8      32 sdc 2086866 74470 223195978 16593160 14200895 36166906 4539223048 2532753772 81 20358688 2550905776
======================
   8      32 sdc 2086867 74470 223195986 16594924 14202274 36166906 4539928592 2532999712 140 20359692 2551036580
======================
   8      32 sdc 2086867 74470 223195986 16594924 14202871 36166906 4540234256 2533143588 151 20360696 2551180292
======================
   8      32 sdc 2086867 74470 223195986 16594924 14203429 36166922 4540519576 2533280052 147 20361700 2551323752
======================
   8      32 sdc 2086867 74470 223195986 16594924 14203894 36166927 4540756688 2533431400 131 20362704 2551468624
======================
   8      32 sdc 2086867 74470 223195986 16594924 14204470 36166927 4541051600 2533575108 131 20363708 2551612188
======================
   8      32 sdc 2086867 74470 223195986 16594924 14205059 36166927 4541353168 2533719208 150 20364712 2551756036
======================
   8      32 sdc 2086867 74470 223195986 16594924 14205656 36166927 4541658832 2533863124 129 20365716 2551899552
======================
   8      32 sdc 2086867 74470 223195986 16594924 14206224 36166947 4541949648 2534005512 100 20366724 2552041948
======================
   8      32 sdc 2086867 74470 223195986 16594924 14206791 36166948 4542238616 2534149196 129 20367728 2552183664
======================
   8      32 sdc 2086867 74470 223195986 16594924 14207370 36166948 4542534048 2534289612 158 20368732 2552327116
======================
   8      32 sdc 2086867 74470 223195986 16594924 14207936 36166948 4542823840 2534432408 137 20369732 2552470484
======================
   8      32 sdc 2086867 74470 223195986 16594924 14208490 36166948 4543107488 2534576328 143 20370736 2552614068
======================
   8      32 sdc 2086868 74470 223195994 16595052 14209056 36166965 4543396408 2534721624 158 20371740 2552751736
======================
   8      32 sdc 2086868 74470 223195994 16595052 14209674 36166965 4543712824 2534858992 148 20372744 2552895176
======================
   8      32 sdc 2086868 74470 223195994 16595052 14210299 36166975 4544029376 2535001976 151 20373748 2553037032
======================
   8      32 sdc 2086868 74470 223195994 16595052 14210905 36166975 4544339648 2535142024 153 20374752 2553180964
======================
   8      32 sdc 2086868 74470 223195994 16595052 14211323 36166975 4544553664 2535289704 151 20375756 2553328320
======================
   8      32 sdc 2086868 74470 223195994 16595052 14211873 36166992 4544834896 2535436956 140 20376760 2553470360
======================
   8      32 sdc 2086868 74470 223195994 16595052 14212472 36166992 4545141080 2535576064 150 20377764 2553614264
======================
   8      32 sdc 2086868 74470 223195994 16595052 14213037 36166992 4545430360 2535719992 129 20378768 2553757804
======================
   8      32 sdc 2086868 74470 223195994 16595052 14213618 36166992 4545727832 2535864292 156 20379772 2553901456
======================
   8      32 sdc 2086868 74470 223195994 16595052 14214215 36166992 4546033496 2536007036 135 20380776 2554043692
======================
   8      32 sdc 2086868 74470 223195994 16595052 14214796 36167011 4546330968 2536147536 88 20381780 2554184664
======================
   8      32 sdc 2086868 74470 223195994 16595052 14215377 36167015 4546626104 2536283924 142 20382784 2554321464
======================
   8      32 sdc 2086868 74470 223195994 16595052 14215953 36167015 4546921016 2536427424 142 20383788 2554464960
======================
   8      32 sdc 2086868 74470 223195994 16595052 14216215 36167015 4547055160 2536492652 130 20384792 2554600996
======================
   8      32 sdc 2086868 74470 223195994 16595052 14216215 36167015 4547055160 2536492652 130 20385796 2554731516
======================
   8      32 sdc 2086869 74470 223196002 16596692 14217686 36167035 4547804944 2536835944 131 20386800 2554872656
======================
   8      32 sdc 2086869 74470 223196002 16596692 14218251 36167035 4548094224 2536976856 142 20387804 2555016676
======================
   8      32 sdc 2086869 74470 223196002 16596692 14218818 36167035 4548384024 2537120280 152 20388808 2555160756
======================
   8      32 sdc 2086869 74470 223196002 16596692 14219257 36167035 4548608792 2537266576 129 20389812 2555306368
======================
   8      32 sdc 2086869 74470 223196002 16596692 14219811 36167035 4548892440 2537409964 151 20390816 2555450172
======================
   8      32 sdc 2086869 74470 223196002 16596692 14220410 36167054 4549196760 2537554652 156 20391820 2555590572
======================
   8      32 sdc 2086869 74470 223196002 16596692 14221029 36167054 4549513184 2537698220 146 20392824 2555733856
======================
   8      32 sdc 2086869 74470 223196002 16596692 14221647 36167054 4549829600 2537840236 136 20393828 2555878612
======================
   8      32 sdc 2086869 74470 223196002 16596692 14222246 36167054 4550136288 2537981948 145 20394832 2556022960
======================
   8      32 sdc 2086869 74470 223196002 16596692 14222800 36167054 4550419936 2538126360 135 20395836 2556166588
======================
   8      32 sdc 2086869 74470 223196002 16596692 14223365 36167075 4550708376 2538278576 137 20396840 2556305492
======================
   8      32 sdc 2086869 74470 223196002 16596692 14223948 36167088 4551002944 2538409748 69 20397840 2556443796
======================
   8      32 sdc 2086870 74470 223196010 16596956 14224491 36167088 4551280960 2538528976 136 20398844 2556568636
======================
   8      32 sdc 2086870 74470 223196010 16596956 14225055 36167088 4551570240 2538672348 148 20399848 2556712348
======================
   8      32 sdc 2086870 74470 223196010 16596956 14225649 36167088 4551873856 2538817412 130 20400852 2556856084
======================
   8      32 sdc 2086870 74470 223196010 16596956 14226218 36167104 4552165184 2538963036 119 20401856 2556998436
======================
   8      32 sdc 2086870 74470 223196010 16596956 14226673 36167104 4552397264 2539104156 139 20402860 2557140124
======================
   8      32 sdc 2086870 74470 223196010 16596956 14227262 36167104 4552698832 2539244796 158 20403864 2557283828
======================
   8      32 sdc 2086870 74470 223196010 16596956 14227842 36167104 4552995792 2539387680 154 20404872 2557428100
======================
   8      32 sdc 2086870 74470 223196010 16596956 14228439 36167104 4553301456 2539532748 133 20405876 2557571728
======================
   8      32 sdc 2086870 74470 223196010 16596956 14229023 36167124 4553600464 2539675312 148 20406880 2557715012
======================
   8      32 sdc 2086870 74470 223196010 16596956 14229547 36167127 4553866920 2539807872 140 20407884 2557853060
======================
   8      32 sdc 2086870 74470 223196010 16596956 14230163 36167127 4554182312 2539957052 132 20408888 2557996012
======================
   8      32 sdc 2086870 74470 223196010 16596956 14230739 36167127 4554477224 2540100504 132 20409892 2558139568
======================
   8      32 sdc 2086870 74470 223196010 16596956 14231294 36167127 4554761384 2540243444 153 20410896 2558283576
======================
   8      32 sdc 2086871 74470 223196018 16597092 14231828 36167149 4555034464 2540385036 146 20411900 2558424876
======================
   8      32 sdc 2086871 74470 223196018 16597092 14232449 36167154 4555350944 2540530380 134 20412904 2558568644
======================
   8      32 sdc 2086871 74470 223196018 16597092 14233067 36167154 4555667360 2540682060 156 20413908 2558714192
======================
   8      32 sdc 2086871 74470 223196018 16597092 14233685 36167154 4555983776 2540819816 146 20414912 2558858156
======================
   8      32 sdc 2086871 74470 223196018 16597092 14234201 36167159 4556247968 2540946664 142 20415916 2559001792
======================
   8      32 sdc 2086871 74470 223196018 16597092 14234776 36167176 4556539016 2541123524 133 20417044 2559161368
======================
   8      32 sdc 2086871 74470 223196018 16597092 14235352 36167176 4556833424 2541265600 134 20418048 2559305252
======================
   8      32 sdc 2086871 74470 223196018 16597092 14235917 36167176 4557122704 2541408900 145 20419052 2559448924
======================
   8      32 sdc 2086871 74470 223196018 16597092 14236488 36167176 4557415056 2541553996 150 20420056 2559592800
======================
   8      32 sdc 2086871 74470 223196018 16597092 14237084 36167176 4557720208 2541698044 130 20421060 2559736776
======================
   8      32 sdc 2086871 74470 223196018 16597092 14237673 36167191 4558021776 2541840960 74 20422064 2559876252
======================
   8      32 sdc 2086871 74470 223196018 16597092 14238254 36167194 4558316368 2541976824 155 20423068 2560015912
======================
   8      32 sdc 2086871 74470 223196018 16597092 14238831 36167194 4558611792 2542120888 154 20424076 2560160416
======================
   8      32 sdc 2086872 74470 223196026 16597196 14239383 36167194 4558894416 2542263872 153 20425080 2560305108
======================
   8      32 sdc 2086872 74470 223196026 16597196 14239974 36167194 4559197008 2542409772 138 20426084 2560449096
======================
   8      32 sdc 2086872 74470 223196026 16597196 14240572 36167217 4559502864 2542553796 134 20427088 2560591608
======================
   8      32 sdc 2086872 74470 223196026 16597196 14241141 36167219 4559792696 2542694296 142 20428092 2560733788
======================
   8      32 sdc 2086872 74470 223196026 16597196 14241703 36167219 4560080440 2542837428 156 20429096 2560876948
======================
   8      32 sdc 2086872 74470 223196026 16597196 14242137 36167219 4560302648 2542982784 138 20430100 2561023104
======================
   8      32 sdc 2086872 74470 223196026 16597196 14242691 36167219 4560586296 2543126392 128 20431104 2561166436
======================
   8      32 sdc 2086872 74470 223196026 16597196 14243298 36167239 4560893600 2543271664 82 20432108 2561306732
======================
   8      32 sdc 2086872 74470 223196026 16597196 14243917 36167239 4561209640 2543407368 154 20433112 2561445792
======================
   8      32 sdc 2086872 74470 223196026 16597196 14244535 36167239 4561526056 2543553360 144 20434116 2561589744
======================
   8      32 sdc 2086872 74470 223196026 16597196 14245129 36167239 4561830184 2543691468 158 20435120 2561731512
======================
   8      32 sdc 2086872 74470 223196026 16597196 14245683 36167239 4562113832 2543834856 148 20436124 2561875404
======================
   8      32 sdc 2086872 74470 223196026 16597196 14246248 36167258 4562402728 2543979340 145 20437128 2562016988
======================
   8      32 sdc 2086872 74470 223196026 16597196 14246815 36167258 4562691552 2544120200 155 20438132 2562160500
======================
   8      32 sdc 2086873 74470 223196034 16597368 14247356 36167258 4562968544 2544256624 136 20439136 2562297120
======================
   8      32 sdc 2086873 74470 223196034 16597368 14247929 36167258 4563261920 2544399292 139 20440140 2562438808
======================
   8      32 sdc 2086873 74470 223196034 16597368 14248526 36167258 4563567584 2544542856 150 20441144 2562582380
======================
   8      32 sdc 2086873 74470 223196034 16597368 14249110 36167279 4563866256 2544685764 143 20442148 2562725580
======================
   8      32 sdc 2086873 74470 223196034 16597368 14249595 36167281 4564112576 2544805600 139 20443152 2562868644
======================
   8      32 sdc 2086873 74470 223196034 16597368 14250131 36167281 4564387008 2544971756 147 20444156 2563011892
======================
   8      32 sdc 2086873 74470 223196034 16597368 14250722 36167281 4564689600 2545117672 132 20445160 2563155844
======================
   8      32 sdc 2086873 74470 223196034 16597368 14251318 36167281 4564994752 2545260284 144 20446164 2563299720
======================
   8      32 sdc 2086873 74470 223196034 16597368 14251892 36167298 4565283624 2545403136 53 20447168 2563436276
======================
   8      32 sdc 2086873 74470 223196034 16597368 14252464 36167298 4565575592 2545532872 136 20448172 2563572788
======================
   8      32 sdc 2086873 74470 223196034 16597368 14253040 36167298 4565870504 2545676396 136 20449176 2563716340
======================
   8      32 sdc 2086873 74470 223196034 16597368 14253597 36167298 4566155688 2545819220 155 20450180 2563859684
======================
   8      32 sdc 2086873 74470 223196034 16597368 14254151 36167298 4566439336 2545953928 150 20451184 2563994628
======================
   8      32 sdc 2086873 74470 223196034 16597368 14254735 36167311 4566737944 2546092020 109 20452188 2564136060
======================
   8      32 sdc 2086873 74470 223196034 16597368 14254735 36167311 4566737944 2546092020 109 20453192 2564245496
======================
   8      32 sdc 2086874 74470 223196042 16598972 14255978 36167315 4567372880 2546332104 136 20454196 2564372208
======================
   8      32 sdc 2086874 74470 223196042 16598972 14256557 36167315 4567669328 2546474072 133 20455200 2564516668
======================
   8      32 sdc 2086874 74470 223196042 16598972 14257111 36167315 4567952976 2546617492 155 20456204 2564659628
======================
   8      32 sdc 2086874 74470 223196042 16598972 14257552 36167335 4568178424 2546760276 133 20457208 2564800324
======================
   8      32 sdc 2086874 74470 223196042 16598972 14258123 36167338 4568469288 2546902388 139 20458212 2564944228
======================
   8      32 sdc 2086874 74470 223196042 16598972 14258687 36167338 4568758056 2547045824 151 20459216 2565087828
======================
   8      32 sdc 2086874 74470 223196042 16598972 14259282 36167338 4569062696 2547190760 132 20460220 2565231472
======================
   8      32 sdc 2086874 74470 223196042 16598972 14259876 36167340 4569366824 2547336068 146 20461224 2565375388
======================
   8      32 sdc 2086874 74470 223196042 16598972 14260460 36167355 4569661312 2547477680 96 20462228 2565517128
======================
   8      32 sdc 2086874 74470 223196042 16598972 14261037 36167355 4569955848 2547615160 157 20463232 2565656408
======================
   8      32 sdc 2086874 74470 223196042 16598972 14261613 36167355 4570250760 2547758464 157 20464240 2565800304
======================
   8      32 sdc 2086874 74470 223196042 16598972 14262200 36167355 4570551304 2547902580 146 20465244 2565944124
======================
   8      32 sdc 2086874 74470 223196042 16598972 14262411 36167355 4570659336 2547953556 99 20466248 2566057484
======================
   8      32 sdc 2086875 74470 223196050 16600648 14262612 36167373 4570761384 2548130680 131 20467252 2566158152
======================
   8      32 sdc 2086875 74470 223196050 16600648 14263900 36167380 4571416864 2548261468 151 20468256 2566301500
======================
   8      32 sdc 2086875 74470 223196050 16600648 14264484 36167380 4571715872 2548401416 143 20469260 2566445352
======================
   8      32 sdc 2086875 74470 223196050 16600648 14265044 36167380 4572002592 2548542916 155 20470264 2566588980
======================
   8      32 sdc 2086875 74470 223196050 16600648 14265616 36167380 4572295456 2548689808 131 20471268 2566732628
======================
   8      32 sdc 2086875 74470 223196050 16600648 14266233 36167400 4572611360 2548834460 127 20472272 2566879108
======================
   8      32 sdc 2086875 74470 223196050 16600648 14266853 36167400 4572927952 2548979568 141 20473276 2567022584
======================
   8      32 sdc 2086875 74470 223196050 16600648 14267471 36167400 4573244368 2549124080 131 20474280 2567166796
======================
   8      32 sdc 2086875 74470 223196050 16600648 14268029 36167400 4573530064 2549265796 149 20475284 2567310464
======================
   8      32 sdc 2086875 74470 223196050 16600648 14268590 36167405 4573814312 2549411556 132 20476288 2567455632
======================
   8      32 sdc 2086875 74470 223196050 16600648 14269165 36167420 4574108712 2549554612 131 20477292 2567598556
======================
   8      32 sdc 2086875 74470 223196050 16600648 14269738 36167420 4574401200 2549691480 143 20478296 2567736028
======================
   8      32 sdc 2086876 74470 223196058 16600728 14270279 36167420 4574678192 2549834768 140 20479300 2567879496
======================
   8      32 sdc 2086876 74470 223196058 16600728 14270863 36167420 4574977200 2549980008 132 20480304 2568023152
======================
   8      32 sdc 2086876 74470 223196058 16600728 14271459 36167420 4575282352 2550123636 144 20481308 2568166828
======================
   8      32 sdc 2086876 74470 223196058 16600728 14272041 36167444 4575579344 2550267820 139 20482312 2568311516
======================
   8      32 sdc 2086876 74470 223196058 16600728 14272617 36167444 4575873928 2550410584 155 20483312 2568453932
======================
   8      32 sdc 2086876 74470 223196058 16600728 14273179 36167444 4576161168 2550553172 138 20484316 2568597908
======================
   8      32 sdc 2086876 74470 223196058 16600728 14273776 36167444 4576466832 2550697760 149 20485320 2568741648
======================
   8      32 sdc 2086876 74470 223196058 16600728 14274364 36167444 4576767888 2550840952 137 20486324 2568885456
======================
   8      32 sdc 2086876 74470 223196058 16600728 14274929 36167459 4577057168 2550985652 133 20487328 2569027712
======================
   8      32 sdc 2086876 74470 223196058 16600728 14275508 36167473 4577348304 2551119488 151 20488332 2569162840
======================
   8      32 sdc 2086876 74470 223196058 16600728 14276084 36167473 4577643216 2551262940 151 20489336 2569306584
======================
   8      32 sdc 2086876 74470 223196058 16600728 14276643 36167473 4577929424 2551405992 136 20490340 2569450416
======================
   8      32 sdc 2086876 74470 223196058 16600728 14277197 36167473 4578213072 2551549820 158 20491344 2569593932
======================
   8      32 sdc 2086876 74470 223196058 16600728 14277810 36167473 4578526928 2551694960 111 20492348 2569736400
======================
   8      32 sdc 2086876 74470 223196058 16600728 14277820 36167473 4578532048 2551697212 101 20493352 2569837896
======================
   8      32 sdc 2086877 74470 223196066 16602376 14279011 36167488 4579140952 2551912448 158 20494356 2569955852
======================
   8      32 sdc 2086877 74470 223196066 16602376 14279596 36167488 4579440472 2552053284 149 20495360 2570099340
======================
   8      32 sdc 2086877 74470 223196066 16602376 14280150 36167488 4579724120 2552196736 139 20496364 2570242876
======================
   8      32 sdc 2086877 74470 223196066 16602376 14280711 36167490 4580009856 2552341100 154 20497368 2570386440
======================
   8      32 sdc 2086877 74470 223196066 16602376 14281277 36167490 4580299648 2552484448 132 20498372 2570530072
======================
   8      32 sdc 2086877 74470 223196066 16602376 14281843 36167513 4580588616 2552627092 146 20499376 2570669888
======================
   8      32 sdc 2086877 74470 223196066 16602376 14282443 36167513 4580895816 2552769496 154 20500380 2570813896
======================
   8      32 sdc 2086877 74470 223196066 16602376 14283033 36167513 4581197896 2552912124 140 20501384 2570957572
======================
   8      32 sdc 2086877 74470 223196066 16602376 14283609 36167513 4581492808 2553055800 140 20502388 2571101224
======================
   8      32 sdc 2086877 74470 223196066 16602376 14284192 36167519 4581787320 2553199144 133 20503392 2571244640
======================
   8      32 sdc 2086877 74470 223196066 16602376 14284770 36167534 4582082368 2553336804 138 20504396 2571381532
======================
   8      32 sdc 2086877 74470 223196066 16602376 14285356 36167534 4582382400 2553484528 128 20505404 2571526828
======================
   8      32 sdc 2086878 74470 223196074 16602456 14285932 36167534 4582677312 2553623804 154 20506408 2571668936
======================
   8      32 sdc 2086878 74470 223196074 16602456 14286501 36167534 4582968640 2553766544 129 20507412 2571812404
======================
   8      32 sdc 2086878 74470 223196074 16602456 14287067 36167534 4583258432 2553910344 139 20508416 2571956332
======================
   8      32 sdc 2086878 74470 223196074 16602456 14287643 36167552 4583552952 2554052956 156 20509420 2572098596
======================
   8      32 sdc 2086878 74470 223196074 16602456 14288197 36167552 4583835624 2554195540 146 20510424 2572242544
======================
   8      32 sdc 2086878 74470 223196074 16602456 14288779 36167552 4584133104 2554341496 141 20511428 2572386980
======================
   8      32 sdc 2086878 74470 223196074 16602456 14289397 36167552 4584449520 2554486856 131 20512432 2572531304
======================
   8      32 sdc 2086878 74470 223196074 16602456 14289993 36167552 4584754672 2554628076 143 20513436 2572675572
======================
   8      32 sdc 2086878 74470 223196074 16602456 14290559 36167573 4585044128 2554765340 158 20514440 2572809528
======================
   8      32 sdc 2086878 74470 223196074 16602456 14291144 36167573 4585343144 2554907320 150 20515444 2572953000
======================
   8      32 sdc 2086878 74470 223196074 16602456 14291722 36167582 4585634112 2555052304 145 20516448 2573098148
======================
   8      32 sdc 2086878 74470 223196074 16602456 14292296 36167582 4585928000 2555196612 147 20517452 2573241848
======================
   8      32 sdc 2086878 74470 223196074 16602456 14292884 36167582 4586229056 2555339816 135 20518456 2573385056
======================
   8      32 sdc 2086879 74470 223196082 16602604 14293435 36167599 4586510296 2555479156 151 20519460 2573525160
======================
   8      32 sdc 2086879 74470 223196082 16602604 14294003 36167599 4586801112 2555622808 128 20520464 2573668476
======================
   8      32 sdc 2086879 74470 223196082 16602604 14294592 36167599 4587102680 2555767060 146 20521468 2573812212
======================
   8      32 sdc 2086879 74470 223196082 16602604 14295191 36167599 4587409368 2555910588 155 20522472 2573955416
======================
   8      32 sdc 2086879 74470 223196082 16602604 14295738 36167599 4587689432 2556052300 152 20523476 2574099060
======================
   8      32 sdc 2086879 74470 223196082 16602604 14296328 36167622 4587990688 2556196744 159 20524488 2574241320
======================
   8      32 sdc 2086879 74470 223196082 16602604 14296937 36167632 4588297536 2556332288 146 20525492 2574377144
======================
   8      32 sdc 2086879 74470 223196082 16602604 14297535 36167632 4588603712 2556475924 156 20526496 2574520788
======================
   8      32 sdc 2086879 74470 223196082 16602604 14298097 36167632 4588891456 2556618036 138 20527500 2574664708
======================
   8      32 sdc 2086879 74470 223196082 16602604 14298643 36167632 4589171008 2556761732 136 20528504 2574808376
======================
   8      32 sdc 2086879 74470 223196082 16602604 14299234 36167648 4589473224 2556899148 128 20529508 2574944064
======================
   8      32 sdc 2086879 74470 223196082 16602604 14299830 36167648 4589777872 2557041656 142 20530512 2575087576
======================
   8      32 sdc 2086879 74470 223196082 16602604 14300397 36167648 4590068176 2557185036 150 20531516 2575231292
======================
   8      32 sdc 2086880 74470 223196090 16602712 14300943 36167648 4590347728 2557326144 151 20532520 2575374112
======================
   8      32 sdc 2086880 74470 223196090 16602712 14301531 36167648 4590648784 2557472160 139 20533520 2575517136
======================
   8      32 sdc 2086880 74470 223196090 16602712 14302111 36167667 4590944384 2557611920 153 20534524 2575658340
======================
   8      32 sdc 2086880 74470 223196090 16602712 14302680 36167667 4591235208 2557754432 129 20535528 2575799960
======================
   8      32 sdc 2086880 74470 223196090 16602712 14303247 36167667 4591525512 2557897812 138 20536532 2575943832
======================
   8      32 sdc 2086880 74470 223196090 16602712 14303815 36167667 4591816328 2558042200 146 20537536 2576087500
======================
   8      32 sdc 2086880 74470 223196090 16602712 14304404 36167667 4592117896 2558186036 133 20538540 2576231104
======================
   8      32 sdc 2086880 74470 223196090 16602712 14304972 36167685 4592407848 2558323452 146 20539544 2576368388
======================
   8      32 sdc 2086880 74470 223196090 16602712 14305550 36167695 4592700336 2558465564 144 20540552 2576511640
======================
   8      32 sdc 2086880 74470 223196090 16602712 14306148 36167695 4593006512 2558609792 154 20541552 2576654716
======================
   8      32 sdc 2086880 74470 223196090 16602712 14306719 36167695 4593298864 2558751612 143 20542556 2576798452
======================
   8      32 sdc 2086880 74470 223196090 16602712 14307265 36167695 4593578416 2558895764 157 20543560 2576942240
======================
   8      32 sdc 2086880 74470 223196090 16602712 14307848 36167713 4593876552 2559040516 135 20544564 2577085408
======================
   8      32 sdc 2086880 74470 223196090 16602712 14308447 36167713 4594183240 2559181912 145 20545572 2577228272
======================
   8      32 sdc 2086881 74470 223196098 16602876 14309022 36167713 4594477136 2559318760 158 20546576 2577364672
======================
   8      32 sdc 2086881 74470 223196098 16602876 14309604 36167713 4594775120 2559461300 152 20547580 2577508420
======================
   8      32 sdc 2086881 74470 223196098 16602876 14310150 36167713 4595054672 2559604596 150 20548584 2577652108
======================
   8      32 sdc 2086881 74470 223196098 16602876 14310723 36167733 4595346192 2559748308 151 20549588 2577794572
======================
   8      32 sdc 2086881 74470 223196098 16602876 14311305 36167733 4595643672 2559892884 146 20550592 2577938576
======================
   8      32 sdc 2086881 74470 223196098 16602876 14311872 36167733 4595933976 2560034152 155 20551596 2578082044
======================
   8      32 sdc 2086881 74470 223196098 16602876 14312457 36167733 4596233496 2560179540 146 20552600 2578225812
======================
   8      32 sdc 2086881 74470 223196098 16602876 14313046 36167733 4596535064 2560323440 133 20553604 2578369408
======================
   8      32 sdc 2086881 74470 223196098 16602876 14313613 36167753 4596825024 2560459476 133 20554608 2578505956
======================
   8      32 sdc 2086881 74470 223196098 16602876 14314185 36167756 4597115896 2560602736 138 20555612 2578649548
======================
   8      32 sdc 2086881 74470 223196098 16602876 14314753 36167756 4597406712 2560752228 146 20556616 2578798168
======================
   8      32 sdc 2086881 74470 223196098 16602876 14315329 36167756 4597702136 2560895544 146 20557620 2578941832
======================
   8      32 sdc 2086881 74470 223196098 16602876 14315924 36167761 4598003280 2561039572 156 20558624 2579085388
======================
   8      32 sdc 2086882 74470 223196106 16603024 14316476 36167778 4598285032 2561176676 148 20559628 2579223792
======================
   8      32 sdc 2086882 74470 223196106 16603024 14317044 36167778 4598575848 2561320908 156 20560632 2579367084
======================
   8      32 sdc 2086882 74470 223196106 16603024 14317643 36167778 4598882536 2561465276 133 20561636 2579510384
======================
   8      32 sdc 2086882 74470 223196106 16603024 14318219 36167778 4599177448 2561606160 133 20562640 2579653812
======================
   8      32 sdc 2086882 74470 223196106 16603024 14318766 36167778 4599457512 2561748876 130 20563644 2579796228
======================
   8      32 sdc 2086882 74470 223196106 16603024 14319345 36167796 4599752088 2561892988 150 20564648 2579938292
======================
   8      32 sdc 2086882 74470 223196106 16603024 14319946 36167796 4600058792 2562035728 157 20565652 2580081740
======================
   8      32 sdc 2086882 74470 223196106 16603024 14320540 36167796 4600362920 2562178088 139 20566656 2580225236
======================
   8      32 sdc 2086882 74470 223196106 16603024 14321086 36167796 4600642472 2562320940 137 20567656 2580368324
======================
   8      32 sdc 2086882 74470 223196106 16603024 14321645 36167796 4600928680 2562464212 154 20568660 2580508596
======================
   8      32 sdc 2086882 74470 223196106 16603024 14322244 36167818 4601235040 2562602288 157 20569664 2580643208
======================
   8      32 sdc 2086882 74470 223196106 16603024 14322828 36167821 4601532560 2562740264 150 20570668 2580786996
======================
   8      32 sdc 2086882 74470 223196106 16603024 14323404 36167821 4601827472 2562884392 150 20571672 2580930628
======================
   8      32 sdc 2086882 74470 223196106 16603024 14323993 36167821 4602129040 2563028076 116 20572676 2581073444
======================
   8      32 sdc 2086883 74470 223196114 16603128 14324552 36167826 4602411760 2563168760 132 20573680 2581214196
======================
   8      32 sdc 2086883 74470 223196114 16603128 14325120 36167842 4602702200 2563309160 157 20574684 2581356320
======================
   8      32 sdc 2086883 74470 223196114 16603128 14325689 36167842 4602993024 2563453520 133 20575688 2581500384
======================
   8      32 sdc 2086883 74470 223196114 16603128 14326257 36167842 4603283840 2563597448 141 20576692 2581644272
======================
   8      32 sdc 2086883 74470 223196114 16603128 14326831 36167842 4603577728 2563740820 143 20577696 2581787856
======================
   8      32 sdc 2086883 74470 223196114 16603128 14327397 36167842 4603867520 2563884452 153 20578700 2581931416
======================
   8      32 sdc 2086883 74470 223196114 16603128 14327978 36167861 4604162624 2564028300 156 20579704 2582069588
======================
   8      32 sdc 2086883 74470 223196114 16603128 14328564 36167861 4604462656 2564164076 146 20580708 2582213528
======================
   8      32 sdc 2086883 74470 223196114 16603128 14329145 36167861 4604760128 2564303216 256 20581712 2582446748
======================
   8      32 sdc 2086883 74470 223196114 16603128 14329691 36167861 4605039680 2564458036 254 20582716 2582696784
======================
   8      32 sdc 2086883 74470 223196114 16603128 14330275 36167861 4605339200 2564624304 246 20583720 2582938572
======================
   8      32 sdc 2086883 74470 223196114 16603128 14330874 36167877 4605645376 2564789776 97 20584724 2583155896
======================
   8      32 sdc 2086883 74470 223196114 16603128 14331458 36167877 4605944008 2564942164 220 20585728 2583381044
======================
   8      32 sdc 2086884 74470 223196122 16603416 14332015 36167877 4606229192 2565128712 212 20586732 2583580244
======================
   8      32 sdc 2086884 74470 223196122 16603416 14332561 36167877 4606508744 2565328852 210 20587736 2583787800
======================
   8      32 sdc 2086884 74470 223196122 16603416 14333145 36167877 4606807752 2565540472 202 20588740 2583986496
======================
   8      32 sdc 2086884 74470 223196122 16603416 14333743 36167877 4607113928 2565758356 180 20589744 2584176312
======================
   8      32 sdc 2086884 74470 223196122 16603416 14334301 36167877 4607399624 2565985616 166 20590748 2584357168
======================
   8      32 sdc 2086884 74470 223196122 16603416 14334889 36167877 4607700680 2566207512 154 20591752 2584536256
======================
   8      32 sdc 2086884 74470 223196122 16603416 14335471 36167877 4607998664 2566442016 148 20592756 2584702304
======================
   8      32 sdc 2086884 74470 223196122 16603416 14336038 36167877 4608288968 2566696016 157 20593760 2584859460
======================
   8      32 sdc 2086884 74470 223196122 16603416 14336606 36167877 4608579784 2566959900 133 20594764 2585007548
======================
   8      32 sdc 2086884 74470 223196122 16603416 14337177 36167895 4608870768 2567085792 135 20595768 2585133040
======================
   8      32 sdc 2086884 74470 223196122 16603416 14337759 36167895 4609168752 2567229428 129 20596772 2585275292
======================
   8      32 sdc 2086884 74470 223196122 16603416 14338348 36167895 4609470320 2567372348 148 20597776 2585419172
======================
   8      32 sdc 2086884 74470 223196122 16603416 14338916 36167895 4609761136 2567515316 154 20598780 2585562412
======================
   8      32 sdc 2086885 74470 223196130 16603692 14339466 36167895 4610042736 2567651096 76 20599784 2585680600
======================
   8      32 sdc 2086885 74470 223196130 16603692 14340067 36167907 4610349536 2567760868 128 20600788 2585806952
======================
   8      32 sdc 2086885 74470 223196130 16603692 14340643 36167907 4610644448 2567902784 128 20601792 2585950584
======================
   8      32 sdc 2086885 74470 223196130 16603692 14341190 36167907 4610924512 2568046636 157 20602796 2586094432
======================
   8      32 sdc 2086885 74470 223196130 16603692 14341765 36167907 4611218912 2568191896 158 20603800 2586238232
======================
   8      32 sdc 2086885 74470 223196130 16603692 14342348 36167907 4611517408 2568335236 151 20604804 2586382000
======================
   8      32 sdc 2086885 74470 223196130 16603692 14342945 36167917 4611822656 2568460628 133 20605808 2586508064
======================
   8      32 sdc 2086885 74470 223196130 16603692 14343485 36167917 4612098624 2568609116 137 20606812 2586653572
======================
   8      32 sdc 2086885 74470 223196130 16603692 14344049 36167917 4612387392 2568750560 149 20607812 2586796888
======================
   8      32 sdc 2086885 74470 223196130 16603692 14344647 36167917 4612693568 2568894300 155 20608816 2586940372
======================
   8      32 sdc 2086885 74470 223196130 16603692 14345230 36167917 4612992064 2569036924 152 20609820 2587084256
======================
   8      32 sdc 2086885 74470 223196130 16603692 14345800 36167926 4613282968 2569162336 128 20610824 2587209440
======================
   8      32 sdc 2086885 74470 223196130 16603692 14346382 36167926 4613580952 2569306540 154 20611828 2587353236
======================
   8      32 sdc 2086885 74470 223196130 16603692 14346971 36167926 4613882520 2569450284 141 20612832 2587497088
======================
   8      32 sdc 2086886 74470 223196138 16603992 14347516 36167926 4614161560 2569565976 133 20613836 2587613648
======================
   8      32 sdc 2086886 74470 223196138 16603992 14348083 36167926 4614451864 2569709292 142 20614840 2587757252
======================
   8      32 sdc 2086886 74470 223196138 16603992 14348653 36167940 4614742808 2569834852 139 20615844 2587882696
======================
   8      32 sdc 2086886 74470 223196138 16603992 14349227 36167940 4615036696 2569979132 141 20616848 2588026304
======================
   8      32 sdc 2086886 74470 223196138 16603992 14349794 36167985 4615327000 2570123404 62 20617852 2588165500
======================
   8      32 sdc 2086886 74470 223196138 16603992 14349864 36167995 4615354192 2570139648 0 20618016 2588169112
======================
   8      32 sdc 2086886 74470 223196138 16603992 14349864 36167995 4615354192 2570139648 0 20618016 2588169112
======================
   8      32 sdc 2086886 74470 223196138 16603992 14349864 36167995 4615354192 2570139648 0 20618016 2588169112
======================
   8      32 sdc 2086886 74470 223196138 16603992 14349864 36167995 4615354192 2570139648 0 20618016 2588169112
======================
   8      32 sdc 2086886 74470 223196138 16603992 14349864 36167995 4615354192 2570139648 0 20618016 2588169112
started
======================
   8      32 sdc 2086886 74470 223196138 16603992 14349864 36167995 4615354192 2570139648 0 20618016 2588169112
======================
   8      32 sdc 2086888 74470 223196154 16604344 14349864 36167995 4615354192 2570139648 1 20618428 2588169524
======================
   8      32 sdc 2087263 74470 223199154 16617364 14349864 36167995 4615354192 2570139648 1 20619432 2588182500
======================
   8      32 sdc 2088025 74470 223205250 16623568 14349864 36167995 4615354192 2570139648 0 20619696 2588188688
