======================
   8      16 sdb 2829506 10 496390834 1449416 9850801 4060609 3627297032 495134080 0 4512436 496563916
======================
   8      16 sdb 2829506 10 496390834 1449416 9850801 4060609 3627297032 495134080 0 4512436 496563916
======================
   8      16 sdb 2829506 10 496390834 1449416 9850803 4060610 3627297056 495134080 0 4512436 496563916
======================
   8      16 sdb 2829506 10 496390834 1449416 9850803 4060610 3627297056 495134080 0 4512436 496563916
======================
   8      16 sdb 2829506 10 496390834 1449416 9850803 4060610 3627297056 495134080 0 4512436 496563916
======================
   8      16 sdb 2830018 10 496394930 1449892 9851187 4060610 3627493664 495141124 1 4512940 496571444
======================
   8      16 sdb 2830062 10 496395282 1450052 9852442 4060736 3628134688 495264436 159 4513944 496699096
======================
   8      16 sdb 2830063 10 496395290 1450152 9853819 4060736 3628839152 495397204 141 4514944 496834800
======================
   8      16 sdb 2830064 10 496395298 1450252 9855163 4060736 3629526256 495533160 135 4515948 496971016
======================
   8      16 sdb 2830065 10 496395306 1450356 9856543 4060736 3630232304 495667488 137 4516952 497105492
======================
   8      16 sdb 2830066 10 496395314 1450468 9857555 4061239 3630749424 495797424 136 4517956 497241172
======================
   8      16 sdb 2830067 10 496395322 1450492 9858356 4061239 3631159024 495940860 145 4518960 497384432
======================
   8      16 sdb 2830068 10 496395330 1450532 9859188 4061701 3631567576 496080540 130 4519964 497527396
======================
   8      16 sdb 2830069 10 496395338 1450584 9859998 4061701 3631981784 496225184 135 4520968 497669176
======================
   8      16 sdb 2830070 10 496395346 1450616 9860868 4061701 3632426712 496375664 134 4521972 497811648
======================
   8      16 sdb 2830071 10 496395354 1450648 9862644 4061709 3633334520 496508664 131 4522976 497952740
======================
   8      16 sdb 2830072 10 496395362 1450732 9863447 4061709 3633745144 496648852 135 4523976 498092412
======================
   8      16 sdb 2830073 10 496395370 1450828 9864253 4061712 3634156872 496788800 154 4524984 498233168
======================
   8      16 sdb 2830074 10 496395378 1450948 9865066 4061712 3634572616 496926484 144 4525988 498370952
======================
   8      16 sdb 2830076 10 496395394 1451092 9865923 4061712 3635010888 497069892 146 4526992 498507696
======================
   8      16 sdb 2830076 10 496395394 1451092 9866726 4061721 3635421040 497206236 145 4527992 498650360
======================
   8      16 sdb 2830077 10 496395402 1451120 9867556 4061721 3635845488 497349432 141 4528996 498793292
======================
   8      16 sdb 2830079 10 496395418 1451152 9869312 4061725 3636743064 497499568 154 4530000 498936388
======================
   8      16 sdb 2830081 10 496395434 1451188 9871239 4061725 3637728664 497640840 128 4531004 499077724
======================
   8      16 sdb 2830082 10 496395442 1451224 9872350 4061725 3638296984 497776328 153 4532008 499220844
======================
   8      16 sdb 2830083 10 496395450 1451316 9873145 4061735 3638703136 497916624 158 4533012 499359624
======================
   8      16 sdb 2830083 10 496395450 1451316 9873950 4061735 3639114280 498058004 73 4534016 499499644
======================
   8      16 sdb 2830084 10 496395458 1451416 9874770 4061735 3639534072 498197776 149 4535024 499642756
======================
   8      16 sdb 2830085 10 496395466 1451536 9875580 4061740 3639947816 498335032 152 4536028 499781208
======================
   8      16 sdb 2830086 10 496395474 1451668 9876395 4061740 3640364584 498468604 131 4537028 499914216
======================
   8      16 sdb 2830087 10 496395482 1451680 9877756 4061748 3641059960 498619260 147 4538032 500057220
======================
   8      16 sdb 2830089 10 496395498 1451712 9879668 4061751 3642037400 498760740 129 4539036 500199292
======================
   8      16 sdb 2830092 10 496395522 1451836 9881247 4061751 3642844872 498896232 132 4540040 500338756
======================
   8      16 sdb 2830092 10 496395522 1451836 9882046 4061751 3643253912 499035268 133 4541044 500481528
======================
   8      16 sdb 2830093 10 496395530 1451908 9882833 4061751 3643656344 499178344 142 4542048 500624088
======================
   8      16 sdb 2830094 10 496395538 1452004 9883603 4061761 3644049192 499315756 143 4543052 500761956
======================
   8      16 sdb 2830094 10 496395538 1452004 9884395 4061761 3644454648 499458516 76 4544056 500902372
======================
   8      16 sdb 2830130 10 496395826 1452768 9885472 4061765 3645004072 499502128 129 4545044 500941096
======================
   8      16 sdb 2830133 10 496395850 1452884 9887388 4061765 3645983272 499636496 148 4546048 501076460
======================
   8      16 sdb 2830136 10 496395874 1453048 9889313 4061766 3646967384 499770892 140 4547048 501210036
======================
   8      16 sdb 2830138 10 496395890 1453140 9890647 4061781 3647648984 499894376 61 4548048 501336244
======================
   8      16 sdb 2830140 10 496395906 1453272 9891490 4061788 3648078632 500029808 152 4549052 501476364
======================
   8      16 sdb 2830142 10 496395922 1453304 9892299 4061789 3648492328 500172488 141 4550056 501620060
======================
   8      16 sdb 2830143 10 496395930 1453332 9893108 4061790 3648906536 500315708 132 4551060 501763584
======================
   8      16 sdb 2830145 10 496395946 1453412 9893905 4061791 3649314600 500459148 145 4552068 501907352
======================
   8      16 sdb 2830146 10 496395954 1453460 9894710 4061805 3649725848 500600512 101 4553072 502047340
======================
   8      16 sdb 2830150 10 496395986 1453628 9896213 4061807 3650494872 500742120 135 4554072 502182360
======================
   8      16 sdb 2830154 10 496396018 1453756 9898114 4061808 3651467160 500878344 139 4555076 502318636
======================
   8      16 sdb 2830158 10 496396050 1453912 9900018 4061809 3652440472 501012424 128 4556080 502453064
======================
   8      16 sdb 2830162 10 496396082 1454084 9901950 4061809 3653428120 501148288 125 4557084 502586364
======================
   8      16 sdb 2830166 10 496396114 1454276 9903873 4061841 3654411416 501267216 146 4558092 502708092
======================
   8      16 sdb 2830170 10 496396146 1454488 9905795 4061843 3655395480 501393280 147 4559096 502834736
======================
   8      16 sdb 2830174 10 496396178 1454724 9907719 4061844 3656380056 501518312 151 4560100 502959536
======================
   8      16 sdb 2830177 10 496396202 1454920 9909651 4061845 3657368216 501646068 23 4561108 503084084
======================
   8      16 sdb 2830182 10 496396242 1455224 9911549 4061846 3658338976 501760028 133 4562100 503201720
======================
   8      16 sdb 2830186 10 496396274 1455512 9913461 4061883 3659315176 501877832 132 4563108 503319972
======================
   8      16 sdb 2830190 10 496396306 1455816 9915449 4061901 3660330632 501997904 144 4564144 503440236
======================
   8      16 sdb 2830194 10 496396338 1456112 9917370 4061901 3661313160 502120888 14 4565148 503558452
======================
   8      16 sdb 2830198 10 496396370 1456372 9919282 4061902 3662291592 502232216 129 4566152 503676004
======================
   8      16 sdb 2830202 10 496396402 1456664 9921210 4061903 3663278216 502349636 149 4567152 503792592
======================
   8      16 sdb 2830206 10 496396434 1456892 9923137 4061925 3664262984 502465224 145 4568156 503908604
======================
   8      16 sdb 2830209 10 496396458 1457116 9925040 4061941 3665235416 502586964 19 4569156 504026800
======================
   8      16 sdb 2830214 10 496396498 1457452 9926956 4061942 3666215896 502698984 152 4570160 504143124
======================
   8      16 sdb 2830218 10 496396530 1457748 9928877 4061942 3667198424 502815772 143 4571164 504260616
======================
   8      16 sdb 2830222 10 496396562 1458032 9930799 4061943 3668181976 502932880 141 4572156 504376568
======================
   8      16 sdb 2830225 10 496396586 1458236 9932704 4061968 3669156008 503045604 42 4573156 504488240
======================
   8      16 sdb 2830230 10 496396626 1458568 9934644 4061986 3670147400 503158168 130 4574160 504603600
======================
   8      16 sdb 2830234 10 496396658 1458864 9936565 4061986 3671129928 503271720 143 4575156 504717120
======================
   8      16 sdb 2830238 10 496396690 1459160 9938470 4061987 3672104776 503387832 129 4576156 504832228
======================
   8      16 sdb 2830241 10 496396714 1459372 9940375 4061988 3673079624 503510348 59 4577160 504954556
======================
   8      16 sdb 2830246 10 496396754 1459692 9942298 4062013 3674063376 503623460 132 4578164 505069884
======================
   8      16 sdb 2830250 10 496396786 1459996 9944218 4062030 3675044520 503738832 147 4579164 505185140
======================
   8      16 sdb 2830254 10 496396818 1460288 9946140 4062032 3676028584 503857196 142 4580164 505302028
======================
   8      16 sdb 2830257 10 496396842 1460512 9948059 4062034 3677011112 503977208 61 4581164 505422716
======================
   8      16 sdb 2830262 10 496396882 1460832 9949980 4062035 3677994152 504089312 148 4582160 505536392
======================
   8      16 sdb 2830266 10 496396914 1461140 9951879 4062059 3678965104 504204476 136 4583164 505651916
======================
   8      16 sdb 2830270 10 496396946 1461428 9953781 4062077 3679938056 504325936 145 4584168 505769152
======================
   8      16 sdb 2830273 10 496396970 1461640 9955706 4062078 3680922632 504444136 102 4585168 505891840
======================
   8      16 sdb 2830278 10 496397010 1461968 9957624 4062079 3681904136 504556148 148 4586172 506005008
======================
   8      16 sdb 2830282 10 496397042 1462260 9959548 4062079 3682888200 504673952 154 4587172 506122320
======================
   8      16 sdb 2830286 10 496397074 1462508 9961495 4062103 3683883728 504790856 130 4588188 506236840
======================
   8      16 sdb 2830289 10 496397098 1462728 9963425 4062119 3684869480 504912100 74 4589188 506360124
======================
   8      16 sdb 2830294 10 496397138 1463052 9965324 4062120 3685841256 505021676 133 4590188 506472016
======================
   8      16 sdb 2830298 10 496397170 1463352 9967248 4062120 3686825320 505138812 143 4591188 506588968
======================
   8      16 sdb 2830302 10 496397202 1463644 9969145 4062121 3687796072 505262236 77 4592184 506707192
======================
   8      16 sdb 2830305 10 496397226 1463868 9971075 4062145 3688782896 505375592 111 4593188 506825636
======================
   8      16 sdb 2830310 10 496397266 1464188 9972987 4062163 3689760968 505484304 129 4594196 506935716
======================
   8      16 sdb 2830314 10 496397298 1464412 9974917 4062163 3690748104 505604528 105 4595192 507052656
======================
   8      16 sdb 2830318 10 496397330 1464704 9976829 4062163 3691725512 505722760 3 4596192 507169772
======================
   8      16 sdb 2830321 10 496397354 1464920 9978765 4062164 3692716232 505837760 109 4597196 507289768
======================
   8      16 sdb 2830326 10 496397394 1465252 9980667 4062188 3693689232 505947756 140 4598200 507400688
======================
   8      16 sdb 2830330 10 496397426 1465552 9982579 4062206 3694666280 506063612 128 4599204 507516048
======================
   8      16 sdb 2830333 10 496397450 1465764 9984502 4062207 3695650344 506185028 11 4600204 507633804
======================
   8      16 sdb 2830337 10 496397482 1466048 9986425 4062207 3696633896 506301972 138 4601204 507755140
======================
   8      16 sdb 2830342 10 496397522 1466372 9988345 4062209 3697616936 506412168 143 4602196 507866064
======================
   8      16 sdb 2830346 10 496397554 1466668 9990267 4062234 3698599672 506527620 150 4603192 507981228
======================
   8      16 sdb 2830349 10 496397578 1466888 9992194 4062252 3699584408 506652292 8 4604192 508101976
======================
   8      16 sdb 2830353 10 496397610 1467180 9994096 4062254 3700558232 506765228 132 4605192 508219724
======================
   8      16 sdb 2830358 10 496397650 1467516 9995967 4062256 3701516184 506870372 149 4606196 508327104
======================
   8      16 sdb 2830362 10 496397682 1467800 9997912 4062256 3702511000 506990780 134 4607192 508444152
======================
   8      16 sdb 2830365 10 496397706 1467960 9999836 4062279 3703494744 507110828 51 4608196 508564080
======================
   8      16 sdb 2830369 10 496397738 1468260 10001757 4062296 3704476904 507229012 128 4609200 508684880
======================
   8      16 sdb 2830374 10 496397778 1468596 10003676 4062298 3705459432 507340904 148 4610200 508796552
======================
   8      16 sdb 2830378 10 496397810 1468876 10005582 4062299 3706434792 507455728 159 4611200 508910800
======================
   8      16 sdb 2830381 10 496397834 1469088 10007499 4062299 3707415272 507577204 74 4612200 509032284
======================
   8      16 sdb 2830385 10 496397866 1469392 10009396 4062323 3708385200 507686548 150 4613200 509143120
======================
   8      16 sdb 2830390 10 496397906 1469708 10011320 4062341 3709368904 507796376 139 4614204 509253320
======================
   8      16 sdb 2830394 10 496397938 1470004 10013242 4062341 3710351944 507917696 149 4615204 509370796
======================
   8      16 sdb 2830397 10 496397962 1470220 10014883 4062342 3711191624 508015664 142 4616220 509495176
======================
   8      16 sdb 2830401 10 496397994 1470460 10017109 4062343 3712330824 508156480 134 4617220 509614128
======================
   8      16 sdb 2830406 10 496398034 1470784 10019043 4062369 3713320216 508269244 129 4618228 509727028
======================
   8      16 sdb 2830410 10 496398066 1471080 10020957 4062386 3714297784 508389768 144 4619236 509845768
======================
   8      16 sdb 2830413 10 496398090 1471296 10022855 4062387 3715269048 508509040 96 4620240 509967608
======================
   8      16 sdb 2830417 10 496398122 1471576 10024994 4062388 3716363704 508637564 6 4621352 510091612
======================
   8      16 sdb 2830422 10 496398162 1471900 10026923 4062390 3717351352 508749040 125 4622352 510207888
======================
   8      16 sdb 2830426 10 496398194 1472196 10028850 4062413 3718336632 508867132 130 4623356 510326400
======================
   8      16 sdb 2830430 10 496398226 1472484 10030786 4062431 3719326480 508983348 148 4624360 510442744
======================
   8      16 sdb 2830434 10 496398258 1472780 10032694 4062433 3720303376 509104128 47 4625364 510559000
======================
   8      16 sdb 2830438 10 496398290 1473048 10034614 4062435 3721286416 509215996 120 4626372 510676100
======================
   8      16 sdb 2830442 10 496398322 1473348 10036522 4062435 3722262288 509331688 143 4627380 510792368
======================
   8      16 sdb 2830446 10 496398354 1473640 10038440 4062458 3723242960 509443420 128 4628380 510901904
======================
   8      16 sdb 2830449 10 496398378 1473852 10040366 4062474 3724227168 509562976 9 4629380 511019392
======================
   8      16 sdb 2830454 10 496398418 1474176 10042276 4062475 3725204576 509672024 148 4630380 511133360
======================
   8      16 sdb 2830458 10 496398450 1474472 10044206 4062475 3726191712 509788600 152 4631384 511249468
======================
   8      16 sdb 2830462 10 496398482 1474776 10046128 4062477 3727175776 509899804 148 4632384 511361308
======================
   8      16 sdb 2830466 10 496398514 1475076 10048051 4062502 3728159536 510015908 17 4633388 511472920
======================
   8      16 sdb 2830470 10 496398546 1475328 10049959 4062520 3729134544 510125776 122 4634392 511587916
======================
   8      16 sdb 2830474 10 496398578 1475620 10051861 4062520 3730106832 510241876 133 4635392 511704460
======================
   8      16 sdb 2830478 10 496398610 1475916 10053788 4062521 3731092944 510357668 146 4636396 511819324
======================
   8      16 sdb 2830481 10 496398634 1476128 10055707 4062523 3732075472 510479060 9 4637396 511937656
======================
   8      16 sdb 2830486 10 496398674 1476448 10057629 4062549 3733058720 510591628 137 4638396 512055256
======================
   8      16 sdb 2830490 10 496398706 1476744 10059552 4062567 3734041920 510706540 142 4639392 512169932
======================
   8      16 sdb 2830494 10 496398738 1477040 10061475 4062568 3735025472 510823696 143 4640396 512287048
======================
   8      16 sdb 2830497 10 496398762 1477256 10063381 4062569 3736000832 510944516 23 4641400 512405060
======================
   8      16 sdb 2830502 10 496398802 1477580 10065282 4062570 3736973632 511054088 148 4642400 512518856
======================
   8      16 sdb 2830506 10 496398834 1477872 10067208 4062593 3737958400 511172048 146 4643404 512637036
======================
   8      16 sdb 2830510 10 496398866 1478176 10069132 4062611 3738942104 511292048 129 4644404 512755516
======================
   8      16 sdb 2830513 10 496398890 1478388 10071054 4062612 3739925656 511412840 38 4645408 512875364
======================
   8      16 sdb 2830518 10 496398930 1478864 10072706 4062613 3740770968 511506524 145 4646408 512968004
======================
   8      16 sdb 2830522 10 496398962 1478872 10074898 4062615 3741893272 511642484 157 4647412 513108392
======================
   8      16 sdb 2830526 10 496398994 1478904 10076800 4062639 3742866768 511782644 140 4648416 513249816
======================
   8      16 sdb 2830530 10 496399026 1478956 10078728 4062641 3743853904 511924640 129 4649420 513389944
======================
   8      16 sdb 2830534 10 496399058 1479052 10080628 4062643 3744826704 512060856 132 4650424 513526836
======================
   8      16 sdb 2830538 10 496399090 1479140 10082553 4062645 3745812304 512199892 145 4651428 513665936
======================
   8      16 sdb 2830542 10 496399122 1479248 10084480 4062647 3746798928 512337296 139 4652436 513803624
======================
   8      16 sdb 2830546 10 496399154 1479376 10086405 4062649 3747784528 512474484 146 4653440 513939608
======================
   8      16 sdb 2830550 10 496399186 1479552 10088324 4062651 3748767056 512595228 150 4654440 514061828
======================
   8      16 sdb 2830554 10 496399218 1479728 10090246 4062653 3749751120 512726928 131 4655440 514193276
======================
   8      16 sdb 2830558 10 496399250 1479924 10092164 4062655 3750733136 512855188 135 4656444 514321100
======================
   8      16 sdb 2830561 10 496399274 1480080 10094059 4062657 3751703376 512984992 75 4657448 514450920
======================
   8      16 sdb 2830566 10 496399314 1480364 10095984 4062702 3752687304 513102784 147 4658452 514570328
======================
   8      16 sdb 2830570 10 496399346 1480668 10097906 4062702 3753671368 513222680 147 4659452 514690516
======================
   8      16 sdb 2830574 10 496399378 1480964 10099827 4062702 3754654920 513343092 155 4660452 514808188
======================
   8      16 sdb 2830577 10 496399402 1481176 10101749 4062702 3755638984 513464468 69 4661452 514931288
======================
   8      16 sdb 2830582 10 496399442 1481516 10103672 4062702 3756623560 513577536 156 4662456 515046036
======================
   8      16 sdb 2830586 10 496399474 1481808 10105583 4062724 3757601160 513696580 151 4663456 515165344
======================
   8      16 sdb 2830590 10 496399506 1482116 10107483 4062724 3758573960 513819980 145 4664456 515284932
======================
   8      16 sdb 2830593 10 496399530 1482344 10109410 4062724 3759561096 513941912 90 4665464 515410492
======================
   8      16 sdb 2830598 10 496399570 1482676 10111335 4062724 3760546184 514057160 141 4666468 515526792
======================
   8      16 sdb 2830602 10 496399602 1482968 10113256 4062724 3761529736 514176304 148 4667468 515646160
======================
   8      16 sdb 2830606 10 496399634 1483272 10115181 4062747 3762514512 514293140 155 4668472 515760692
======================
   8      16 sdb 2830607 10 496399642 1483348 10116110 4062846 3762982368 514353088 0 4668960 515818032
======================
   8      16 sdb 2830607 10 496399642 1483348 10116110 4062846 3762982368 514353088 0 4668960 515818032
======================
   8      16 sdb 2830607 10 496399642 1483348 10116110 4062846 3762982368 514353088 0 4668960 515818032
======================
   8      16 sdb 2830607 10 496399642 1483348 10116110 4062846 3762982368 514353088 0 4668960 515818032
======================
   8      16 sdb 2830607 10 496399642 1483348 10116110 4062846 3762982368 514353088 0 4668960 515818032
======================
   8      16 sdb 2830607 10 496399642 1483348 10116110 4062846 3762982368 514353088 0 4668960 515818032
======================
   8      16 sdb 2830734 10 496400652 1483380 10116129 4062846 3762982440 514353088 0 4668968 515818064
started
======================
   8      16 sdb 2830734 10 496400652 1483380 10116129 4062846 3762982440 514353088 0 4668968 515818064
======================
   8      16 sdb 2830739 10 496400692 1483380 10116129 4062846 3762982440 514353088 0 4668968 515818064
======================
   8      16 sdb 2830739 10 496400692 1483380 10116129 4062846 3762982440 514353088 0 4668968 515818064
======================
   8      16 sdb 2830739 10 496400692 1483380 10116129 4062846 3762982440 514353088 0 4668968 515818064
======================
   8      16 sdb 2830739 10 496400692 1483380 10116129 4062846 3762982440 514353088 0 4668968 515818064
======================
   8      16 sdb 2830739 10 496400692 1483380 10116129 4062846 3762982440 514353088 0 4668968 515818064
======================
   8      16 sdb 2830739 10 496400692 1483380 10116132 4062848 3762982480 514353088 0 4668968 515818064
======================
   8      16 sdb 2830739 10 496400692 1483380 10116132 4062848 3762982480 514353088 0 4668968 515818064
======================
   8      16 sdb 2830739 10 496400692 1483380 10116132 4062848 3762982480 514353088 0 4668968 515818064
======================
   8      16 sdb 2830739 10 496400692 1483380 10116132 4062848 3762982480 514353088 0 4668968 515818064
======================
   8      16 sdb 2830739 10 496400692 1483380 10116132 4062848 3762982480 514353088 0 4668968 515818064
======================
   8      16 sdb 2830739 10 496400692 1483380 10116134 4062849 3762982504 514353088 0 4668968 515818064
======================
   8      16 sdb 2830739 10 496400692 1483380 10116134 4062849 3762982504 514353088 0 4668968 515818064
======================
   8      16 sdb 2830739 10 496400692 1483380 10116134 4062849 3762982504 514353088 0 4668968 515818064
======================
   8      16 sdb 2830739 10 496400692 1483380 10116134 4062849 3762982504 514353088 0 4668968 515818064
======================
   8      16 sdb 2830739 10 496400692 1483380 10116134 4062849 3762982504 514353088 0 4668968 515818064
======================
   8      16 sdb 2830739 10 496400692 1483380 10116136 4062850 3762982528 514353088 0 4668968 515818064
======================
   8      16 sdb 2830739 10 496400692 1483380 10116136 4062850 3762982528 514353088 0 4668968 515818064
======================
   8      16 sdb 2830739 10 496400692 1483380 10116136 4062850 3762982528 514353088 0 4668968 515818064
======================
   8      16 sdb 2830739 10 496400692 1483380 10116136 4062850 3762982528 514353088 0 4668968 515818064
======================
   8      16 sdb 2830739 10 496400692 1483380 10116136 4062850 3762982528 514353088 0 4668968 515818064
======================
   8      16 sdb 2830739 10 496400692 1483380 10139953 4062851 3763182784 514408660 140 4669424 515873864
======================
   8      16 sdb 2830739 10 496400692 1483380 10174571 4062851 3763474072 514544080 0 4670392 516008932
======================
   8      16 sdb 2830739 10 496400692 1483380 10174571 4062851 3763474072 514544080 0 4670392 516008932
======================
   8      16 sdb 2830739 10 496400692 1483380 10191153 4062851 3763614328 514595932 154 4670764 516061256
======================
   8      16 sdb 2830739 10 496400692 1483380 10228352 4062851 3763929704 514737200 139 4671764 516202028
======================
   8      16 sdb 2830739 10 496400692 1483380 10257930 4062852 3764182232 514839036 157 4672480 516303844
======================
   8      16 sdb 2830739 10 496400692 1483380 10289215 4062852 3764448952 514961288 0 4673340 516426012
======================
   8      16 sdb 2830739 10 496400692 1483380 10324169 4062852 3764748376 515080820 156 4674192 516545976
======================
   8      16 sdb 2830739 10 496400692 1483380 10361351 4062852 3765065728 515223728 158 4675192 516688460
======================
   8      16 sdb 2830739 10 496400692 1483380 10398727 4062852 3765386336 515365896 131 4676196 516830868
======================
   8      16 sdb 2830739 10 496400692 1483380 10437102 4062853 3765716912 515508896 157 4677196 516973440
======================
   8      16 sdb 2830739 10 496400692 1483380 10475851 4062853 3766051136 515650616 129 4678200 517115112
======================
   8      16 sdb 2830739 10 496400692 1483380 10514658 4062853 3766386640 515793380 138 4679204 517257992
======================
   8      16 sdb 2830739 10 496400692 1483380 10553833 4062854 3766725040 515935992 133 4680208 517400652
======================
   8      16 sdb 2830739 10 496400692 1483380 10593004 4062854 3767065312 516078180 131 4681212 517542640
======================
   8      16 sdb 2830739 10 496400692 1483380 10632386 4062855 3767407608 516218632 143 4682216 517683192
======================
   8      16 sdb 2830739 10 496400692 1483380 10671150 4062855 3767746880 516358744 141 4683216 517822948
======================
   8      16 sdb 2830739 10 496400692 1483380 10710287 4062855 3768088728 516500700 151 4684220 517964928
======================
   8      16 sdb 2830739 10 496400692 1483380 10749492 4062855 3768433288 516643008 146 4685224 518107432
======================
   8      16 sdb 2830739 10 496400692 1483380 10789605 4062855 3768785904 516784556 129 4686228 518249120
======================
   8      16 sdb 2830739 10 496400692 1483380 10829996 4062856 3769141752 516926320 139 4687232 518390852
======================
   8      16 sdb 2830739 10 496400692 1483380 10870621 4062856 3769500112 517067596 154 4688236 518532912
======================
   8      16 sdb 2830739 10 496400692 1483380 10911571 4062856 3769862432 517210104 100 4689240 518675764
======================
   8      16 sdb 2830739 10 496400692 1483380 10952553 4062856 3770225280 517350152 52 4690244 518815692
======================
   8      16 sdb 2830739 10 496400692 1483380 10993133 4062857 3770585776 517490096 151 4691248 518955428
======================
   8      16 sdb 2830739 10 496400692 1483380 11033195 4062858 3770942184 517632216 128 4692256 519098148
======================
   8      16 sdb 2830739 10 496400692 1483380 11035413 4062858 3770961688 517640204 0 4692312 519105896
======================
   8      16 sdb 2830739 10 496400692 1483380 11035413 4062858 3770961688 517640204 0 4692312 519105896
======================
   8      16 sdb 2830739 10 496400692 1483380 11035413 4062858 3770961688 517640204 0 4692312 519105896
======================
   8      16 sdb 2830739 10 496400692 1483380 11035413 4062858 3770961688 517640204 0 4692312 519105896
======================
   8      16 sdb 2830739 10 496400692 1483380 11068059 4062859 3771256096 517737076 129 4692992 519203272
======================
   8      16 sdb 2830739 10 496400692 1483380 11110261 4062859 3771636512 517878740 138 4693996 519345560
======================
   8      16 sdb 2830739 10 496400692 1483380 11151775 4062859 3772011888 518019384 128 4695000 519486116
======================
   8      16 sdb 2830739 10 496400692 1483380 11193163 4062859 3772386976 518162216 130 4696004 519629220
======================
   8      16 sdb 2830739 10 496400692 1483380 11234017 4062859 3772758648 518303068 156 4697004 519769756
======================
   8      16 sdb 2830739 10 496400692 1483380 11277052 4062861 3773150384 518444620 131 4698016 519912128
======================
   8      16 sdb 2830739 10 496400692 1483380 11313790 4062861 3773470568 518586132 152 4699020 520053552
======================
   8      16 sdb 2830739 10 496400692 1483380 11353464 4062862 3773815128 518726908 157 4700024 520194172
======================
   8      16 sdb 2830739 10 496400692 1483380 11392134 4062862 3774151024 518868028 143 4701028 520335476
======================
   8      16 sdb 2830739 10 496400692 1483380 11430756 4062863 3774485480 519008988 145 4702028 520475816
======================
   8      16 sdb 2830739 10 496400692 1483380 11469955 4062864 3774825240 519150404 148 4703032 520617756
