======================
   8      32 sdc 156971 2 39932558 305648 621740 7769318 314854336 153781360 0 1170824 154163124
======================
   8      32 sdc 156971 2 39932558 305648 621740 7769318 314854336 153781360 0 1170824 154163124
======================
   8      32 sdc 157460 2 39936470 305696 621740 7769318 314854336 153781360 0 1170872 154163172
======================
   8      32 sdc 157460 2 39936470 305696 621740 7769318 314854336 153781360 0 1170872 154163172
======================
   8      32 sdc 157525 2 39936990 306084 622700 7769318 315345856 153787016 0 1171344 154169212
======================
   8      32 sdc 157525 2 39936990 306084 624707 7769318 316373440 153844652 143 1171968 154243104
======================
   8      32 sdc 157525 2 39936990 306084 625364 7769318 316709824 153988620 158 1172972 154386576
======================
   8      32 sdc 157525 2 39936990 306084 626020 7769822 317044688 154123444 149 1173972 154513720
======================
   8      32 sdc 157525 2 39936990 306084 626579 7770287 317316456 154232856 134 1174976 154655712
======================
   8      32 sdc 157525 2 39936990 306084 627311 7770287 317689240 154405080 138 1175980 154795212
======================
   8      32 sdc 157525 2 39936990 306084 627954 7770287 318018456 154549704 135 1176984 154940076
======================
   8      32 sdc 157525 2 39936990 306084 628268 7770287 318179224 154663396 141 1177988 155083856
======================
   8      32 sdc 157526 2 39936998 306148 629234 7770296 318673384 154838712 136 1179084 155238084
======================
   8      32 sdc 157526 2 39936998 306148 629562 7770296 318841320 154939200 128 1180088 155372608
======================
   8      32 sdc 157526 2 39936998 306148 629997 7770296 319064040 155047212 141 1181092 155510468
======================
   8      32 sdc 157526 2 39936998 306148 630020 7770296 319075816 155084788 150 1182096 155652088
======================
   8      32 sdc 157526 2 39936998 306148 630504 7770296 319323624 155391936 146 1183096 155797600
======================
   8      32 sdc 157526 2 39936998 306148 631583 7770296 319876072 155543428 155 1184100 155940444
======================
   8      32 sdc 157526 2 39936998 306148 632792 7770296 320495080 155686536 130 1185104 156083616
======================
   8      32 sdc 157526 2 39936998 306148 633673 7770296 320946152 155821052 145 1186108 156226168
======================
   8      32 sdc 157526 2 39936998 306148 634320 7770296 321277416 155964340 138 1187112 156369444
======================
   8      32 sdc 157526 2 39936998 306148 634974 7770296 321612264 156107752 156 1188116 156512612
======================
   8      32 sdc 157526 2 39936998 306148 635627 7770296 321946600 156251500 143 1189116 156657008
======================
   8      32 sdc 157526 2 39936998 306148 636266 7770296 322273768 156395044 144 1190120 156800280
======================
   8      32 sdc 157527 2 39937006 306408 636881 7770320 322587792 156514672 157 1191124 156920200
======================
   8      32 sdc 157527 2 39937006 306408 637518 7770320 322913472 156658308 128 1192128 157063556
======================
   8      32 sdc 157527 2 39937006 306408 638157 7770320 323240640 156802388 129 1193132 157207152
======================
   8      32 sdc 157527 2 39937006 306408 638814 7770320 323577024 156945520 144 1194132 157350252
======================
   8      32 sdc 157527 2 39937006 306408 639451 7770320 323903168 157086188 132 1195136 157491088
======================
   8      32 sdc 157527 2 39937006 306408 640103 7770320 324236992 157229460 152 1196140 157634308
======================
   8      32 sdc 157527 2 39937006 306408 640761 7770320 324573888 157372712 134 1197144 157777564
======================
   8      32 sdc 157527 2 39937006 306408 641381 7770320 324891328 157514936 154 1198148 157920820
======================
   8      32 sdc 157527 2 39937006 306408 641993 7770320 325204672 157659396 150 1199152 158066228
======================
   8      32 sdc 157527 2 39937006 306408 642661 7770320 325546688 157804700 154 1200156 158209396
======================
   8      32 sdc 157527 2 39937006 306408 643331 7770320 325889728 157948244 156 1201160 158352716
======================
   8      32 sdc 157527 2 39937006 306408 643999 7770320 326231744 158091600 149 1202164 158496488
======================
   8      32 sdc 157528 2 39937014 306856 644478 7770320 326476992 158190912 150 1203168 158597576
======================
   8      32 sdc 157528 2 39937014 306856 645088 7770320 326789312 158333064 148 1204168 158740464
======================
   8      32 sdc 157528 2 39937014 306856 645732 7770320 327119040 158478764 144 1205172 158884140
======================
   8      32 sdc 157528 2 39937014 306856 646384 7770320 327452864 158622168 132 1206176 159027768
======================
   8      32 sdc 157528 2 39937014 306856 647021 7770320 327779008 158766036 135 1207184 159171432
======================
   8      32 sdc 157528 2 39937014 306856 647676 7770320 328114368 158909756 152 1208184 159314792
======================
   8      32 sdc 157528 2 39937014 306856 648330 7770320 328449216 159052484 138 1209188 159458380
======================
   8      32 sdc 157528 2 39937014 306856 648966 7770320 328774848 159195816 142 1210192 159601972
======================
   8      32 sdc 157528 2 39937014 306856 649601 7770320 329100480 159339220 147 1211196 159745480
======================
   8      32 sdc 157528 2 39937014 306856 650237 7770320 329425600 159482892 151 1212200 159888968
======================
   8      32 sdc 157528 2 39937014 306856 650883 7770320 329756352 159626976 145 1213200 160032108
======================
   8      32 sdc 157528 2 39937014 306856 651535 7770320 330090176 159769472 133 1214204 160175692
======================
   8      32 sdc 157529 2 39937022 307084 652162 7770320 330411200 159896696 148 1215208 160302528
======================
   8      32 sdc 157529 2 39937022 307084 652808 7770320 330741952 160039944 142 1216212 160446016
======================
   8      32 sdc 157529 2 39937022 307084 653467 7770320 331079360 160184332 155 1217220 160589852
======================
   8      32 sdc 157529 2 39937022 307084 654119 7770320 331413184 160326980 143 1218228 160733944
======================
   8      32 sdc 157529 2 39937022 307084 654729 7770320 331725504 160471244 141 1219232 160877236
======================
   8      32 sdc 157529 2 39937022 307084 655399 7770320 332068544 160612328 143 1220236 161017972
======================
   8      32 sdc 157529 2 39937022 307084 656062 7770320 332408000 160755328 152 1221240 161160904
======================
   8      32 sdc 157529 2 39937022 307084 656732 7770320 332751040 160898516 154 1222244 161303868
======================
   8      32 sdc 157529 2 39937022 307084 657358 7770320 333071552 161040116 136 1223244 161446572
======================
   8      32 sdc 157529 2 39937022 307084 657970 7770320 333384896 161183040 132 1224248 161590104
======================
   8      32 sdc 157529 2 39937022 307084 658628 7770320 333721792 161328108 146 1225252 161733612
======================
   8      32 sdc 157529 2 39937022 307084 659282 7770320 334056640 161468980 132 1226256 161874700
======================
   8      32 sdc 157529 2 39937022 307084 659660 7770320 334250176 161552764 23 1227260 161956956
======================
   8      32 sdc 157529 2 39937022 307084 659660 7770320 334250176 161552764 23 1228264 161980048
======================
   8      32 sdc 157530 2 39937030 308728 661191 7770320 335034048 161709988 133 1229268 162117684
======================
   8      32 sdc 157530 2 39937030 308728 661832 7770320 335362240 161853588 132 1230272 162261492
======================
   8      32 sdc 157530 2 39937030 308728 662320 7770320 335612096 161999576 156 1231276 162407488
======================
   8      32 sdc 157530 2 39937030 308728 662956 7770320 335937728 162143392 128 1232280 162550920
======================
   8      32 sdc 157530 2 39937030 308728 663598 7770320 336266432 162287020 158 1233280 162693764
======================
   8      32 sdc 157530 2 39937030 308728 664249 7770320 336599744 162429420 147 1234284 162837612
======================
   8      32 sdc 157530 2 39937030 308728 664899 7770320 336932544 162573820 137 1235288 162981164
======================
   8      32 sdc 157530 2 39937030 308728 665544 7770320 337262784 162720320 132 1236292 163127444
======================
   8      32 sdc 157530 2 39937030 308728 666201 7770320 337599168 162863344 147 1237296 163270876
======================
   8      32 sdc 157530 2 39937030 308728 666827 7770320 337919680 163006036 129 1238300 163414312
======================
   8      32 sdc 157531 2 39937038 308960 667408 7770320 338217152 163137192 146 1239304 163543612
======================
   8      32 sdc 157531 2 39937038 308960 668071 7770320 338556608 163279296 155 1240304 163686196
======================
   8      32 sdc 157531 2 39937038 308960 668740 7770320 338899136 163422236 158 1241308 163829044
======================
   8      32 sdc 157531 2 39937038 308960 669409 7770320 339241664 163565148 129 1242312 163972000
======================
   8      32 sdc 157531 2 39937038 308960 670040 7770320 339564736 163707504 138 1243316 164116236
======================
   8      32 sdc 157531 2 39937038 308960 670668 7770320 339886272 163852092 150 1244320 164259848
======================
   8      32 sdc 157531 2 39937038 308960 671326 7770320 340223168 163996000 132 1245324 164403556
======================
   8      32 sdc 157531 2 39937038 308960 671970 7770320 340552896 164139308 128 1246328 164547104
======================
   8      32 sdc 157531 2 39937038 308960 672617 7770320 340884160 164283044 153 1247328 164690408
======================
   8      32 sdc 157531 2 39937038 308960 673274 7770320 341220544 164425408 136 1248332 164832820
======================
   8      32 sdc 157531 2 39937038 308960 673921 7770320 341551808 164567600 129 1249336 164976260
======================
   8      32 sdc 157531 2 39937038 308960 674561 7770320 341879488 164712256 129 1250340 165120012
======================
   8      32 sdc 157531 2 39937038 308960 674999 7770320 342103744 164811140 44 1251344 165225256
======================
   8      32 sdc 157531 2 39937038 308960 674999 7770320 342103744 164811140 44 1252348 165269432
======================
   8      32 sdc 157532 2 39937046 310628 676451 7770320 342847168 164986080 147 1253352 165394980
======================
   8      32 sdc 157532 2 39937046 310628 677102 7770320 343180480 165128408 136 1254356 165538680
======================
   8      32 sdc 157532 2 39937046 310628 677747 7770320 343510720 165272468 131 1255360 165682008
======================
   8      32 sdc 157532 2 39937046 310628 678401 7770320 343845568 165416288 149 1256360 165824984
======================
   8      32 sdc 157532 2 39937046 310628 679036 7770320 344170688 165558428 154 1257364 165968484
======================
   8      32 sdc 157532 2 39937046 310628 679652 7770320 344486080 165702268 146 1258368 166112348
======================
   8      32 sdc 157532 2 39937046 310628 680301 7770320 344818368 165846808 137 1259372 166255616
======================
   8      32 sdc 157532 2 39937046 310628 680970 7770320 345160896 165990772 140 1260376 166399672
======================
   8      32 sdc 157532 2 39937046 310628 681639 7770320 345503424 166133644 143 1261380 166542600
======================
   8      32 sdc 157532 2 39937046 310628 682291 7770320 345837248 166275464 131 1262384 166685776
======================
   8      32 sdc 157533 2 39937054 310844 682886 7770320 346141888 166403444 136 1263388 166814140
======================
   8      32 sdc 157533 2 39937054 310844 683511 7770320 346461888 166547652 139 1264392 166957272
======================
   8      32 sdc 157533 2 39937054 310844 684166 7770320 346797248 166691196 136 1265396 167100756
======================
   8      32 sdc 157533 2 39937054 310844 684816 7770320 347130048 166835096 158 1266400 167244544
======================
   8      32 sdc 157533 2 39937054 310844 685452 7770320 347455680 166979232 130 1267404 167388328
======================
   8      32 sdc 157533 2 39937054 310844 686109 7770320 347792064 167122452 145 1268412 167532556
======================
   8      32 sdc 157533 2 39937054 310844 686744 7770320 348117184 167264856 150 1269416 167676100
======================
   8      32 sdc 157533 2 39937054 310844 687382 7770320 348443840 167409016 152 1270416 167819092
======================
   8      32 sdc 157533 2 39937054 310844 688017 7770320 348768960 167552536 157 1271420 167962576
======================
   8      32 sdc 157533 2 39937054 310844 688660 7770320 349098176 167692752 155 1272424 168102148
======================
   8      32 sdc 157533 2 39937054 310844 689312 7770320 349432000 167836052 143 1273428 168245764
======================
   8      32 sdc 157533 2 39937054 310844 689960 7770320 349763776 167978644 135 1274432 168389336
======================
   8      32 sdc 157534 2 39937062 311072 690588 7770320 350085312 168106852 150 1275436 168517224
======================
   8      32 sdc 157534 2 39937062 311072 691242 7770320 350420160 168250724 136 1276440 168660748
======================
   8      32 sdc 157534 2 39937062 311072 691899 7770320 350756544 168394020 151 1277444 168804220
======================
   8      32 sdc 157534 2 39937062 311072 692514 7770320 351071424 168536472 144 1278444 168947544
======================
   8      32 sdc 157534 2 39937062 311072 693138 7770320 351390912 168681212 128 1279448 169091096
======================
   8      32 sdc 157534 2 39937062 311072 693804 7770320 351731904 168824584 134 1280452 169234136
======================
   8      32 sdc 157534 2 39937062 311072 694473 7770320 352074432 168967616 137 1281456 169377304
======================
   8      32 sdc 157534 2 39937062 311072 695111 7770320 352401088 169109560 139 1282460 169520716
======================
   8      32 sdc 157534 2 39937062 311072 695727 7770320 352716480 169253192 131 1283464 169664052
======================
   8      32 sdc 157534 2 39937062 311072 696370 7770320 353045696 169397768 128 1284468 169807992
======================
   8      32 sdc 157534 2 39937062 311072 697029 7770320 353383104 169541100 141 1285472 169951460
======================
   8      32 sdc 157534 2 39937062 311072 697675 7770320 353713856 169684556 135 1286476 170095160
======================
   8      32 sdc 157535 2 39937070 311300 698296 7770320 354031808 169811768 158 1287480 170222148
======================
   8      32 sdc 157535 2 39937070 311300 698954 7770320 354368704 169955172 140 1288480 170365216
======================
   8      32 sdc 157535 2 39937070 311300 699602 7770320 354700480 170097908 132 1289484 170508464
======================
   8      32 sdc 157535 2 39937070 311300 700238 7770320 355026112 170243240 136 1290488 170653956
======================
   8      32 sdc 157535 2 39937070 311300 700857 7770320 355343040 170386384 157 1291492 170796884
======================
   8      32 sdc 157535 2 39937070 311300 701506 7770320 355675328 170530248 148 1292496 170940392
======================
   8      32 sdc 157535 2 39937070 311300 702165 7770320 356012736 170674292 129 1293504 171084476
======================
   8      32 sdc 157535 2 39937070 311300 702807 7770320 356341440 170817484 139 1294508 171228100
======================
   8      32 sdc 157535 2 39937070 311300 703454 7770320 356672704 170960856 152 1295512 171371708
======================
   8      32 sdc 157535 2 39937070 311300 704111 7770320 357009088 171102712 135 1296512 171512756
======================
   8      32 sdc 157535 2 39937070 311300 704756 7770320 357339328 171245320 130 1297520 171656604
======================
   8      32 sdc 157535 2 39937070 311300 705371 7770320 357654208 171388504 155 1298520 171799524
======================
   8      32 sdc 157536 2 39937078 311532 705986 7770320 357969088 171515072 150 1299524 171925724
======================
   8      32 sdc 157536 2 39937078 311532 706651 7770320 358309568 171658992 157 1300528 172069136
======================
   8      32 sdc 157536 2 39937078 311532 707314 7770320 358649024 171802608 134 1301532 172212956
======================
   8      32 sdc 157536 2 39937078 311532 707979 7770320 358989504 171944556 141 1302532 172355184
======================
   8      32 sdc 157536 2 39937078 311532 708583 7770320 359298752 172087516 145 1303536 172498844
======================
   8      32 sdc 157536 2 39937078 311532 709237 7770320 359633600 172231116 131 1304540 172642184
======================
   8      32 sdc 157536 2 39937078 311532 709878 7770320 359961792 172372940 130 1305544 172785972
======================
   8      32 sdc 157536 2 39937078 311532 710525 7770320 360293056 172518692 155 1306548 172929236
======================
   8      32 sdc 157536 2 39937078 311532 711170 7770320 360623296 172662444 150 1307552 173073172
======================
   8      32 sdc 157536 2 39937078 311532 711822 7770320 360957120 172805856 138 1308556 173216688
======================
   8      32 sdc 157536 2 39937078 311532 712463 7770320 361285312 172948352 137 1309556 173359472
======================
   8      32 sdc 157536 2 39937078 311532 713099 7770320 361610944 173091940 141 1310560 173503052
======================
   8      32 sdc 157537 2 39937086 311756 713719 7770320 361928384 173218440 132 1311564 173629444
======================
   8      32 sdc 157537 2 39937086 311756 714356 7770320 362254528 173361740 135 1312568 173772572
======================
   8      32 sdc 157537 2 39937086 311756 715014 7770320 362591424 173505444 149 1313572 173916204
======================
   8      32 sdc 157537 2 39937086 311756 715668 7770320 362926272 173648984 135 1314576 174059848
======================
   8      32 sdc 157537 2 39937086 311756 716299 7770320 363249344 173792164 144 1315580 174203392
======================
   8      32 sdc 157537 2 39937086 311756 716956 7770320 363585728 173936328 150 1316584 174346940
======================
   8      32 sdc 157537 2 39937086 311756 717589 7770320 363909824 174078932 134 1317588 174490704
======================
   8      32 sdc 157537 2 39937086 311756 718204 7770320 364224704 174221796 158 1318592 174633508
======================
   8      32 sdc 157537 2 39937086 311756 718854 7770320 364557504 174365640 149 1319596 174777472
======================
   8      32 sdc 157537 2 39937086 311756 719527 7770320 364902080 174510384 148 1320596 174920808
======================
   8      32 sdc 157537 2 39937086 311756 720196 7770320 365244608 174654112 151 1321600 175064392
======================
   8      32 sdc 157537 2 39937086 311756 720844 7770320 365576384 174796460 143 1322604 175208036
======================
   8      32 sdc 157538 2 39937094 312000 721432 7770320 365877440 174919736 132 1323608 175331824
======================
   8      32 sdc 157538 2 39937094 312000 722065 7770320 366201536 175063052 139 1324612 175474960
======================
   8      32 sdc 157538 2 39937094 312000 722727 7770320 366540480 175207376 149 1325616 175618404
======================
   8      32 sdc 157538 2 39937094 312000 723376 7770320 366872768 175350608 140 1326620 175761764
======================
   8      32 sdc 157538 2 39937094 312000 724017 7770320 367200960 175494272 139 1327624 175905448
======================
   8      32 sdc 157538 2 39937094 312000 724675 7770320 367537856 175637868 153 1328628 176048828
======================
   8      32 sdc 157538 2 39937094 312000 725305 7770320 367860416 175779372 131 1329632 176191944
======================
   8      32 sdc 157538 2 39937094 312000 725946 7770320 368188608 175923852 130 1330636 176335288
======================
   8      32 sdc 157538 2 39937094 312000 726582 7770320 368514240 176067552 134 1331640 176479076
======================
   8      32 sdc 157538 2 39937094 312000 727226 7770320 368843968 176211492 130 1332644 176622500
======================
   8      32 sdc 157538 2 39937094 312000 727884 7770320 369180864 176354760 144 1333644 176765500
======================
   8      32 sdc 157538 2 39937094 312000 728527 7770320 369510080 176496524 141 1334648 176909064
======================
   8      32 sdc 157539 2 39937102 312232 729153 7770320 369830592 176622308 156 1335652 177033448
======================
   8      32 sdc 157539 2 39937102 312232 729807 7770320 370165440 176765644 142 1336656 177176980
======================
   8      32 sdc 157539 2 39937102 312232 730460 7770320 370499776 176908436 129 1337660 177320332
======================
   8      32 sdc 157539 2 39937102 312232 731075 7770320 370814656 177051448 154 1338660 177463536
======================
   8      32 sdc 157539 2 39937102 312232 731712 7770320 371140800 177196292 130 1339664 177607052
======================
   8      32 sdc 157539 2 39937102 312232 732381 7770320 371483328 177339988 128 1340668 177750788
======================
   8      32 sdc 157539 2 39937102 312232 733049 7770320 371825856 177483692 132 1341672 177894960
======================
   8      32 sdc 157539 2 39937102 312232 733681 7770320 372148928 177625984 140 1342672 178038200
======================
   8      32 sdc 157539 2 39937102 312232 734297 7770320 372464320 177769204 132 1343676 178181180
======================
   8      32 sdc 157539 2 39937102 312232 734936 7770320 372791488 177912692 133 1344680 178324736
======================
   8      32 sdc 157539 2 39937102 312232 735591 7770320 373126848 178056244 150 1345684 178467800
======================
   8      32 sdc 157539 2 39937102 312232 736237 7770320 373457600 178200140 144 1346688 178611952
======================
   8      32 sdc 157539 2 39937102 312232 736467 7770320 373575360 178251244 16 1347692 178660508
======================
   8      32 sdc 157540 2 39937110 313860 737515 7770320 374111936 178298480 154 1348700 178702576
======================
   8      32 sdc 157540 2 39937110 313860 738160 7770320 374442176 178432332 149 1349700 178845664
======================
   8      32 sdc 157540 2 39937110 313860 738796 7770320 374767808 178575932 153 1350704 178989136
======================
   8      32 sdc 157540 2 39937110 313860 739420 7770320 375087296 178719932 137 1351708 179133360
======================
   8      32 sdc 157540 2 39937110 313860 740065 7770320 375417536 178864028 132 1352712 179276864
======================
   8      32 sdc 157540 2 39937110 313860 740722 7770320 375753920 179007200 147 1353716 179420400
======================
   8      32 sdc 157540 2 39937110 313860 741369 7770320 376085184 179150544 140 1354716 179563568
======================
   8      32 sdc 157540 2 39937110 313860 742017 7770320 376416960 179294596 132 1355720 179707088
======================
   8      32 sdc 157540 2 39937110 313860 742674 7770320 376753344 179437952 147 1356724 179850652
======================
   8      32 sdc 157540 2 39937110 313860 743313 7770320 377081024 179580084 148 1357728 179994256
======================
   8      32 sdc 157540 2 39937110 313860 743928 7770320 377395392 179723760 141 1358732 180138052
======================
   8      32 sdc 157541 2 39937118 314432 744532 7770320 377704640 179825780 154 1359732 180240116
======================
   8      32 sdc 157541 2 39937118 314432 745208 7770320 378050752 179970268 150 1360736 180383172
======================
   8      32 sdc 157541 2 39937118 314432 745873 7770320 378391232 180112760 157 1361740 180526288
======================
   8      32 sdc 157541 2 39937118 314432 746505 7770320 378714816 180255804 133 1362744 180670328
======================
   8      32 sdc 157541 2 39937118 314432 747124 7770320 379031744 180399020 154 1363744 180812292
======================
   8      32 sdc 157541 2 39937118 314432 747776 7770320 379365568 180541288 142 1364748 180955904
======================
   8      32 sdc 157541 2 39937118 314432 748424 7770320 379697344 180685856 134 1365752 181099480
======================
   8      32 sdc 157541 2 39937118 314432 749064 7770320 380025024 180829096 134 1366756 181243032
======================
   8      32 sdc 157541 2 39937118 314432 749722 7770320 380361920 180973112 148 1367760 181386728
======================
   8      32 sdc 157541 2 39937118 314432 750374 7770320 380695744 181113496 137 1368760 181527260
======================
   8      32 sdc 157541 2 39937118 314432 751004 7770320 381018304 181255628 147 1369764 181670764
======================
   8      32 sdc 157541 2 39937118 314432 751645 7770320 381346496 181400296 146 1370768 181814152
======================
   8      32 sdc 157542 2 39937126 314664 752253 7770320 381657792 181527692 144 1371772 181942036
======================
   8      32 sdc 157542 2 39937126 314664 752902 7770320 381990080 181671980 135 1372776 182085684
======================
   8      32 sdc 157542 2 39937126 314664 753554 7770320 382323904 181812972 135 1373780 182227264
======================
   8      32 sdc 157542 2 39937126 314664 754201 7770320 382655168 181956416 128 1374784 182370340
======================
   8      32 sdc 157542 2 39937126 314664 754844 7770320 382984384 182099672 157 1375784 182512564
======================
   8      32 sdc 157542 2 39937126 314664 755497 7770320 383318720 182241836 144 1376788 182655992
======================
   8      32 sdc 157542 2 39937126 314664 756112 7770320 383633600 182384464 137 1377792 182799136
======================
   8      32 sdc 157542 2 39937126 314664 756739 7770320 383954624 182527972 150 1378796 182941424
======================
   8      32 sdc 157542 2 39937126 314664 757397 7770320 384291520 182669120 132 1379800 183084360
======================
   8      32 sdc 157542 2 39937126 314664 758061 7770320 384631488 182811740 140 1380800 183226884
======================
   8      32 sdc 157542 2 39937126 314664 758735 7770320 384976576 182956684 138 1381804 183369576
======================
   8      32 sdc 157542 2 39937126 314664 759356 7770320 385294528 183098292 157 1382808 183512484
======================
   8      32 sdc 157543 2 39937134 314904 759950 7770320 385598656 183222156 141 1383812 183637476
======================
   8      32 sdc 157543 2 39937134 314904 760602 7770320 385932480 183366188 129 1384816 183780904
======================
   8      32 sdc 157543 2 39937134 314904 761260 7770320 386269376 183509768 143 1385816 183923820
======================
   8      32 sdc 157543 2 39937134 314904 761907 7770320 386600640 183653484 136 1386820 184067440
======================
   8      32 sdc 157543 2 39937134 314904 762548 7770320 386928832 183797148 135 1387824 184211000
======================
   8      32 sdc 157543 2 39937134 314904 763194 7770320 387259584 183940304 129 1388828 184354676
======================
   8      32 sdc 157543 2 39937134 314904 763826 7770320 387583168 184086392 137 1389832 184501736
======================
   8      32 sdc 157543 2 39937134 314904 764465 7770320 387910336 184230600 138 1390832 184644696
======================
   8      32 sdc 157543 2 39937134 314904 765100 7770320 388235456 184373764 143 1391836 184788132
======================
   8      32 sdc 157543 2 39937134 314904 765754 7770320 388570304 184517736 129 1392840 184931480
======================
   8      32 sdc 157543 2 39937134 314904 766410 7770320 388906176 184660628 145 1393844 185075020
======================
   8      32 sdc 157543 2 39937134 314904 767053 7770320 389235392 184803760 142 1394844 185218408
======================
   8      32 sdc 157544 2 39937142 315136 767677 7770320 389554880 184928972 159 1395848 185342848
======================
   8      32 sdc 157544 2 39937142 315136 768334 7770320 389891264 185072204 142 1396852 185486664
======================
   8      32 sdc 157544 2 39937142 315136 768967 7770320 390215360 185214596 149 1397852 185629680
======================
   8      32 sdc 157544 2 39937142 315136 769586 7770320 390532288 185358984 138 1398864 185774212
======================
   8      32 sdc 157544 2 39937142 315136 770237 7770320 390865600 185506140 159 1399872 185919656
======================
   8      32 sdc 157544 2 39937142 315136 770906 7770320 391208128 185649868 130 1400876 186063536
======================
   8      32 sdc 157544 2 39937142 315136 771562 7770320 391544000 185792592 146 1401880 186207668
======================
   8      32 sdc 157544 2 39937142 315136 772181 7770320 391860928 185936892 135 1402888 186351628
======================
   8      32 sdc 157544 2 39937142 315136 772808 7770320 392181952 186081120 148 1403892 186494964
======================
   8      32 sdc 157544 2 39937142 315136 773466 7770320 392518848 186224652 130 1404896 186638224
======================
   8      32 sdc 157544 2 39937142 315136 774116 7770320 392851648 186365664 154 1405900 186779864
======================
   8      32 sdc 157544 2 39937142 315136 774763 7770320 393182912 186509068 120 1406904 186922892
======================
   8      32 sdc 157545 2 39937150 315368 775396 7770320 393507008 186633540 155 1407908 187047632
======================
   8      32 sdc 157545 2 39937150 315368 776051 7770320 393842368 186775992 140 1408912 187190940
======================
   8      32 sdc 157545 2 39937150 315368 776689 7770320 394169024 186918980 142 1409916 187334032
======================
   8      32 sdc 157545 2 39937150 315368 777324 7770320 394494144 187062476 147 1410920 187477664
======================
   8      32 sdc 157545 2 39937150 315368 777947 7770320 394813120 187206388 132 1411920 187620324
======================
   8      32 sdc 157545 2 39937150 315368 778605 7770320 395150016 187349812 146 1412924 187763856
======================
   8      32 sdc 157545 2 39937150 315368 779255 7770320 395482816 187491032 152 1413928 187905996
======================
   8      32 sdc 157545 2 39937150 315368 779904 7770320 395815104 187635024 143 1414932 188049456
======================
   8      32 sdc 157545 2 39937150 315368 780557 7770320 396149440 187778844 130 1415936 188192756
======================
   8      32 sdc 157545 2 39937150 315368 781209 7770320 396483264 187922056 150 1416940 188336316
======================
   8      32 sdc 157545 2 39937150 315368 781829 7770320 396800704 188064640 138 1417944 188479800
======================
   8      32 sdc 157545 2 39937150 315368 782446 7770320 397116608 188208564 117 1418948 188622840
======================
   8      32 sdc 157546 2 39937158 315620 783086 7770320 397444288 188333792 157 1419952 188748024
======================
   8      32 sdc 157546 2 39937158 315620 783755 7770320 397786816 188476816 128 1420956 188890996
======================
   8      32 sdc 157546 2 39937158 315620 784424 7770320 398129344 188619896 131 1421956 189033748
======================
   8      32 sdc 157546 2 39937158 315620 785041 7770320 398445248 188758884 154 1422960 189177536
======================
   8      32 sdc 157546 2 39937158 315620 785674 7770320 398769344 188906680 129 1423964 189321192
======================
   8      32 sdc 157546 2 39937158 315620 786325 7770320 399102656 189049476 150 1424968 189464696
======================
   8      32 sdc 157546 2 39937158 315620 786975 7770320 399435456 189194660 140 1425972 189609620
======================
   8      32 sdc 157546 2 39937158 315620 787622 7770320 399766720 189338336 133 1426980 189753648
======================
   8      32 sdc 157546 2 39937158 315620 788279 7770320 400103104 189481820 148 1427984 189897448
======================
   8      32 sdc 157546 2 39937158 315620 788928 7770320 400435392 189624584 139 1428984 190040536
======================
   8      32 sdc 157546 2 39937158 315620 789565 7770320 400761536 189768492 142 1429988 190184140
======================
   8      32 sdc 157546 2 39937158 315620 790200 7770320 401086656 189912264 43 1430992 190319984
======================
   8      32 sdc 157546 2 39937158 315620 790211 7770320 401092288 189914736 32 1431996 190352208
======================
   8      32 sdc 157547 2 39937166 317288 791449 7770320 401726144 190022256 148 1433000 190439168
======================
   8      32 sdc 157547 2 39937166 317288 792104 7770320 402061504 190165116 133 1434004 190582444
======================
   8      32 sdc 157547 2 39937166 317288 792741 7770320 402387648 190306784 136 1435008 190725980
======================
   8      32 sdc 157547 2 39937166 317288 793397 7770320 402723520 190452100 152 1436012 190868916
======================
   8      32 sdc 157547 2 39937166 317288 794047 7770320 403056320 190594464 142 1437016 191012384
======================
   8      32 sdc 157547 2 39937166 317288 794663 7770320 403371712 190738188 134 1438020 191156012
======================
   8      32 sdc 157547 2 39937166 317288 795281 7770320 403688128 190881476 156 1439020 191299120
======================
   8      32 sdc 157547 2 39937166 317288 795952 7770320 404031680 191026440 157 1440024 191442500
======================
   8      32 sdc 157547 2 39937166 317288 796621 7770320 404374208 191169560 128 1441028 191585524
======================
   8      32 sdc 157547 2 39937166 317288 797289 7770320 404716224 191313212 132 1442032 191729568
======================
   8      32 sdc 157548 2 39937174 317500 797886 7770320 405021888 191451696 129 1443036 191860744
======================
   8      32 sdc 157548 2 39937174 317500 798497 7770320 405334720 191586484 158 1444040 192004228
======================
   8      32 sdc 157548 2 39937174 317500 799149 7770320 405668544 191728752 146 1445044 192147720
======================
   8      32 sdc 157548 2 39937174 317500 799804 7770320 406003904 191873704 131 1446048 192290976
======================
   8      32 sdc 157548 2 39937174 317500 800442 7770320 406330560 192017120 133 1447052 192434724
======================
   8      32 sdc 157548 2 39937174 317500 801099 7770320 406666944 192160636 148 1448052 192577352
======================
   8      32 sdc 157548 2 39937174 317500 801741 7770320 406995648 192302752 146 1449056 192720636
======================
   8      32 sdc 157548 2 39937174 317500 802379 7770320 407322304 192446656 148 1450060 192863948
======================
   8      32 sdc 157548 2 39937174 317500 803014 7770320 407647424 192589804 153 1451064 193007096
======================
   8      32 sdc 157548 2 39937174 317500 803650 7770320 407973056 192733216 157 1452068 193150268
======================
   8      32 sdc 157548 2 39937174 317500 804302 7770320 408306880 192874748 145 1453072 193291636
======================
   8      32 sdc 157548 2 39937174 317500 804948 7770320 408637632 193016560 139 1454076 193434736
======================
   8      32 sdc 157548 2 39937174 317500 805558 7770320 408949952 193152052 13 1455080 193556960
======================
   8      32 sdc 157548 2 39937174 317500 805558 7770320 408949952 193152052 13 1456084 193570012
======================
   8      32 sdc 157548 2 39937174 317500 805558 7770320 408949952 193152052 13 1457088 193583064
======================
   8      32 sdc 157549 2 39937182 319816 807451 7770320 409919168 193295704 158 1458088 193715408
======================
   8      32 sdc 157549 2 39937182 319816 808059 7770320 410230464 193437392 158 1459092 193858392
======================
   8      32 sdc 157549 2 39937182 319816 808725 7770320 410571456 193582904 132 1460096 194001772
======================
   8      32 sdc 157549 2 39937182 319816 809388 7770320 410910912 193726284 141 1461100 194145100
======================
   8      32 sdc 157549 2 39937182 319816 810048 7770320 411248832 193868460 153 1462104 194288484
======================
   8      32 sdc 157549 2 39937182 319816 810663 7770320 411563712 194011260 146 1463108 194431708
======================
   8      32 sdc 157549 2 39937182 319816 811289 7770320 411884224 194155100 128 1464108 194574076
======================
   8      32 sdc 157549 2 39937182 319816 811947 7770320 412221120 194297600 142 1465112 194716940
======================
   8      32 sdc 157549 2 39937182 319816 812598 7770320 412554432 194440692 131 1466116 194859932
======================
   8      32 sdc 157550 2 39937190 320016 813222 7770320 412873920 194579208 60 1467120 194989612
======================
   8      32 sdc 157550 2 39937190 320016 813873 7770320 413207232 194713560 149 1468124 195132904
======================
   8      32 sdc 157550 2 39937190 320016 814528 7770320 413542592 194856404 134 1469128 195276232
======================
   8      32 sdc 157550 2 39937190 320016 815165 7770320 413868736 194999204 137 1470132 195419372
======================
   8      32 sdc 157550 2 39937190 320016 815785 7770320 414186176 195141380 157 1471132 195562392
======================
   8      32 sdc 157550 2 39937190 320016 816434 7770320 414518464 195286752 148 1472136 195706144
======================
   8      32 sdc 157550 2 39937190 320016 817092 7770320 414855360 195430776 130 1473140 195849864
======================
   8      32 sdc 157550 2 39937190 320016 817732 7770320 415183040 195573484 130 1474144 195993340
======================
   8      32 sdc 157550 2 39937190 320016 818381 7770320 415515328 195717420 153 1475148 196136864
======================
   8      32 sdc 157550 2 39937190 320016 819038 7770320 415851712 195860944 136 1476152 196280500
======================
   8      32 sdc 157550 2 39937190 320016 819681 7770320 416180928 196003588 133 1477156 196424148
======================
   8      32 sdc 157550 2 39937190 320016 820296 7770320 416495808 196146644 158 1478160 196567152
======================
   8      32 sdc 157551 2 39937198 320240 820913 7770320 416812224 196286772 152 1479160 196696780
======================
   8      32 sdc 157551 2 39937198 320240 821583 7770320 417154752 196421120 154 1480164 196840408
======================
   8      32 sdc 157551 2 39937198 320240 822246 7770320 417494208 196564340 131 1481168 196983920
======================
   8      32 sdc 157551 2 39937198 320240 822863 7770320 417810112 196706608 154 1482168 197126868
======================
   8      32 sdc 157551 2 39937198 320240 823505 7770320 418138816 196850600 152 1483176 197271236
======================
   8      32 sdc 157551 2 39937198 320240 824157 7770320 418472640 196993576 140 1484176 197413840
======================
   8      32 sdc 157551 2 39937198 320240 824778 7770320 418790592 197135412 144 1485180 197557040
======================
   8      32 sdc 157551 2 39937198 320240 825354 7770320 419085504 197278612 127 1486184 197700228
======================
   8      32 sdc 157551 2 39937198 320240 825938 7770320 419384512 197422200 151 1487188 197843752
======================
   8      32 sdc 157551 2 39937198 320240 826535 7770320 419690176 197565888 130 1488192 197987020
======================
   8      32 sdc 157551 2 39937198 320240 827108 7770320 419983552 197708256 133 1489192 198130348
======================
   8      32 sdc 157551 2 39937198 320240 827673 7770320 420272832 197851248 144 1490196 198273640
======================
   8      32 sdc 157551 2 39937198 320240 828247 7770320 420566720 197994764 146 1491200 198416864
======================
   8      32 sdc 157552 2 39937206 320516 828790 7770320 420844736 198118748 155 1492204 198541664
======================
   8      32 sdc 157552 2 39937206 320516 829344 7770320 421128384 198261816 145 1493208 198684980
======================
   8      32 sdc 157552 2 39937206 320516 829916 7770320 421421248 198407884 149 1494212 198829152
======================
   8      32 sdc 157552 2 39937206 320516 830534 7770320 421737664 198551316 139 1495212 198972012
======================
   8      32 sdc 157552 2 39937206 320516 831140 7770320 422047936 198693696 141 1496220 199116208
======================
   8      32 sdc 157552 2 39937206 320516 831714 7770320 422341824 198837844 143 1497232 199260636
======================
   8      32 sdc 157552 2 39937206 320516 832267 7770320 422624960 198980984 134 1498236 199403836
======================
   8      32 sdc 157552 2 39937206 320516 832842 7770320 422919360 199125088 136 1499244 199547612
======================
   8      32 sdc 157552 2 39937206 320516 833417 7770320 423213760 199268192 136 1500252 199690892
======================
   8      32 sdc 157552 2 39937206 320516 833987 7770320 423505600 199412788 142 1501264 199835448
======================
   8      32 sdc 157552 2 39937206 320516 834573 7770320 423805632 199558680 132 1502280 199980108
======================
   8      32 sdc 157552 2 39937206 320516 835171 7770320 424111808 199702288 142 1503288 200124144
======================
   8      32 sdc 157552 2 39937206 320516 835755 7770320 424410816 199846332 134 1504300 200268036
======================
   8      32 sdc 157552 2 39937206 320516 836278 7770320 424678592 199976216 13 1505312 200384736
======================
   8      32 sdc 157552 2 39937206 320516 836278 7770320 424678592 199976216 13 1506316 200397788
======================
   8      32 sdc 157553 2 39937214 322384 837443 7770320 425275072 200042536 158 1507324 200469764
======================
   8      32 sdc 157553 2 39937214 322384 838056 7770320 425588928 200189432 153 1508328 200612788
======================
   8      32 sdc 157553 2 39937214 322384 838643 7770320 425889472 200330888 142 1509328 200755316
======================
   8      32 sdc 157553 2 39937214 322384 839206 7770320 426177728 200474532 155 1510332 200898304
======================
   8      32 sdc 157553 2 39937214 322384 839780 7770320 426471616 200617476 157 1511332 201040920
======================
   8      32 sdc 157553 2 39937214 322384 840341 7770320 426758848 200759956 140 1512336 201184596
======================
   8      32 sdc 157553 2 39937214 322384 840894 7770320 427041984 200903120 131 1513340 201327756
======================
   8      32 sdc 157553 2 39937214 322384 841499 7770320 427351744 201047748 134 1514344 201470452
======================
   8      32 sdc 157553 2 39937214 322384 842116 7770320 427667648 201190672 157 1515344 201612932
======================
   8      32 sdc 157553 2 39937214 322384 842734 7770320 427984064 201333348 147 1516348 201755940
======================
   8      32 sdc 157553 2 39937214 322384 843321 7770320 428284608 201474520 136 1517352 201899272
======================
   8      32 sdc 157553 2 39937214 322384 843875 7770320 428568256 201617892 96 1518352 202040280
======================
   8      32 sdc 157553 2 39937214 322384 843956 7770320 428609728 201638684 15 1519356 202061464
======================
   8      32 sdc 157554 2 39937222 324244 844983 7770320 429135552 201687772 145 1520360 202101420
======================
   8      32 sdc 157554 2 39937222 324244 845548 7770320 429424832 201818952 156 1521364 202245244
======================
   8      32 sdc 157554 2 39937222 324244 846114 7770320 429714624 201962668 134 1522364 202388160
======================
   8      32 sdc 157554 2 39937222 324244 846701 7770320 430015168 202097824 228 1523368 202580924
======================
   8      32 sdc 157554 2 39937222 324244 847276 7770320 430309568 202247508 229 1524372 202809824
======================
   8      32 sdc 157554 2 39937222 324244 847851 7770320 430603968 202403640 230 1525376 203033188
======================
   8      32 sdc 157554 2 39937222 324244 848426 7770320 430898368 202565996 199 1526376 203249552
======================
   8      32 sdc 157554 2 39937222 324244 849000 7770320 431192256 202733580 201 1527380 203461116
======================
   8      32 sdc 157554 2 39937222 324244 849597 7770320 431497920 202908684 212 1528384 203666360
======================
   8      32 sdc 157554 2 39937222 324244 850166 7770320 431789248 203088048 187 1529388 203866028
======================
   8      32 sdc 157554 2 39937222 324244 850730 7770320 432078016 203273912 199 1530388 204058700
======================
   8      32 sdc 157554 2 39937222 324244 851305 7770320 432372416 203466696 169 1531392 204245964
======================
   8      32 sdc 157554 2 39937222 324244 851612 7770320 432529600 203569716 39 1532400 204344396
======================
   8      32 sdc 157554 2 39937222 324244 851612 7770320 432529600 203569716 39 1533408 204383708
======================
   8      32 sdc 157555 2 39937230 326192 852994 7770320 433237184 204057012 158 1534416 204506308
======================
   8      32 sdc 157555 2 39937230 326192 853612 7770320 433553600 204222896 148 1535420 204649364
======================
   8      32 sdc 157555 2 39937230 326192 854220 7770320 433864896 204365696 148 1536424 204792344
======================
   8      32 sdc 157555 2 39937230 326192 854779 7770320 434151104 204507560 133 1537428 204935996
======================
   8      32 sdc 157555 2 39937230 326192 855334 7770320 434435264 204651228 154 1538432 205079288
======================
   8      32 sdc 157555 2 39937230 326192 855889 7770320 434719424 204789876 143 1539436 205222992
======================
   8      32 sdc 157555 2 39937230 326192 856481 7770320 435022528 204938216 129 1540440 205365976
======================
   8      32 sdc 157555 2 39937230 326192 857045 7770320 435311296 205081216 139 1541444 205509596
======================
   8      32 sdc 157555 2 39937230 326192 857629 7770320 435610304 205225824 131 1542448 205652896
======================
   8      32 sdc 157555 2 39937230 326192 858225 7770320 435915456 205368952 143 1543448 205795972
======================
   8      32 sdc 157555 2 39937230 326192 858804 7770320 436211904 205511724 140 1544452 205939436
======================
   8      32 sdc 157556 2 39937238 326476 859357 7770761 436494536 205642692 146 1545452 206056052
======================
   8      32 sdc 157556 2 39937238 326476 859933 7770761 436788944 205771504 146 1546456 206199696
======================
   8      32 sdc 157556 2 39937238 326476 860505 7770761 437081808 205913984 150 1547460 206343292
======================
   8      32 sdc 157556 2 39937238 326476 861108 7770761 437390544 206059372 155 1548460 206486276
======================
   8      32 sdc 157556 2 39937238 326476 861691 7770761 437689040 206201688 148 1549464 206630124
======================
   8      32 sdc 157556 2 39937238 326476 862250 7770761 437975248 206346008 133 1550468 206773892
======================
   8      32 sdc 157556 2 39937238 326476 862825 7770761 438269648 206489600 134 1551472 206917692
======================
   8      32 sdc 157556 2 39937238 326476 863382 7770761 438554832 206632100 153 1552472 207060796
======================
   8      32 sdc 157556 2 39937238 326476 863936 7770761 438838480 206775716 143 1553476 207204500
======================
   8      32 sdc 157556 2 39937238 326476 864549 7770761 439152336 206921644 138 1554480 207348744
======================
   8      32 sdc 157556 2 39937238 326476 865167 7770761 439468752 207065740 128 1555484 207492448
======================
   8      32 sdc 157556 2 39937238 326476 865784 7770761 439784656 207206580 151 1556484 207633248
======================
   8      32 sdc 157556 2 39937238 326476 866363 7770761 440081104 207348284 148 1557488 207777180
======================
   8      32 sdc 157556 2 39937238 326476 866917 7770761 440364752 207492088 103 1558492 207919464
======================
   8      32 sdc 157556 2 39937238 326476 867020 7770761 440416984 207518624 1 1559496 207929820
======================
   8      32 sdc 157557 2 39937246 328404 867607 7771228 440699576 207521296 0 1560376 207933320
======================
   8      32 sdc 157557 2 39937246 328404 867607 7771228 440699576 207521296 0 1560376 207933320
======================
   8      32 sdc 157557 2 39937246 328404 867607 7771228 440699576 207521296 0 1560376 207933320
======================
   8      32 sdc 157557 2 39937246 328404 867607 7771228 440699576 207521296 0 1560376 207933320
======================
   8      32 sdc 157557 2 39937246 328404 867607 7771228 440699576 207521296 0 1560376 207933320
======================
   8      32 sdc 157557 2 39937246 328404 867607 7771228 440699576 207521296 0 1560376 207933320
======================
   8      32 sdc 157795 2 39939144 331088 867622 7771228 440699632 207521640 0 1560760 207936348
started
======================
   8      32 sdc 157798 2 39939168 331104 867624 7771228 440699640 207521640 0 1560776 207936364
======================
   8      32 sdc 158727 2 40176000 332336 867624 7771228 440699640 207521640 2 1561500 207937588
======================
   8      32 sdc 159996 2 40500864 334140 867624 7771228 440699640 207521640 1 1562516 207939396
======================
   8      32 sdc 161221 2 40814464 335884 867624 7771228 440699640 207521640 2 1563524 207941132
======================
   8      32 sdc 162564 2 41158272 337616 867624 7771228 440699640 207521640 2 1564528 207942864
======================
   8      32 sdc 163886 2 41496704 339324 867624 7771228 440699640 207521640 2 1565532 207944572
======================
   8      32 sdc 165167 3 41824896 341032 867627 7771229 440699672 207521708 2 1566536 207946344
======================
   8      32 sdc 166468 3 42157952 342708 867627 7771229 440699672 207521708 2 1567540 207948024
======================
   8      32 sdc 167789 3 42496128 344448 867627 7771229 440699672 207521708 1 1568544 207949760
======================
   8      32 sdc 168907 3 42782336 345956 867627 7771229 440699672 207521708 2 1569548 207951492
======================
   8      32 sdc 170027 3 43069056 347936 867627 7771229 440699672 207521708 2 1570556 207953252
======================
   8      32 sdc 171312 3 43398016 349648 867627 7771229 440699672 207521708 2 1571560 207954960
======================
   8      32 sdc 172596 3 43726720 351336 867627 7771229 440699672 207521708 2 1572564 207956648
======================
   8      32 sdc 173916 3 44064640 353028 867627 7771229 440699672 207521708 2 1573568 207958344
======================
   8      32 sdc 175202 3 44393856 354716 867627 7771229 440699672 207521708 0 1574572 207960028
======================
   8      32 sdc 176499 3 44725888 356396 867627 7771229 440699672 207521708 2 1575576 207961712
======================
   8      32 sdc 177841 3 45069440 358104 867627 7771229 440699672 207521708 2 1576580 207963420
======================
   8      32 sdc 179133 3 45400192 359872 867627 7771229 440699672 207521708 2 1577580 207965184
======================
   8      32 sdc 180379 3 45719168 361580 867627 7771229 440699672 207521708 2 1578584 207966892
======================
   8      32 sdc 181686 3 46053760 363240 867627 7771229 440699672 207521708 2 1579588 207968552
======================
   8      32 sdc 183028 3 46397312 364952 867627 7771229 440699672 207521708 2 1580592 207970260
======================
   8      32 sdc 184380 3 46743424 366636 867627 7771229 440699672 207521708 2 1581596 207971948
======================
   8      32 sdc 185695 3 47080064 368268 867627 7771229 440699672 207521708 2 1582600 207973576
======================
   8      32 sdc 186934 3 47397248 370004 867627 7771229 440699672 207521708 2 1583604 207975312
======================
   8      32 sdc 188220 3 47726464 371676 867627 7771229 440699672 207521708 2 1584604 207976980
======================
   8      32 sdc 189534 3 48062848 373360 867627 7771229 440699672 207521708 2 1585608 207978664
======================
   8      32 sdc 190817 3 48391296 375064 867627 7771229 440699672 207521708 2 1586612 207980364
======================
   8      32 sdc 192133 3 48728192 376756 867627 7771229 440699672 207521708 2 1587612 207982052
======================
   8      32 sdc 193465 3 49069184 378440 867627 7771229 440699672 207521708 2 1588620 207983728
======================
   8      32 sdc 194752 3 49398656 380144 867627 7771229 440699672 207521708 2 1589624 207985428
======================
   8      32 sdc 196024 3 49724288 381872 867627 7771229 440699672 207521708 1 1590628 207987160
======================
   8      32 sdc 197296 3 50049920 383572 867627 7771229 440699672 207521708 2 1591628 207988856
======================
   8      32 sdc 198595 3 50382464 385224 867628 7771229 440699680 207521776 2 1592632 207990576
======================
   8      32 sdc 199922 3 50722176 386880 867628 7771229 440699680 207521776 2 1593632 207992232
======================
   8      32 sdc 201223 3 51055232 388588 867628 7771229 440699680 207521776 2 1594636 207993928
======================
   8      32 sdc 202505 3 51383424 390268 867628 7771229 440699680 207521776 2 1595640 207995616
======================
   8      32 sdc 203834 3 51723648 391976 867628 7771229 440699680 207521776 2 1596640 207997316
======================
   8      32 sdc 205086 3 52044160 393704 867628 7771229 440699680 207521776 2 1597648 207999044
======================
   8      32 sdc 206262 3 52345216 395412 867628 7771229 440699680 207521776 2 1598652 208000752
======================
   8      32 sdc 207599 3 52687488 397092 867628 7771229 440699680 207521776 1 1599656 208002428
======================
   8      32 sdc 208950 3 53033344 398784 867628 7771229 440699680 207521776 1 1600656 208004116
======================
   8      32 sdc 210300 3 53378944 400452 867628 7771229 440699680 207521776 2 1601660 208005784
======================
   8      32 sdc 211590 3 53709184 402144 867628 7771229 440699680 207521776 2 1602664 208007472
======================
   8      32 sdc 212844 3 54030208 403844 867628 7771229 440699680 207521776 2 1603672 208009168
======================
   8      32 sdc 214173 3 54370432 405536 867628 7771229 440699680 207521776 1 1604676 208010860
======================
   8      32 sdc 215525 3 54716544 407216 867628 7771229 440699680 207521776 2 1605680 208012544
======================
   8      32 sdc 216801 3 55043200 408888 867628 7771229 440699680 207521776 2 1606684 208014212
======================
   8      32 sdc 218085 3 55371904 410584 867628 7771229 440699680 207521776 2 1607688 208015908
======================
   8      32 sdc 219396 3 55707520 412240 867628 7771229 440699680 207521776 2 1608692 208017564
======================
   8      32 sdc 220682 3 56036736 413868 867628 7771229 440699680 207521776 1 1609696 208019192
======================
   8      32 sdc 221964 3 56364928 415516 867628 7771229 440699680 207521776 2 1610700 208020836
======================
   8      32 sdc 223252 3 56694656 417200 867628 7771229 440699680 207521776 1 1611708 208022520
======================
   8      32 sdc 224565 3 57030784 418880 867628 7771229 440699680 207521776 2 1612708 208024196
======================
   8      32 sdc 225894 3 57371008 420556 867628 7771229 440699680 207521776 1 1613712 208025868
======================
   8      32 sdc 227171 3 57697920 422256 867628 7771229 440699680 207521776 2 1614716 208027572
======================
   8      32 sdc 228459 3 58027648 423920 867628 7771229 440699680 207521776 2 1615716 208029228
======================
   8      32 sdc 229810 3 58373504 425636 867628 7771229 440699680 207521776 2 1616720 208030944
======================
   8      32 sdc 231110 3 58706304 427340 867628 7771229 440699680 207521776 2 1617720 208032648
======================
   8      32 sdc 232361 3 59026560 429052 867628 7771229 440699680 207521776 2 1618728 208034360
======================
   8      32 sdc 233718 3 59373952 430728 867628 7771229 440699680 207521776 2 1619736 208036040
======================
   8      32 sdc 235055 3 59716224 432428 867628 7771229 440699680 207521776 2 1620744 208037740
======================
   8      32 sdc 236354 3 60048768 434156 867628 7771229 440699680 207521776 2 1621752 208039472
======================
   8      32 sdc 236382 3 60055936 434196 867628 7771229 440699680 207521776 0 1621772 208039504
