======================
   8      16 sdb 10832532 7067 1886608184 15058332 35936340 86911601 11533803064 1594023752 0 14468852 1609207136
======================
   8      16 sdb 10832532 7067 1886608184 15058332 35936340 86911601 11533803064 1594023752 0 14468852 1609207136
======================
   8      16 sdb 10832532 7067 1886608184 15058332 35936340 86911601 11533803064 1594023752 0 14468852 1609207136
======================
   8      16 sdb 10832532 7067 1886608184 15058332 35936340 86911601 11533803064 1594023752 0 14468852 1609207136
======================
   8      16 sdb 10832532 7067 1886608184 15058332 35936340 86911601 11533803064 1594023752 0 14468852 1609207136
======================
   8      16 sdb 10832532 7067 1886608184 15058332 35936340 86911601 11533803064 1594023752 0 14468852 1609207136
======================
   8      16 sdb 10832532 7067 1886608184 15058332 35936340 86911601 11533803064 1594023752 0 14468852 1609207136
======================
   8      16 sdb 10832532 7067 1886608184 15058332 35936340 86911601 11533803064 1594023752 0 14468852 1609207136
started
======================
   8      16 sdb 10832532 7067 1886608184 15058332 35936340 86911601 11533803064 1594023752 0 14468852 1609207136
======================
   8      16 sdb 10832532 7067 1886608184 15058332 35936340 86911601 11533803064 1594023752 0 14468852 1609207136
======================
   8      16 sdb 10832532 7067 1886608184 15058332 35936340 86911601 11533803064 1594023752 0 14468852 1609207136
======================
   8      16 sdb 10832532 7067 1886608184 15058332 35936340 86911601 11533803064 1594023752 0 14468852 1609207136
======================
   8      16 sdb 10832532 7067 1886608184 15058332 35936340 86911601 11533803064 1594023752 0 14468852 1609207136
