======================
   8      16 sdb 1584748 9 332710388 738804 4157434 4038767 2124899624 277119624 0 2496024 277846388
======================
   8      16 sdb 1584748 9 332710388 738804 4157434 4038767 2124899624 277119624 0 2496024 277846388
======================
   8      16 sdb 1585237 9 332714300 738816 4157434 4038767 2124899624 277119624 0 2496036 277846400
======================
   8      16 sdb 1585237 9 332714300 738816 4157434 4038767 2124899624 277119624 0 2496036 277846400
======================
   8      16 sdb 1585277 9 332714620 738856 4160314 4038767 2126374184 277143448 0 2496300 277870256
======================
   8      16 sdb 1585281 9 332714652 739088 4162499 4038767 2127492904 277256268 129 2497276 277988500
======================
   8      16 sdb 1585285 9 332714684 739396 4164422 4038767 2128477480 277375976 148 2498280 278108472
======================
   8      16 sdb 1585290 9 332714724 739724 4166322 4039282 2129449360 277492412 156 2499284 278224008
======================
   8      16 sdb 1585293 9 332714748 739952 4168252 4039756 2130419640 277617072 84 2500284 278348708
======================
   8      16 sdb 1585296 9 332714772 740132 4169619 4039756 2131119544 277748528 138 2501284 278480880
======================
   8      16 sdb 1585300 9 332714804 740428 4171644 4039756 2132156344 277867560 135 2502284 278602816
======================
   8      16 sdb 1585304 9 332714836 740456 4173137 4039756 2132920760 277998472 154 2503288 278745032
======================
   8      16 sdb 1585308 9 332714868 740532 4174884 4039756 2133815224 278115908 139 2504292 278889176
======================
   8      16 sdb 1585311 9 332714892 740600 4176646 4039777 2134717032 278298540 144 2505296 279031292
======================
   8      16 sdb 1585316 9 332714932 740708 4179167 4039777 2136008296 278437848 137 2506300 279170580
======================
   8      16 sdb 1585322 9 332714980 740852 4181649 4039777 2137278568 278574200 152 2507304 279306912
======================
   8      16 sdb 1585325 9 332715004 740924 4183574 4039777 2138264168 278711432 123 2508308 279445152
======================
   8      16 sdb 1585328 9 332715028 741192 4184799 4039777 2138891368 278848740 156 2509308 279581536
======================
   8      16 sdb 1585333 9 332715068 741252 4187309 4039777 2140176488 278990776 137 2510312 279723704
======================
   8      16 sdb 1585338 9 332715108 741324 4189337 4039777 2141214824 279130996 152 2511316 279865364
======================
   8      16 sdb 1585341 9 332715132 741376 4191262 4039777 2142200424 279273736 115 2512320 280007888
======================
   8      16 sdb 1585345 9 332715164 741472 4193162 4039777 2143173224 279414096 128 2513324 280148508
======================
   8      16 sdb 1585349 9 332715196 741576 4195063 4039777 2144147048 279553440 134 2514328 280287948
======================
   8      16 sdb 1585354 9 332715236 741756 4196986 4039777 2145131112 279686512 140 2515332 280420240
======================
   8      16 sdb 1585357 9 332715260 741872 4198909 4039777 2146115688 279822996 148 2516336 280558008
======================
   8      16 sdb 1585361 9 332715292 742044 4200825 4039777 2147096680 279958420 143 2517340 280693208
======================
   8      16 sdb 1585365 9 332715324 742240 4202751 4039777 2148082792 280090952 151 2518344 280826588
======================
   8      16 sdb 1585370 9 332715364 742508 4204675 4039852 2149066976 280218588 113 2519344 280950512
======================
   8      16 sdb 1585373 9 332715388 742680 4206576 4039852 2150039776 280345488 152 2520348 281081100
======================
   8      16 sdb 1585377 9 332715420 742932 4208473 4039852 2151011040 280470808 153 2521352 281206752
======================
   8      16 sdb 1585381 9 332715452 743208 4210401 4039903 2151995560 280593940 138 2522356 281328124
======================
   8      16 sdb 1585385 9 332715484 743464 4212318 4039903 2152977064 280713200 29 2523356 281446456
======================
   8      16 sdb 1585389 9 332715516 743768 4214244 4039925 2153962344 280832016 132 2524360 281569036
======================
   8      16 sdb 1585393 9 332715548 744072 4216165 4039942 2154945024 280950556 142 2525356 281687480
======================
   8      16 sdb 1585397 9 332715580 744372 4218088 4039942 2155929600 281069824 140 2526360 281806220
======================
   8      16 sdb 1585401 9 332715612 744636 4219985 4039942 2156900864 281188952 46 2527364 281924164
======================
   8      16 sdb 1585405 9 332715644 744928 4221886 4039942 2157874176 281306816 150 2528368 282044612
======================
   8      16 sdb 1585409 9 332715676 745164 4223788 4039981 2158847176 281422368 138 2529372 282160996
======================
   8      16 sdb 1585413 9 332715708 745456 4225713 4039981 2159831392 281544620 136 2530372 282279948
======================
   8      16 sdb 1585417 9 332715740 745708 4227631 4039981 2160813408 281660536 85 2531376 282398476
======================
   8      16 sdb 1585421 9 332715772 745996 4229554 4039981 2161797984 281778596 137 2532380 282517840
======================
   8      16 sdb 1585425 9 332715804 746288 4231479 4039981 2162783584 281897480 131 2533380 282636880
======================
   8      16 sdb 1585429 9 332715836 746584 4233404 4040021 2163768360 282015224 128 2534380 282752120
======================
   8      16 sdb 1585433 9 332715868 746824 4235322 4040021 2164749504 282131132 78 2535376 282869976
======================
   8      16 sdb 1585437 9 332715900 747128 4237229 4040021 2165725888 282248912 141 2536380 282988928
======================
   8      16 sdb 1585441 9 332715932 747436 4239128 4040021 2166698176 282367448 133 2537376 283107604
======================
   8      16 sdb 1585445 9 332715964 747728 4241048 4040021 2167681216 282490240 79 2538380 283225984
======================
   8      16 sdb 1585449 9 332715996 747928 4242973 4040043 2168665984 282601384 109 2539380 283342032
======================
   8      16 sdb 1585453 9 332716028 748236 4244898 4040059 2169650704 282720828 128 2540380 283461916
======================
   8      16 sdb 1585457 9 332716060 748528 4246821 4040059 2170635280 282839744 144 2541380 283581412
======================
   8      16 sdb 1585461 9 332716092 748828 4248739 4040059 2171617296 282963172 146 2542384 283701168
======================
   8      16 sdb 1585465 9 332716124 749072 4250637 4040059 2172589072 283078532 127 2543380 283820380
======================
   8      16 sdb 1585469 9 332716156 749380 4252538 4040083 2173561568 283191044 139 2544384 283933144
======================
   8      16 sdb 1585473 9 332716188 749684 4254460 4040099 2174543744 283311492 140 2545388 284053496
======================
   8      16 sdb 1585476 9 332716212 749912 4256384 4040099 2175528832 283436264 18 2546388 284175056
======================
   8      16 sdb 1585481 9 332716252 750224 4258303 4040099 2176511360 283549468 147 2547388 284292744
======================
   8      16 sdb 1585485 9 332716284 750520 4260227 4040099 2177496448 283668292 152 2548388 284411820
======================
   8      16 sdb 1585489 9 332716316 750816 4262152 4040122 2178481224 283784924 129 2549388 284528604
======================
   8      16 sdb 1585493 9 332716348 751112 4264054 4040139 2179454176 283909672 15 2550392 284648364
======================
   8      16 sdb 1585497 9 332716380 751356 4265938 4040139 2180418784 284023796 155 2551388 284768536
======================
   8      16 sdb 1585501 9 332716412 751648 4267871 4040139 2181408480 284144300 129 2552392 284888636
======================
   8      16 sdb 1585505 9 332716444 751956 4269794 4040139 2182393056 284264100 137 2553396 285008088
======================
   8      16 sdb 1585508 9 332716468 752120 4271718 4040161 2183377824 284385224 18 2554396 285126124
======================
   8      16 sdb 1585513 9 332716508 752436 4273642 4040177 2184361520 284497728 144 2555400 285242912
======================
   8      16 sdb 1585517 9 332716540 752736 4275561 4040177 2185344048 284616116 136 2556400 285362008
======================
   8      16 sdb 1585521 9 332716572 752892 4277462 4040177 2186317360 284751444 139 2557400 285497056
======================
   8      16 sdb 1585525 9 332716604 752920 4279367 4040177 2187292720 284893236 154 2558404 285638828
======================
   8      16 sdb 1585529 9 332716636 752988 4281284 4040200 2188273904 285034536 136 2559408 285780268
======================
   8      16 sdb 1585533 9 332716668 753052 4283208 4040200 2189258992 285175020 144 2560412 285920856
======================
   8      16 sdb 1585537 9 332716700 753144 4285127 4040200 2190241520 285314740 136 2561416 286060740
======================
   8      16 sdb 1585541 9 332716732 753252 4287049 4040200 2191225584 285454648 154 2562416 286199608
======================
   8      16 sdb 1585545 9 332716764 753408 4288969 4040200 2192208624 285586640 147 2563420 286332752
======================
   8      16 sdb 1585549 9 332716796 753556 4290869 4040200 2193181424 285722884 135 2564424 286469060
======================
   8      16 sdb 1585553 9 332716828 753736 4292757 4040200 2194148080 285857912 146 2565428 286603060
======================
   8      16 sdb 1585556 9 332716852 753876 4294688 4040200 2195136752 285990788 91 2566432 286736848
======================
   8      16 sdb 1585561 9 332716892 754124 4296609 4040236 2196119584 286112340 149 2567436 286859536
======================
   8      16 sdb 1585565 9 332716924 754360 4298533 4040253 2197104312 286240676 154 2568436 286987468
======================
   8      16 sdb 1585569 9 332716956 754616 4300456 4040253 2198088376 286369304 137 2569440 287114720
======================
   8      16 sdb 1585572 9 332716980 754820 4302379 4040253 2199072952 286494488 84 2570444 287241176
======================
   8      16 sdb 1585577 9 332717020 755144 4304280 4040281 2200043968 286605844 150 2571448 287353776
======================
   8      16 sdb 1585581 9 332717052 755448 4306177 4040303 2201014400 286723684 142 2572444 287471884
======================
   8      16 sdb 1585584 9 332717076 755672 4308102 4040320 2201999128 286848896 2 2573444 287592204
======================
   8      16 sdb 1585588 9 332717108 755980 4310025 4040320 2202983704 286967796 127 2574448 287716380
======================
   8      16 sdb 1585593 9 332717148 756316 4311947 4040320 2203967768 287080412 136 2575448 287829372
======================
   8      16 sdb 1585597 9 332717180 756624 4313868 4040320 2204951320 287199736 133 2576452 287949112
======================
   8      16 sdb 1585601 9 332717212 756932 4315791 4040343 2205935072 287317712 66 2577452 288062092
======================
   8      16 sdb 1585604 9 332717236 757152 4317691 4040359 2206906488 287436208 135 2578452 288185928
======================
   8      16 sdb 1585609 9 332717276 757476 4319586 4040359 2207876728 287549864 135 2579456 288300052
======================
   8      16 sdb 1585613 9 332717308 757760 4321507 4040359 2208860280 287669020 148 2580452 288418108
======================
   8      16 sdb 1585616 9 332717332 757992 4323429 4040359 2209844344 287792240 40 2581452 288540012
======================
   8      16 sdb 1585620 9 332717364 758296 4325355 4040382 2210829632 287905848 141 2582456 288656772
======================
   8      16 sdb 1585625 9 332717404 758620 4327277 4040399 2211812824 288019096 128 2583460 288770352
======================
   8      16 sdb 1585629 9 332717436 758908 4329198 4040399 2212796376 288138488 140 2584460 288889088
======================
   8      16 sdb 1585632 9 332717460 759140 4331095 4040399 2213767640 288262148 58 2585460 289011992
======================
   8      16 sdb 1585636 9 332717492 759444 4332997 4040399 2214741464 288379208 150 2586464 289131376
======================
   8      16 sdb 1585641 9 332717532 759764 4334920 4040422 2215725216 288494008 136 2587460 289246564
======================
   8      16 sdb 1585645 9 332717564 760052 4336844 4040439 2216709440 288613360 148 2588456 289364796
======================
   8      16 sdb 1585648 9 332717588 760272 4338768 4040439 2217694016 288736620 38 2589456 289486624
======================
   8      16 sdb 1585652 9 332717620 760568 4340689 4040439 2218677568 288855156 143 2590460 289608340
======================
   8      16 sdb 1585657 9 332717660 760892 4342611 4040439 2219661632 288968576 146 2591464 289721984
======================
   8      16 sdb 1585661 9 332717692 761116 4344512 4040462 2220634120 289089220 129 2592464 289841404
======================
   8      16 sdb 1585664 9 332717716 761340 4346412 4040478 2221605536 289211660 79 2593468 289964648
======================
   8      16 sdb 1585668 9 332717748 761644 4348334 4040478 2222589600 289330808 150 2594472 290085316
======================
   8      16 sdb 1585673 9 332717788 761964 4350255 4040478 2223573152 289444616 142 2595472 290198956
======================
   8      16 sdb 1585677 9 332717820 762256 4352174 4040478 2224555680 289565600 150 2596468 290317964
======================
   8      16 sdb 1585680 9 332717844 762476 4354099 4040501 2225540456 289685544 74 2597468 290439444
======================
   8      16 sdb 1585684 9 332717876 762780 4356023 4040518 2226524672 289804976 145 2598472 290560368
======================
   8      16 sdb 1585689 9 332717916 763108 4357920 4040518 2227495936 289917440 154 2599472 290673780
======================
   8      16 sdb 1585693 9 332717948 763404 4359838 4040518 2228477952 290041540 139 2600472 290793740
======================
   8      16 sdb 1585696 9 332717972 763632 4361738 4040518 2229450752 290162080 117 2601472 290917848
======================
   8      16 sdb 1585700 9 332718004 763876 4363662 4040540 2230435008 290278656 138 2602476 291035128
======================
   8      16 sdb 1585705 9 332718044 764192 4365585 4040556 2231418704 290393032 141 2603480 291149684
======================
   8      16 sdb 1585709 9 332718076 764488 4367507 4040556 2232402768 290516112 155 2604476 291268260
======================
   8      16 sdb 1585712 9 332718100 764716 4369429 4040556 2233386832 290636064 110 2605480 291392900
======================
   8      16 sdb 1585716 9 332718132 765024 4371349 4040556 2234369872 290755052 152 2606484 291512396
======================
   8      16 sdb 1585721 9 332718172 765364 4373247 4040579 2235340824 290863332 135 2607488 291620636
======================
   8      16 sdb 1585724 9 332718196 765600 4375149 4040596 2236313776 290988172 26 2608492 291742716
======================
   8      16 sdb 1585728 9 332718228 765900 4377072 4040596 2237298352 291105844 137 2609496 291864456
======================
   8      16 sdb 1585732 9 332718260 766180 4378994 4040596 2238282416 291221348 134 2610496 291979624
======================
   8      16 sdb 1585737 9 332718300 766512 4380915 4040596 2239265968 291330824 145 2611496 292088552
======================
   8      16 sdb 1585740 9 332718324 766732 4382838 4040620 2240249728 291448200 19 2612488 292203456
======================
   8      16 sdb 1585744 9 332718356 767032 4384758 4040620 2241232768 291567228 147 2613492 292326800
======================
   8      16 sdb 1585748 9 332718388 767336 4386678 4040620 2242215808 291685964 155 2614496 292445900
======================
   8      16 sdb 1585753 9 332718428 767656 4388577 4040620 2243188096 291801128 156 2615492 292560060
======================
   8      16 sdb 1585756 9 332718452 767876 4390478 4040620 2244161408 291924816 59 2616492 292683224
======================
   8      16 sdb 1585760 9 332718484 768124 4392404 4040643 2245146696 292042196 128 2617496 292802492
======================
   8      16 sdb 1585764 9 332718516 768436 4394327 4040643 2246131272 292162320 156 2618500 292923056
======================
   8      16 sdb 1585769 9 332718556 768768 4396249 4040643 2247115336 292279860 138 2619504 293039084
======================
   8      16 sdb 1585772 9 332718580 768992 4398170 4040643 2248098888 292403692 49 2620500 293162732
======================
   8      16 sdb 1585776 9 332718612 769296 4400094 4040643 2249083976 292523520 149 2621504 293285248
======================
   8      16 sdb 1585780 9 332718644 769604 4401995 4040666 2250056976 292638400 138 2622508 293400476
======================
   8      16 sdb 1585783 9 332718668 769776 4403356 4040732 2250745744 292726740 0 2623220 293483584
======================
   8      16 sdb 1585783 9 332718668 769776 4403356 4040732 2250745744 292726740 0 2623220 293483584
======================
   8      16 sdb 1585783 9 332718668 769776 4403356 4040732 2250745744 292726740 0 2623220 293483584
======================
   8      16 sdb 1585783 9 332718668 769776 4403356 4040732 2250745744 292726740 0 2623220 293483584
======================
   8      16 sdb 1585783 9 332718668 769776 4403356 4040732 2250745744 292726740 0 2623220 293483584
======================
started
   8      16 sdb 1585910 9 332719678 770196 4403373 4040732 2250745808 292726740 0 2623228 293484004
======================
   8      16 sdb 1585910 9 332719678 770196 4403373 4040732 2250745808 292726740 0 2623228 293484004
======================
   8      16 sdb 1588860 9 332908326 770780 4403373 4040732 2250745808 292726740 1 2623812 293484588
======================
   8      16 sdb 1591979 9 333107942 771452 4403373 4040732 2250745808 292726740 0 2624476 293485252
======================
   8      16 sdb 1594975 9 333299686 772128 4403373 4040732 2250745808 292726740 0 2625144 293485920
======================
   8      16 sdb 1597870 9 333484966 772764 4403373 4040732 2250745808 292726740 0 2625780 293486556
======================
   8      16 sdb 1600753 9 333669734 773388 4403373 4040732 2250745808 292726740 0 2626400 293487176
======================
   8      16 sdb 1603654 9 333855398 774052 4403373 4040732 2250745808 292726740 1 2627060 293487836
======================
   8      16 sdb 1606500 9 334037542 774696 4403376 4040733 2250745840 292726740 1 2627704 293488480
======================
   8      16 sdb 1609467 9 334227558 775352 4403376 4040733 2250745840 292726740 1 2628360 293489136
======================
   8      16 sdb 1612406 9 334415654 775936 4403376 4040733 2250745840 292726740 1 2628944 293489720
======================
   8      16 sdb 1615275 9 334599270 776536 4403376 4040733 2250745840 292726740 1 2629536 293490312
======================
   8      16 sdb 1618409 9 334799846 777184 4403376 4040733 2250745840 292726740 0 2630176 293490952
======================
   8      16 sdb 1621297 9 334984806 777812 4403376 4040733 2250745840 292726740 0 2630800 293491576
======================
   8      16 sdb 1624181 9 335169382 778440 4403376 4040733 2250745840 292726740 0 2631428 293492204
======================
   8      16 sdb 1627002 9 335349926 779076 4403376 4040733 2250745840 292726740 1 2632064 293492840
======================
   8      16 sdb 1629784 9 335528102 779708 4403376 4040733 2250745840 292726740 1 2632684 293493460
======================
   8      16 sdb 1632636 9 335710630 780364 4403376 4040733 2250745840 292726740 1 2633340 293494116
======================
   8      16 sdb 1635510 9 335894822 780972 4403376 4040733 2250745840 292726740 0 2633948 293494724
======================
   8      16 sdb 1638268 9 336071974 781544 4403376 4040733 2250745840 292726740 1 2634520 293495296
======================
   8      16 sdb 1641119 9 336254886 782176 4403376 4040733 2250745840 292726740 1 2635152 293495928
======================
   8      16 sdb 1643981 9 336438566 782792 4403376 4040733 2250745840 292726740 1 2635764 293496540
======================
   8      16 sdb 1647077 9 336636838 783476 4403376 4040733 2250745840 292726740 1 2636448 293497224
======================
   8      16 sdb 1649936 9 336820582 784100 4403376 4040733 2250745840 292726740 1 2637072 293497848
======================
   8      16 sdb 1652762 9 337002086 784736 4403376 4040733 2250745840 292726740 0 2637700 293498476
======================
   8      16 sdb 1655593 9 337183654 785320 4403376 4040733 2250745840 292726740 0 2638284 293499060
======================
   8      16 sdb 1658400 9 337363494 785912 4403376 4040733 2250745840 292726740 1 2638872 293499648
======================
   8      16 sdb 1661235 9 337545446 786500 4403376 4040733 2250745840 292726740 0 2639448 293500224
======================
   8      16 sdb 1664254 9 337739046 787140 4403376 4040733 2250745840 292726740 1 2640088 293500864
======================
   8      16 sdb 1667285 9 337933926 787852 4403376 4040733 2250745840 292726740 1 2640796 293501572
======================
   8      16 sdb 1670364 9 338131558 788564 4403376 4040733 2250745840 292726740 0 2641504 293502280
======================
   8      16 sdb 1673430 9 338328742 789188 4403376 4040733 2250745840 292726740 1 2642128 293502904
======================
   8      16 sdb 1676374 9 338517542 789860 4403376 4040733 2250745840 292726740 1 2642792 293503568
======================
   8      16 sdb 1679433 9 338714854 790488 4403377 4040733 2250745848 292726740 1 2643420 293504196
======================
   8      16 sdb 1682291 9 338898662 791112 4403377 4040733 2250745848 292726740 1 2644044 293504820
======================
   8      16 sdb 1685155 9 339083430 791756 4403377 4040733 2250745848 292726740 1 2644688 293505464
======================
   8      16 sdb 1687907 9 339260390 792344 4403377 4040733 2250745848 292726740 0 2645276 293506052
======================
   8      16 sdb 1690986 9 339458598 792968 4403377 4040733 2250745848 292726740 1 2645900 293506676
======================
   8      16 sdb 1693759 9 339636966 793620 4403377 4040733 2250745848 292726740 1 2646552 293507328
======================
   8      16 sdb 1696585 9 339818918 794208 4403377 4040733 2250745848 292726740 0 2647140 293507916
======================
   8      16 sdb 1699378 9 339998950 794816 4403377 4040733 2250745848 292726740 1 2647740 293508516
======================
   8      16 sdb 1702148 9 340177254 795448 4403377 4040733 2250745848 292726740 0 2648372 293509148
======================
   8      16 sdb 1704948 9 340357926 796052 4403377 4040733 2250745848 292726740 0 2648976 293509752
======================
   8      16 sdb 1707736 9 340537318 796660 4403377 4040733 2250745848 292726740 1 2649580 293510356
======================
   8      16 sdb 1710473 9 340713766 797240 4403377 4040733 2250745848 292726740 1 2650160 293510936
======================
   8      16 sdb 1713354 9 340900070 797856 4403377 4040733 2250745848 292726740 1 2650768 293511548
======================
   8      16 sdb 1716149 9 341080230 798480 4403377 4040733 2250745848 292726740 0 2651384 293512168
======================
   8      16 sdb 1719135 9 341273062 799124 4403377 4040733 2250745848 292726740 1 2652028 293512812
======================
   8      16 sdb 1721920 9 341452518 799720 4403377 4040733 2250745848 292726740 0 2652624 293513408
======================
   8      16 sdb 1724708 9 341632678 800364 4403377 4040733 2250745848 292726740 0 2653268 293514052
======================
   8      16 sdb 1727487 9 341812774 800968 4403377 4040733 2250745848 292726740 1 2653872 293514656
======================
   8      16 sdb 1730214 9 341988838 801580 4403377 4040733 2250745848 292726740 1 2654484 293515268
======================
   8      16 sdb 1732944 9 342165350 802200 4403377 4040733 2250745848 292726740 0 2655104 293515888
======================
   8      16 sdb 1735795 9 342349862 802864 4403377 4040733 2250745848 292726740 0 2655764 293516548
======================
   8      16 sdb 1738543 9 342528230 803444 4403377 4040733 2250745848 292726740 0 2656344 293517128
======================
   8      16 sdb 1741453 9 342716198 804060 4403377 4040733 2250745848 292726740 1 2656960 293517744
======================
   8      16 sdb 1744252 9 342897638 804688 4403377 4040733 2250745848 292726740 1 2657588 293518372
======================
   8      16 sdb 1746995 9 343075494 805300 4403377 4040733 2250745848 292726740 1 2658196 293518980
======================
   8      16 sdb 1749688 9 343251302 805896 4403377 4040733 2250745848 292726740 1 2658788 293519572
======================
   8      16 sdb 1752410 9 343428134 806512 4403377 4040733 2250745848 292726740 1 2659400 293520184
======================
   8      16 sdb 1755305 9 343616230 807172 4403377 4040733 2250745848 292726740 0 2660048 293520836
======================
   8      16 sdb 1758155 9 343801702 807816 4403377 4040733 2250745848 292726740 1 2660688 293521476
======================
   8      16 sdb 1760478 9 343952550 808340 4403377 4040733 2250745848 292726740 0 2661208 293522000
