======================
   8      16 sdb 17899544 214868 1609478034 34283828 26476932 276000481 8589967144 1250650980 8 10845368 1284871400
======================
   8      16 sdb 17920517 214868 1610069522 34290100 26476932 276000481 8589967144 1250650980 14 10846300 1284877664
======================
   8      16 sdb 17940771 214868 1610638866 34296612 26476932 276000481 8589967144 1250650980 12 10847228 1284884168
======================
   8      16 sdb 17961514 214868 1611222162 34302372 26476932 276000481 8589967144 1250650980 4 10848156 1284889920
======================
   8      16 sdb 17975279 214879 1611610578 34309284 26477894 276000481 8590459688 1250774700 170 10849160 1285028928
======================
   8      16 sdb 17987247 214887 1611947522 34316616 26479023 276000502 8591037400 1250911476 142 10850164 1285178428
======================
   8      16 sdb 17999725 214894 1612298554 34323368 26480136 276000502 8591607256 1251059284 145 10851164 1285327284
======================
   8      16 sdb 18010146 214899 1612589530 34330644 26481212 276000502 8592158168 1251201340 159 10852168 1285480332
======================
   8      16 sdb 18018475 214906 1612823666 34338320 26482348 276000502 8592739800 1251344268 146 10853172 1285625616
======================
   8      16 sdb 18023146 214914 1612954594 34345628 26483344 276000502 8593249752 1251479476 146 10854176 1285772580
======================
   8      16 sdb 18024786 214919 1612999714 34353336 26484308 276000502 8593743832 1251619184 134 10855180 1285922520
======================
   8      16 sdb 18029971 214922 1613148450 34358680 26485590 276000502 8594399704 1251773740 143 10856184 1286072656
======================
   8      16 sdb 18029971 214922 1613148450 34358680 26488221 276000502 8595746776 1251915340 150 10857188 1286214504
======================
   8      16 sdb 18029971 214922 1613148450 34358680 26490486 276000502 8596906456 1252054116 135 10858188 1286354348
======================
   8      16 sdb 18029972 214922 1613148458 34358740 26493064 276000535 8598225648 1252190692 127 10859192 1286489556
======================
   8      16 sdb 18029972 214922 1613148458 34358740 26495550 276000540 8599492976 1252331296 137 10860196 1286631720
======================
   8      16 sdb 18030272 214922 1613150858 34359736 26496518 276000540 8599988592 1252467504 144 10861200 1286778604
======================
   8      16 sdb 18030455 214922 1613152322 34359792 26499293 276000540 8601409392 1252617584 139 10862208 1286919832
======================
   8      16 sdb 18030456 214922 1613152330 34359868 26501224 276000565 8602396248 1252753156 138 10863208 1287055556
======================
   8      16 sdb 18030456 214922 1613152330 34359868 26503152 276001079 8603382960 1252894832 147 10864208 1287196804
======================
   8      16 sdb 18030456 214922 1613152330 34359868 26505057 276001079 8604358320 1253036984 130 10865212 1287338872
======================
   8      16 sdb 18030456 214922 1613152330 34359868 26506962 276001079 8605333680 1253178920 145 10866216 1287480880
======================
   8      16 sdb 18030457 214922 1613152338 34359952 26508921 276001554 8606319824 1253313924 145 10867220 1287616052
======================
   8      16 sdb 18030457 214922 1613152338 34359952 26510848 276001554 8607306448 1253456380 138 10868224 1287758612
======================
   8      16 sdb 18030457 214922 1613152338 34359952 26512776 276001578 8608293784 1253590900 148 10869228 1287893064
======================
   8      16 sdb 18030457 214922 1613152338 34359952 26514704 276001578 8609280408 1253732532 140 10870232 1288034704
======================
   8      16 sdb 18030458 214922 1613152346 34360032 26516601 276001595 8610249792 1253865708 150 10871236 1288170060
======================
   8      16 sdb 18030458 214922 1613152346 34360032 26518540 276001595 8611242560 1254010600 131 10872240 1288312860
======================
   8      16 sdb 18030458 214922 1613152346 34360032 26520465 276001595 8612228160 1254153100 140 10873244 1288454976
======================
   8      16 sdb 18030458 214922 1613152346 34360032 26522392 276001618 8613214464 1254289672 130 10874248 1288591956
======================
   8      16 sdb 18030459 214922 1613152354 34360112 26524322 276001636 8614201256 1254424584 146 10875248 1288726672
======================
   8      16 sdb 18030459 214922 1613152354 34360112 26526250 276001636 8615188392 1254567376 138 10876252 1288869512
======================
   8      16 sdb 18030459 214922 1613152354 34360112 26528178 276001636 8616175528 1254710200 130 10877256 1289012312
======================
   8      16 sdb 18030459 214922 1613152354 34360112 26530103 276001636 8617161128 1254853256 146 10878260 1289155072
======================
   8      16 sdb 18030460 214922 1613152362 34360200 26532017 276001658 8618141280 1254982288 141 10879264 1289284612
======================
   8      16 sdb 18030460 214922 1613152362 34360200 26533922 276001658 8619116128 1255124520 156 10880268 1289426844
======================
   8      16 sdb 18030460 214922 1613152362 34360200 26535850 276001658 8620103264 1255267212 148 10881272 1289569660
======================
   8      16 sdb 18030460 214922 1613152362 34360200 26537778 276001658 8621090400 1255409628 140 10882276 1289712092
======================
   8      16 sdb 18030461 214922 1613152370 34360280 26539709 276001673 8622077176 1255545032 148 10883280 1289847588
======================
   8      16 sdb 18030461 214922 1613152370 34360280 26541637 276001697 8623064000 1255681492 152 10884280 1289983480
======================
   8      16 sdb 18030461 214922 1613152370 34360280 26543565 276001697 8624051136 1255823024 144 10885284 1290125108
======================
   8      16 sdb 18030461 214922 1613152370 34360280 26545488 276001697 8625035712 1255964780 141 10886288 1290266852
======================
   8      16 sdb 18030462 214922 1613152378 34360364 26547419 276001714 8626022504 1256100424 128 10887292 1290402596
======================
   8      16 sdb 18030462 214922 1613152378 34360364 26549346 276001714 8627009128 1256243308 153 10888296 1290545664
======================
   8      16 sdb 18030462 214922 1613152378 34360364 26551273 276001737 8627995432 1256380800 158 10889300 1290683312
======================
   8      16 sdb 18030462 214922 1613152378 34360364 26553202 276001737 8628983080 1256523104 149 10890304 1290825664
======================
   8      16 sdb 18030463 214922 1613152386 34360444 26555132 276001754 8629969864 1256658372 137 10891308 1290961056
======================
   8      16 sdb 18030463 214922 1613152386 34360444 26557061 276001754 8630957512 1256801008 128 10892312 1291103532
======================
   8      16 sdb 18030463 214922 1613152386 34360444 26558972 276001754 8631935944 1256943492 137 10893312 1291245556
======================
   8      16 sdb 18030463 214922 1613152386 34360444 26560885 276001777 8632915080 1257080140 148 10894316 1291382192
======================
   8      16 sdb 18030464 214922 1613152394 34360528 26562793 276001794 8633890600 1257215304 150 10895320 1291517480
======================
   8      16 sdb 18030464 214922 1613152394 34360528 26564721 276001794 8634877736 1257357088 142 10896324 1291659272
======================
   8      16 sdb 18030464 214922 1613152394 34360528 26566648 276001794 8635864360 1257499320 135 10897328 1291801540
======================
   8      16 sdb 18030464 214922 1613152394 34360528 26568576 276001794 8636851496 1257642036 131 10898332 1291944164
======================
   8      16 sdb 18030465 214922 1613152402 34360604 26570504 276001817 8637838312 1257771384 134 10899336 1292073824
======================
   8      16 sdb 18030465 214922 1613152402 34360604 26572432 276001817 8638825448 1257913912 148 10900340 1292216212
======================
   8      16 sdb 18030465 214922 1613152402 34360604 26574336 276001817 8639800296 1258055856 142 10901344 1292358572
======================
   8      16 sdb 18030465 214922 1613152402 34360604 26576236 276001817 8640773096 1258196188 130 10902348 1292500560
======================
   8      16 sdb 18030466 214922 1613152410 34360688 26578138 276001832 8641744520 1258331400 144 10903352 1292635364
======================
   8      16 sdb 18030466 214922 1613152410 34360688 26580091 276001855 8642744136 1258469388 143 10904356 1292771996
======================
   8      16 sdb 18030466 214922 1613152410 34360688 26582018 276001855 8643730760 1258610640 150 10905360 1292913348
======================
   8      16 sdb 18030466 214922 1613152410 34360688 26583947 276001855 8644718408 1258753156 128 10906360 1293055156
======================
   8      16 sdb 18030467 214922 1613152418 34360768 26585879 276001872 8645706216 1258888244 150 10907360 1293190252
======================
   8      16 sdb 18030467 214922 1613152418 34360768 26587807 276001872 8646693352 1259030276 147 10908364 1293332412
======================
   8      16 sdb 18030467 214922 1613152418 34360768 26589719 276001895 8647671976 1259167052 128 10909368 1293469172
======================
   8      16 sdb 18030467 214922 1613152418 34360768 26591628 276001895 8648649384 1259303156 131 10910372 1293603364
======================
   8      16 sdb 18030468 214922 1613152426 34360852 26593558 276001912 8649636168 1259436868 145 10911376 1293739080
======================
   8      16 sdb 18030468 214922 1613152426 34360852 26595486 276001912 8650623304 1259578452 137 10912380 1293880652
======================
   8      16 sdb 18030468 214922 1613152426 34360852 26597414 276001912 8651610440 1259719572 129 10913384 1294021816
======================
   8      16 sdb 18030468 214922 1613152426 34360852 26599342 276001934 8652597248 1259855812 101 10914388 1294157868
======================
   8      16 sdb 18030469 214922 1613152434 34360932 26601273 276001950 8653584536 1259990068 128 10915388 1294292316
======================
   8      16 sdb 18030469 214922 1613152434 34360932 26603177 276001950 8654559384 1260131544 145 10916392 1294434132
======================
   8      16 sdb 18030469 214922 1613152434 34360932 26605082 276001950 8655534744 1260274172 127 10917396 1294576672
======================
   8      16 sdb 18030469 214922 1613152434 34360932 26607003 276001950 8656518296 1260416804 123 10918400 1294719276
======================
   8      16 sdb 18030470 214922 1613152442 34361016 26608928 276001974 8657503584 1260547336 153 10919404 1294850032
======================
   8      16 sdb 18030470 214922 1613152442 34361016 26610396 276001974 8658255200 1260656056 157 10920408 1294995852
======================
   8      16 sdb 18030470 214922 1613152442 34361016 26612773 276001974 8659472224 1260834772 134 10921412 1295137160
======================
   8      16 sdb 18030470 214922 1613152442 34361016 26614695 276001974 8660456288 1260976152 113 10922416 1295278412
======================
   8      16 sdb 18030471 214922 1613152450 34361096 26616589 276001990 8661423624 1261109460 150 10923420 1295413004
======================
   8      16 sdb 18030471 214922 1613152450 34361096 26618502 276002013 8662402760 1261247052 128 10924420 1295549308
======================
   8      16 sdb 18030471 214922 1613152450 34361096 26620167 276002013 8663255240 1261370916 159 10925424 1295694036
======================
   8      16 sdb 18030471 214922 1613152450 34361096 26622339 276002013 8664367304 1261528972 135 10926428 1295831136
======================
   8      16 sdb 18030472 214922 1613152458 34361176 26624262 276002030 8665350504 1261662952 137 10927432 1295965176
======================
   8      16 sdb 18030472 214922 1613152458 34361176 26626186 276002030 8666335592 1261804768 154 10928436 1296107156
======================
   8      16 sdb 18030472 214922 1613152458 34361176 26628109 276002052 8667319840 1261940796 131 10929440 1296242932
======================
   8      16 sdb 18030472 214922 1613152458 34361176 26629947 276002052 8668260896 1262077904 145 10930444 1296384656
======================
   8      16 sdb 18030473 214922 1613152466 34361188 26631882 276002068 8669250232 1262222408 148 10931448 1296524900
======================
   8      16 sdb 18030473 214922 1613152466 34361188 26633797 276002068 8670230712 1262364180 153 10932452 1296666680
======================
   8      16 sdb 18030473 214922 1613152466 34361188 26635710 276002068 8671210168 1262506560 128 10933456 1296808892
======================
   8      16 sdb 18030473 214922 1613152466 34361188 26637624 276002092 8672189824 1262642864 145 10934460 1296945252
======================
   8      16 sdb 18030474 214922 1613152474 34361272 26639534 276002109 8673165864 1262777156 138 10935460 1297079632
======================
   8      16 sdb 18030474 214922 1613152474 34361272 26641128 276002109 8673981992 1262894628 133 10936464 1297219608
======================
   8      16 sdb 18030474 214922 1613152474 34361272 26643346 276002109 8675117608 1263050820 152 10937468 1297353412
======================
   8      16 sdb 18030474 214922 1613152474 34361272 26645239 276002109 8676087336 1263192512 147 10938472 1297495256
======================
   8      16 sdb 18030475 214922 1613152482 34361360 26647160 276002131 8677070048 1263321352 137 10939472 1297623340
======================
   8      16 sdb 18030475 214922 1613152482 34361360 26649075 276002131 8678050528 1263462612 131 10940476 1297764716
======================
   8      16 sdb 18030475 214922 1613152482 34361360 26650977 276002131 8679024352 1263597320 129 10941480 1297898352
======================
   8      16 sdb 18030475 214922 1613152482 34361360 26652906 276002131 8680012000 1263737784 152 10942484 1298040192
======================
   8      16 sdb 18030476 214922 1613152490 34361436 26654831 276002147 8680995712 1263872072 151 10943488 1298174468
======================
   8      16 sdb 18030476 214922 1613152490 34361436 26656311 276002170 8681753152 1263974928 129 10944492 1298273980
======================
   8      16 sdb 18030476 214922 1613152490 34361436 26658635 276002170 8682943040 1264113048 141 10945496 1298415772
======================
   8      16 sdb 18030476 214922 1613152490 34361436 26660529 276002170 8683912768 1264255120 135 10946500 1298557736
======================
   8      16 sdb 18030477 214922 1613152498 34361452 26662445 276002170 8684893760 1264396840 148 10947504 1298699688
======================
   8      16 sdb 18030477 214922 1613152498 34361452 26664360 276002170 8685874240 1264538784 153 10948508 1298841388
======================
   8      16 sdb 18030477 214922 1613152498 34361452 26666274 276002170 8686854208 1264680812 132 10949512 1298983672
======================
   8      16 sdb 18030477 214922 1613152498 34361452 26668194 276002170 8687837248 1264816008 132 10950512 1299116616
======================
   8      16 sdb 18030478 214922 1613152506 34361492 26670114 276002170 8688820288 1264954228 153 10951516 1299256492
======================
   8      16 sdb 18030478 214922 1613152506 34361492 26672008 276002170 8689790016 1265096364 147 10952520 1299398944
======================
   8      16 sdb 18030478 214922 1613152506 34361492 26673908 276002170 8690762816 1265238176 135 10953524 1299540904
======================
   8      16 sdb 18030478 214922 1613152506 34361492 26675809 276002170 8691736128 1265379468 154 10954524 1299681560
======================
   8      16 sdb 18030479 214922 1613152514 34361556 26677173 276002170 8692434496 1265475236 150 10955528 1299821320
======================
   8      16 sdb 18030479 214922 1613152514 34361556 26679633 276002170 8693694016 1265659436 137 10956532 1299962028
======================
   8      16 sdb 18030479 214922 1613152514 34361556 26681553 276002170 8694677056 1265801292 137 10957536 1300104160
======================
   8      16 sdb 18030479 214922 1613152514 34361556 26683475 276002170 8695661120 1265943372 135 10958540 1300246176
======================
   8      16 sdb 18030480 214922 1613152522 34361640 26685368 276002170 8696630336 1266078460 134 10959540 1300380900
======================
   8      16 sdb 18030480 214922 1613152522 34361640 26686914 276002170 8697421888 1266194668 156 10960544 1300525524
======================
   8      16 sdb 18030480 214922 1613152522 34361640 26689173 276002170 8698578496 1266365880 156 10961548 1300668372
======================
   8      16 sdb 18030480 214922 1613152522 34361640 26691091 276002170 8699560512 1266508024 142 10962552 1300810580
======================
   8      16 sdb 18030481 214922 1613152530 34361728 26693007 276002261 8700540592 1266641880 152 10963556 1300942224
======================
   8      16 sdb 18030481 214922 1613152530 34361728 26694920 276002261 8701518664 1266781292 132 10964560 1301084004
======================
   8      16 sdb 18030481 214922 1613152530 34361728 26696830 276002261 8702496584 1266922860 137 10965560 1301225468
======================
   8      16 sdb 18030481 214922 1613152530 34361728 26698744 276002261 8703476552 1267065516 143 10966564 1301368028
======================
   8      16 sdb 18030482 214922 1613152538 34361808 26700636 276002327 8704444752 1267200024 133 10967568 1301502572
======================
   8      16 sdb 18030482 214922 1613152538 34361808 26702548 276002349 8705420872 1267336548 133 10968572 1301639104
======================
   8      16 sdb 18030482 214922 1613152538 34361808 26704466 276002349 8706402888 1267477424 135 10969576 1301780096
======================
   8      16 sdb 18030482 214922 1613152538 34361808 26706385 276002349 8707385416 1267619372 136 10970580 1301921616
======================
   8      16 sdb 18030483 214922 1613152546 34361880 26708303 276002349 8708366928 1267753752 150 10971580 1302056636
======================
   8      16 sdb 18030483 214922 1613152546 34361880 26710213 276002349 8709344848 1267896504 128 10972584 1302199396
======================
   8      16 sdb 18030483 214922 1613152546 34361880 26712118 276002372 8710319384 1268032560 138 10973588 1302335308
======================
   8      16 sdb 18030483 214922 1613152546 34361880 26714007 276002372 8711286552 1268174732 144 10974592 1302477584
======================
   8      16 sdb 18030484 214922 1613152554 34361960 26715662 276002372 8712133912 1268289948 152 10975596 1302613504
======================
   8      16 sdb 18030484 214922 1613152554 34361960 26717832 276002372 8713244952 1268454004 133 10976600 1302757004
======================
   8      16 sdb 18030484 214922 1613152554 34361960 26719745 276002372 8714224408 1268596152 140 10977604 1302899180
======================
   8      16 sdb 18030484 214922 1613152554 34361960 26721665 276002395 8715206624 1268732592 147 10978608 1303035616
======================
   8      16 sdb 18030485 214922 1613152562 34362040 26722862 276002460 8715813440 1268812844 0 10979224 1303110444
======================
   8      16 sdb 18030485 214922 1613152562 34362040 26722862 276002460 8715813440 1268812844 0 10979224 1303110444
======================
   8      16 sdb 18030485 214922 1613152562 34362040 26722862 276002460 8715813440 1268812844 0 10979224 1303110444
======================
   8      16 sdb 18030485 214922 1613152562 34362040 26722862 276002460 8715813440 1268812844 0 10979224 1303110444
======================
   8      16 sdb 18030485 214922 1613152562 34362040 26722862 276002460 8715813440 1268812844 0 10979224 1303110444
======================
   8      16 sdb 18030485 214922 1613152562 34362040 26722862 276002460 8715813440 1268812844 0 10979224 1303110444
======================
   8      16 sdb 18030607 214922 1613153532 34362448 26722879 276002460 8715813504 1268812844 0 10979228 1303110852
started
======================
   8      16 sdb 18034107 214922 1614047748 34363780 26722879 276002460 8715813504 1268812844 1 10980080 1303112184
======================
   8      16 sdb 18044622 214925 1615032332 34386012 26722879 276002460 8715813504 1268812844 33 10981084 1303134968
======================
   8      16 sdb 18059464 214926 1616030668 34418624 26722879 276002460 8715813504 1268812844 33 10982088 1303167476
======================
   8      16 sdb 18075117 214926 1617032460 34449960 26722879 276002460 8715813504 1268812844 32 10983088 1303199764
======================
   8      16 sdb 18090954 214926 1618047372 34481536 26722879 276002460 8715813504 1268812844 33 10984092 1303232336
======================
   8      16 sdb 18106877 214926 1619069612 34513248 26722882 276002462 8715813544 1268812844 32 10985108 1303265152
======================
   8      16 sdb 18122467 214927 1620081452 34548388 26722882 276002462 8715813544 1268812844 33 10986108 1303297572
======================
   8      16 sdb 18138036 214928 1621093772 34581060 26722882 276002462 8715813544 1268812844 33 10987112 1303331040
======================
   8      16 sdb 18153592 214929 1622105740 34614840 26722882 276002462 8715813544 1268812844 33 10988116 1303363920
======================
   8      16 sdb 18168941 214930 1623104812 34647092 26722882 276002462 8715813544 1268812844 33 10989120 1303396584
======================
   8      16 sdb 18183855 214931 1624106988 34680324 26722882 276002462 8715813544 1268812844 32 10990124 1303429244
======================
   8      16 sdb 18199337 214931 1625107564 34711768 26722882 276002462 8715813544 1268812844 33 10991132 1303461848
======================
   8      16 sdb 18215014 214931 1626126572 34743228 26722882 276002462 8715813544 1268812844 33 10992136 1303494308
======================
   8      16 sdb 18230721 214931 1627145708 34774732 26722882 276002462 8715813544 1268812844 32 10993140 1303526748
======================
   8      16 sdb 18246171 214931 1628161484 34809884 26722882 276002462 8715813544 1268812844 32 10994144 1303559320
======================
   8      16 sdb 18261201 214932 1629167340 34842584 26722882 276002462 8715813544 1268812844 34 10995148 1303593744
======================
   8      16 sdb 18276183 214932 1630170988 34877568 26722882 276002462 8715813544 1268812844 33 10996156 1303627768
======================
   8      16 sdb 18291544 214932 1631179852 34909124 26722882 276002462 8715813544 1268812844 34 10997160 1303661380
======================
   8      16 sdb 18306890 214932 1632192428 34940704 26722882 276002462 8715813544 1268812844 34 10998160 1303694860
======================
   8      16 sdb 18322067 214932 1633206444 34979504 26722882 276002462 8715813544 1268812844 32 10999164 1303728280
======================
   8      16 sdb 18336909 214932 1634210636 35012232 26722882 276002462 8715813544 1268812844 34 11000168 1303761084
======================
   8      16 sdb 18352198 214932 1635229420 35043020 26722882 276002462 8715813544 1268812844 35 11001172 1303793912
======================
   8      16 sdb 18367480 214932 1636249900 35073712 26722882 276002462 8715813544 1268812844 32 11002176 1303826560
======================
   8      16 sdb 18382676 214932 1637271180 35104316 26722882 276002462 8715813544 1268812844 32 11003184 1303859344
======================
   8      16 sdb 18397252 214933 1638262572 35142784 26722882 276002462 8715813544 1268812844 35 11004188 1303892624
======================
   8      16 sdb 18412006 214934 1639264460 35176840 26722882 276002462 8715813544 1268812844 33 11005188 1303925948
======================
   8      16 sdb 18427095 214934 1640285900 35208600 26722882 276002462 8715813544 1268812844 32 11006192 1303958688
======================
   8      16 sdb 18441934 214934 1641298956 35242956 26722882 276002462 8715813544 1268812844 32 11007196 1303991652
======================
   8      16 sdb 18456688 214935 1642316620 35275680 26722882 276002462 8715813544 1268812844 35 11008200 1304024492
======================
   8      16 sdb 18471275 214936 1643328940 35310656 26722882 276002462 8715813544 1268812844 34 11009204 1304059408
======================
   8      16 sdb 18485938 214936 1644347372 35343096 26722882 276002462 8715813544 1268812844 35 11010208 1304092344
======================
   8      16 sdb 18500445 214937 1645353964 35377584 26722882 276002462 8715813544 1268812844 34 11011212 1304126436
======================
   8      16 sdb 18514797 214937 1646357196 35409664 26722882 276002462 8715813544 1268812844 34 11012216 1304160392
======================
   8      16 sdb 18529279 214938 1647368588 35443964 26722882 276002462 8715813544 1268812844 35 11013220 1304194528
======================
   8      16 sdb 18543813 214938 1648384620 35478184 26722882 276002462 8715813544 1268812844 34 11014220 1304228452
======================
   8      16 sdb 18558267 214938 1649402092 35512236 26722884 276002462 8715813560 1268812844 31 11015224 1304261620
======================
   8      16 sdb 18572711 214938 1650420364 35545176 26722884 276002462 8715813560 1268812844 32 11016232 1304294636
======================
   8      16 sdb 18586988 214938 1651435436 35578612 26722884 276002462 8715813560 1268812844 33 11017236 1304328568
======================
   8      16 sdb 18601240 214939 1652445964 35612976 26722884 276002462 8715813560 1268812844 36 11018240 1304363748
======================
   8      16 sdb 18615197 214940 1653442796 35649980 26722884 276002462 8715813560 1268812844 33 11019244 1304399228
======================
   8      16 sdb 18629316 214940 1654452556 35683536 26722884 276002462 8715813560 1268812844 35 11020244 1304433072
======================
   8      16 sdb 18643366 214940 1655466860 35719340 26722884 276002462 8715813560 1268812844 34 11021248 1304468244
======================
   8      16 sdb 18657473 214940 1656487500 35753332 26722884 276002462 8715813560 1268812844 34 11022252 1304502244
======================
   8      16 sdb 18671660 214940 1657511244 35786920 26722884 276002462 8715813560 1268812844 36 11023252 1304535924
======================
   8      16 sdb 18685949 214940 1658537324 35820024 26722884 276002462 8715813560 1268812844 34 11024256 1304569736
======================
   8      16 sdb 18699721 214940 1659543628 35854036 26722884 276002462 8715813560 1268812844 37 11025268 1304605120
======================
   8      16 sdb 18713565 214940 1660558156 35889168 26722884 276002462 8715813560 1268812844 35 11026272 1304640072
======================
   8      16 sdb 18727437 214940 1661570988 35924320 26722884 276002462 8715813560 1268812844 32 11027276 1304675048
======================
   8      16 sdb 18741331 214940 1662584876 35959312 26722884 276002462 8715813560 1268812844 33 11028280 1304710056
======================
   8      16 sdb 18755219 214940 1663607596 35994484 26722884 276002462 8715813560 1268812844 36 11029280 1304744268
======================
   8      16 sdb 18769075 214940 1664629772 36029144 26722884 276002462 8715813560 1268812844 36 11030284 1304778840
======================
   8      16 sdb 18782910 214940 1665650124 36063884 26722884 276002462 8715813560 1268812844 33 11031288 1304814020
======================
   8      16 sdb 18796258 214940 1666648300 36099736 26722884 276002462 8715813560 1268812844 34 11032292 1304849292
======================
   8      16 sdb 18810014 214940 1667670476 36134456 26722884 276002462 8715813560 1268812844 33 11033296 1304883960
======================
   8      16 sdb 18823601 214941 1668675308 36169340 26722884 276002462 8715813560 1268812844 35 11034296 1304918908
======================
   8      16 sdb 18837178 214941 1669686508 36205496 26722884 276002462 8715813560 1268812844 34 11035300 1304954732
======================
   8      16 sdb 18850858 214941 1670707596 36240288 26722884 276002462 8715813560 1268812844 35 11036304 1304989600
======================
   8      16 sdb 18864498 214941 1671731468 36276544 26722884 276002462 8715813560 1268812844 36 11037304 1305025812
======================
   8      16 sdb 18878187 214941 1672758476 36311020 26722884 276002462 8715813560 1268812844 36 11038308 1305062060
======================
   8      16 sdb 18891744 214942 1673782860 36347432 26722884 276002462 8715813560 1268812844 39 11039316 1305097540
======================
   8      16 sdb 18905028 214942 1674785484 36383084 26722884 276002462 8715813560 1268812844 37 11040320 1305133916
======================
   8      16 sdb 18918389 214942 1675792076 36419616 26722884 276002462 8715813560 1268812844 34 11041324 1305169664
