======================
   8      16 sdb 10832548 7067 1886608216 15058352 35936340 86911601 11533803064 1594023752 0 14468872 1609207156
======================
   8      16 sdb 10832548 7067 1886608216 15058352 35936340 86911601 11533803064 1594023752 0 14468872 1609207156
======================
   8      16 sdb 10832548 7067 1886608216 15058352 35936340 86911601 11533803064 1594023752 0 14468872 1609207156
======================
   8      16 sdb 10832548 7067 1886608216 15058352 35936340 86911601 11533803064 1594023752 0 14468872 1609207156
======================
   8      16 sdb 10832548 7067 1886608216 15058352 35936340 86911601 11533803064 1594023752 0 14468872 1609207156
======================
   8      16 sdb 10832548 7067 1886608216 15058352 35936340 86911601 11533803064 1594023752 0 14468872 1609207156
======================
   8      16 sdb 10832548 7067 1886608216 15058352 35936340 86911601 11533803064 1594023752 0 14468872 1609207156
======================
   8      16 sdb 10832548 7067 1886608216 15058352 35936340 86911601 11533803064 1594023752 0 14468872 1609207156
======================
   8      16 sdb 10832548 7067 1886608216 15058352 35936340 86911601 11533803064 1594023752 0 14468872 1609207156
======================
   8      16 sdb 10832548 7067 1886608216 15058352 35936340 86911601 11533803064 1594023752 0 14468872 1609207156
======================
   8      16 sdb 10832548 7067 1886608216 15058352 35936340 86911601 11533803064 1594023752 0 14468872 1609207156
======================
   8      16 sdb 10832548 7067 1886608216 15058352 35936340 86911601 11533803064 1594023752 0 14468872 1609207156
======================
   8      16 sdb 10832548 7067 1886608216 15058352 35936340 86911601 11533803064 1594023752 0 14468872 1609207156
======================
   8      16 sdb 10832548 7067 1886608216 15058352 35936340 86911601 11533803064 1594023752 0 14468872 1609207156
======================
   8      16 sdb 10832548 7067 1886608216 15058352 35936340 86911601 11533803064 1594023752 0 14468872 1609207156
======================
   8      16 sdb 10832548 7067 1886608216 15058352 35936340 86911601 11533803064 1594023752 0 14468872 1609207156
======================
   8      16 sdb 10832548 7067 1886608216 15058352 35936340 86911601 11533803064 1594023752 0 14468872 1609207156
======================
   8      16 sdb 10832548 7067 1886608216 15058352 35936340 86911601 11533803064 1594023752 0 14468872 1609207156
======================
   8      16 sdb 10832548 7067 1886608216 15058352 35936340 86911601 11533803064 1594023752 0 14468872 1609207156
======================
   8      16 sdb 10832548 7067 1886608216 15058352 35936340 86911601 11533803064 1594023752 0 14468872 1609207156
======================
   8      16 sdb 10832548 7067 1886608216 15058352 35936340 86911601 11533803064 1594023752 0 14468872 1609207156
======================
   8      16 sdb 10832548 7067 1886608216 15058352 35936340 86911601 11533803064 1594023752 0 14468872 1609207156
======================
   8      16 sdb 10832548 7067 1886608216 15058352 35936340 86911601 11533803064 1594023752 0 14468872 1609207156
======================
   8      16 sdb 10832548 7067 1886608216 15058352 35936340 86911601 11533803064 1594023752 0 14468872 1609207156
======================
   8      16 sdb 10832548 7067 1886608216 15058352 35936340 86911601 11533803064 1594023752 0 14468872 1609207156
======================
   8      16 sdb 10832548 7067 1886608216 15058352 35936340 86911601 11533803064 1594023752 0 14468872 1609207156
======================
   8      16 sdb 10832548 7067 1886608216 15058352 35936340 86911601 11533803064 1594023752 0 14468872 1609207156
======================
   8      16 sdb 10832548 7067 1886608216 15058352 35936340 86911601 11533803064 1594023752 0 14468872 1609207156
======================
   8      16 sdb 10832548 7067 1886608216 15058352 35936340 86911601 11533803064 1594023752 0 14468872 1609207156
======================
   8      16 sdb 10832548 7067 1886608216 15058352 35936340 86911601 11533803064 1594023752 0 14468872 1609207156
======================
   8      16 sdb 10832548 7067 1886608216 15058352 35936340 86911601 11533803064 1594023752 0 14468872 1609207156
======================
   8      16 sdb 10832548 7067 1886608216 15058352 35936340 86911601 11533803064 1594023752 0 14468872 1609207156
======================
   8      16 sdb 10832548 7067 1886608216 15058352 35936340 86911601 11533803064 1594023752 0 14468872 1609207156
======================
   8      16 sdb 10832548 7067 1886608216 15058352 35936340 86911601 11533803064 1594023752 0 14468872 1609207156
======================
   8      16 sdb 10832548 7067 1886608216 15058352 35936340 86911601 11533803064 1594023752 0 14468872 1609207156
======================
   8      16 sdb 10832548 7067 1886608216 15058352 35936340 86911601 11533803064 1594023752 0 14468872 1609207156
======================
   8      16 sdb 10832548 7067 1886608216 15058352 35936340 86911601 11533803064 1594023752 0 14468872 1609207156
======================
   8      16 sdb 10832548 7067 1886608216 15058352 35936340 86911601 11533803064 1594023752 0 14468872 1609207156
======================
   8      16 sdb 10832548 7067 1886608216 15058352 35936340 86911601 11533803064 1594023752 0 14468872 1609207156
======================
   8      16 sdb 10832548 7067 1886608216 15058352 35936340 86911601 11533803064 1594023752 0 14468872 1609207156
======================
   8      16 sdb 10832548 7067 1886608216 15058352 35936340 86911601 11533803064 1594023752 0 14468872 1609207156
======================
   8      16 sdb 10832548 7067 1886608216 15058352 35936340 86911601 11533803064 1594023752 0 14468872 1609207156
======================
   8      16 sdb 10832548 7067 1886608216 15058352 35936340 86911601 11533803064 1594023752 0 14468872 1609207156
======================
   8      16 sdb 10832548 7067 1886608216 15058352 35936340 86911601 11533803064 1594023752 0 14468872 1609207156
======================
   8      16 sdb 10832548 7067 1886608216 15058352 35936340 86911601 11533803064 1594023752 0 14468872 1609207156
======================
   8      16 sdb 10832548 7067 1886608216 15058352 35936340 86911601 11533803064 1594023752 0 14468872 1609207156
======================
   8      16 sdb 10832548 7067 1886608216 15058352 35936340 86911601 11533803064 1594023752 0 14468872 1609207156
======================
   8      16 sdb 10832548 7067 1886608216 15058352 35936340 86911601 11533803064 1594023752 0 14468872 1609207156
======================
   8      16 sdb 10832548 7067 1886608216 15058352 35936340 86911601 11533803064 1594023752 0 14468872 1609207156
======================
   8      16 sdb 10832548 7067 1886608216 15058352 35936340 86911601 11533803064 1594023752 0 14468872 1609207156
======================
   8      16 sdb 10832548 7067 1886608216 15058352 35936340 86911601 11533803064 1594023752 0 14468872 1609207156
======================
   8      16 sdb 10832548 7067 1886608216 15058352 35936340 86911601 11533803064 1594023752 0 14468872 1609207156
======================
   8      16 sdb 10832548 7067 1886608216 15058352 35936340 86911601 11533803064 1594023752 0 14468872 1609207156
======================
   8      16 sdb 10832548 7067 1886608216 15058352 35936340 86911601 11533803064 1594023752 0 14468872 1609207156
======================
   8      16 sdb 10832548 7067 1886608216 15058352 35936340 86911601 11533803064 1594023752 0 14468872 1609207156
======================
   8      16 sdb 10832548 7067 1886608216 15058352 35936340 86911601 11533803064 1594023752 0 14468872 1609207156
======================
   8      16 sdb 10832548 7067 1886608216 15058352 35936340 86911601 11533803064 1594023752 0 14468872 1609207156
======================
   8      16 sdb 10832548 7067 1886608216 15058352 35936340 86911601 11533803064 1594023752 0 14468872 1609207156
======================
   8      16 sdb 10832548 7067 1886608216 15058352 35936340 86911601 11533803064 1594023752 0 14468872 1609207156
======================
   8      16 sdb 10832548 7067 1886608216 15058352 35936340 86911601 11533803064 1594023752 0 14468872 1609207156
======================
   8      16 sdb 10832549 7067 1886608218 15058352 35936340 86911601 11533803064 1594023752 0 14468872 1609207156
======================
   8      16 sdb 10832549 7067 1886608218 15058352 35936340 86911601 11533803064 1594023752 0 14468872 1609207156
======================
   8      16 sdb 10832549 7067 1886608218 15058352 35936340 86911601 11533803064 1594023752 0 14468872 1609207156
======================
started
   8      16 sdb 10832549 7067 1886608218 15058352 35936340 86911601 11533803064 1594023752 0 14468872 1609207156
======================
   8      16 sdb 10832549 7067 1886608218 15058352 35936340 86911601 11533803064 1594023752 0 14468872 1609207156
======================
   8      16 sdb 10832549 7067 1886608218 15058352 35936340 86911601 11533803064 1594023752 0 14468872 1609207156
======================
   8      16 sdb 10832549 7067 1886608218 15058352 35936340 86911601 11533803064 1594023752 0 14468872 1609207156
======================
   8      16 sdb 10832549 7067 1886608218 15058352 35936340 86911601 11533803064 1594023752 0 14468872 1609207156
