======================
   8      32 sdc 747150 9 175838166 4338124 8980736 7823361 3649008960 1828370060 0 14209176 1833513544
======================
   8      32 sdc 747150 9 175838166 4338124 8980736 7823361 3649008960 1828370060 0 14209176 1833513544
======================
   8      32 sdc 747150 9 175838166 4338124 8980736 7823361 3649008960 1828370060 0 14209176 1833513544
======================
   8      32 sdc 747150 9 175838166 4338124 8980736 7823361 3649008960 1828370060 0 14209176 1833513544
======================
   8      32 sdc 747150 9 175838166 4338124 8981568 7823362 3649064448 1828370460 161 14209960 1833637732
======================
   8      32 sdc 747151 9 175838174 4339600 8982401 7823362 3649119696 1828646248 160 14210964 1833794536
======================
   8      32 sdc 747151 9 175838174 4339600 8985206 7823362 3649307736 1828788380 139 14211968 1833939068
======================
   8      32 sdc 747151 9 175838174 4339600 8985673 7823362 3649339032 1828816700 153 14212972 1834090684
======================
   8      32 sdc 747151 9 175838174 4339600 8985674 7823362 3649339040 1828819068 152 14213976 1834243388
======================
   8      32 sdc 747153 9 175838190 4342164 8985674 7823362 3649339040 1828819068 152 14214980 1834395996
======================
   8      32 sdc 747266 9 175839094 4343416 8986026 7823362 3649362144 1829367984 152 14215984 1834544736
======================
   8      32 sdc 747442 9 175840502 4344352 8986618 7823362 3649401312 1829525948 136 14216988 1834687884
======================
   8      32 sdc 747621 9 175841934 4345388 8987233 7823661 3649444584 1829648624 135 14217992 1834827844
======================
   8      32 sdc 747684 9 175842438 4346244 8991145 7823936 3649849192 1829804400 139 14218996 1834957136
======================
   8      32 sdc 747684 9 175842438 4346244 8993337 7823937 3650095528 1829940236 155 14219996 1835100208
======================
   8      32 sdc 747684 9 175842438 4346244 8994081 7823937 3650200744 1830076160 147 14221000 1835244156
======================
   8      32 sdc 747684 9 175842438 4346244 8994486 7823937 3650255976 1830219504 158 14222004 1835387668
======================
   8      32 sdc 747684 9 175842438 4346244 8994920 7824142 3650308728 1830332340 145 14223008 1835532360
======================
   8      32 sdc 747684 9 175842438 4346244 8995357 7824325 3650352864 1830475612 156 14224012 1835679016
======================
   8      32 sdc 747684 9 175842438 4346244 8995673 7824325 3650394200 1830635936 128 14225016 1835821820
======================
   8      32 sdc 747684 9 175842438 4346244 8996054 7824325 3650448152 1830775220 132 14226020 1835960996
======================
   8      32 sdc 747684 9 175842438 4346244 8996544 7824325 3650498648 1830915752 154 14227024 1836104836
======================
   8      32 sdc 747684 9 175842438 4346244 8997031 7824328 3650545728 1831072728 149 14228028 1836249128
======================
   8      32 sdc 747684 9 175842438 4346244 8997471 7824328 3650599616 1831224476 157 14229032 1836392316
======================
   8      32 sdc 747684 9 175842438 4346244 8997831 7824328 3650652480 1831364164 149 14230032 1836535908
======================
   8      32 sdc 747684 9 175842438 4346244 8998253 7824328 3650707392 1831478080 143 14231036 1836680668
======================
   8      32 sdc 747684 9 175842438 4346244 8998745 7824328 3650752768 1831634028 131 14232040 1836824296
======================
   8      32 sdc 747684 9 175842438 4346244 8999044 7824332 3650791344 1831753748 154 14233044 1836972464
======================
   8      32 sdc 747684 9 175842438 4346244 8999613 7824332 3650858224 1831948052 144 14234048 1837117424
======================
   8      32 sdc 747684 9 175842438 4346244 8999985 7824332 3650911544 1832094792 156 14235052 1837262516
======================
   8      32 sdc 747684 9 175842438 4346244 9000367 7824332 3650946488 1832193736 158 14236056 1837408620
======================
   8      32 sdc 747684 9 175842438 4346244 9000809 7824332 3650995576 1832382272 132 14237056 1837552652
======================
   8      32 sdc 747684 9 175842438 4346244 9001199 7824335 3651050336 1832530864 128 14238060 1837697544
======================
   8      32 sdc 747684 9 175842438 4346244 9001592 7824335 3651105056 1832636380 151 14239064 1837842036
======================
   8      32 sdc 747684 9 175842438 4346244 9002016 7824335 3651149728 1832823116 129 14240068 1837980884
======================
   8      32 sdc 747684 9 175842438 4346244 9002545 7824335 3651198368 1832953460 144 14241072 1838125020
======================
   8      32 sdc 747684 9 175842438 4346244 9002978 7824335 3651253792 1833101788 156 14242076 1838268664
======================
   8      32 sdc 747684 9 175842438 4346244 9003397 7824339 3651309968 1833243672 158 14243080 1838412856
======================
   8      32 sdc 747684 9 175842438 4346244 9003802 7824339 3651365584 1833366752 137 14244084 1838556812
======================
   8      32 sdc 747684 9 175842438 4346244 9004248 7824339 3651406360 1833519496 139 14245084 1838698552
======================
   8      32 sdc 747684 9 175842438 4346244 9004730 7824339 3651456280 1833673212 137 14246088 1838842032
======================
   8      32 sdc 747684 9 175842438 4346244 9005158 7824339 3651513048 1833817728 157 14247092 1838985692
======================
   8      32 sdc 747684 9 175842438 4346244 9005519 7824342 3651557440 1833902988 135 14248096 1839125288
======================
   8      32 sdc 747684 9 175842438 4346244 9005846 7824342 3651587328 1834050448 67 14249100 1839238068
======================
   8      32 sdc 747684 9 175842438 4346244 9005846 7824342 3651587328 1834050448 67 14250104 1839305336
======================
   8      32 sdc 747684 9 175842438 4346244 9005846 7824342 3651587328 1834050448 67 14251108 1839372604
======================
   8      32 sdc 747685 9 175842446 4348852 9007158 7824342 3651760512 1834329640 151 14252108 1839503920
======================
   8      32 sdc 747685 9 175842446 4348852 9007633 7824349 3651809224 1834450392 158 14253112 1839647412
======================
   8      32 sdc 747685 9 175842446 4348852 9008091 7824349 3651864600 1834602476 148 14254116 1839790596
======================
   8      32 sdc 747685 9 175842446 4348852 9008529 7824349 3651909600 1834764508 158 14255120 1839935860
======================
   8      32 sdc 747685 9 175842446 4348852 9008870 7824349 3651960672 1834913920 137 14256120 1840080948
======================
   8      32 sdc 747685 9 175842446 4348852 9009304 7824349 3652008352 1835027372 151 14257124 1840223784
======================
   8      32 sdc 747685 9 175842446 4348852 9011109 7824353 3652223568 1835209272 140 14258128 1840368156
======================
   8      32 sdc 747685 9 175842446 4348852 9012743 7824353 3652418192 1835340128 138 14259132 1840511652
======================
   8      32 sdc 747685 9 175842446 4348852 9014697 7824353 3652646608 1835496336 136 14260136 1840655376
======================
   8      32 sdc 747685 9 175842446 4348852 9016118 7824353 3652825168 1835633108 155 14261140 1840801260
======================
   8      32 sdc 747685 9 175842446 4348852 9017495 7824353 3652990160 1835752756 154 14262140 1840946572
======================
   8      32 sdc 747685 9 175842446 4348852 9019710 7824360 3653258272 1835932920 148 14263144 1841090952
======================
   8      32 sdc 747685 9 175842446 4348852 9020482 7824360 3653310176 1836055012 144 14264148 1841235492
======================
   8      32 sdc 747685 9 175842446 4348852 9020636 7824360 3653360480 1836152356 150 14265152 1841379132
======================
   8      32 sdc 747685 9 175842446 4348852 9020998 7824360 3653408352 1836350892 140 14266156 1841521772
======================
   8      32 sdc 747685 9 175842446 4348852 9021586 7824365 3653447456 1836494712 129 14267160 1841665152
======================
   8      32 sdc 747685 9 175842446 4348852 9021846 7824365 3653507288 1836565644 129 14268164 1841794944
======================
   8      32 sdc 747685 9 175842446 4348852 9022404 7824365 3653558936 1836766876 147 14269168 1841938752
======================
   8      32 sdc 747685 9 175842446 4348852 9022795 7824365 3653616032 1836874196 140 14270172 1842082388
======================
   8      32 sdc 747685 9 175842446 4348852 9023287 7824365 3653660960 1837052544 128 14271176 1842225664
======================
   8      32 sdc 747685 9 175842446 4348852 9023695 7824370 3653711584 1837160988 137 14272176 1842369268
======================
   8      32 sdc 747685 9 175842446 4348852 9024056 7824370 3653747928 1837342320 129 14273180 1842514628
======================
   8      32 sdc 747685 9 175842446 4348852 9024437 7824370 3653800792 1837445140 128 14274184 1842653652
======================
   8      32 sdc 747685 9 175842446 4348852 9024911 7824370 3653849760 1837608572 134 14275188 1842797224
======================
   8      32 sdc 747685 9 175842446 4348852 9025384 7824370 3653900128 1837770308 141 14276192 1842940852
======================
   8      32 sdc 747685 9 175842446 4348852 9025813 7824374 3653957024 1837912584 129 14277192 1843084320
======================
   8      32 sdc 747685 9 175842446 4348852 9026236 7824374 3654008912 1838026628 155 14278200 1843228636
======================
   8      32 sdc 747685 9 175842446 4348852 9026677 7824374 3654056080 1838205136 136 14279204 1843377232
======================
   8      32 sdc 747685 9 175842446 4348852 9027156 7824374 3654102992 1838356912 137 14280208 1843520444
======================
   8      32 sdc 747685 9 175842446 4348852 9027591 7824374 3654160592 1838492808 150 14281208 1843664560
======================
   8      32 sdc 747685 9 175842446 4348852 9027998 7824378 3654216400 1838637308 160 14282212 1843808848
======================
   8      32 sdc 747685 9 175842446 4348852 9028412 7824378 3654272256 1838755144 131 14283216 1843953064
======================
   8      32 sdc 747685 9 175842446 4348852 9028882 7824378 3654307784 1838916516 141 14284220 1844096604
======================
   8      32 sdc 747685 9 175842446 4348852 9029173 7824378 3654351368 1839065308 138 14285224 1844239776
======================
   8      32 sdc 747685 9 175842446 4348852 9029610 7824378 3654402248 1839179376 151 14286228 1844383804
======================
   8      32 sdc 747685 9 175842446 4348852 9030037 7824382 3654445640 1839339912 141 14287232 1844528904
======================
   8      32 sdc 747685 9 175842446 4348852 9030421 7824382 3654491128 1839492844 142 14288236 1844672192
======================
   8      32 sdc 747685 9 175842446 4348852 9030800 7824382 3654544824 1839644172 147 14289240 1844816060
======================
   8      32 sdc 747685 9 175842446 4348852 9031245 7824382 3654595896 1839774464 150 14290244 1844960056
======================
   8      32 sdc 747685 9 175842446 4348852 9031619 7824382 3654640312 1839885740 128 14291248 1845101028
======================
   8      32 sdc 747685 9 175842446 4348852 9032103 7824386 3654695520 1840068860 158 14292252 1845246372
======================
   8      32 sdc 747685 9 175842446 4348852 9032559 7824386 3654747816 1840214876 150 14293256 1845391384
======================
   8      32 sdc 747685 9 175842446 4348852 9032990 7824386 3654798312 1840358564 135 14294260 1845535532
======================
   8      32 sdc 747685 9 175842446 4348852 9033445 7824386 3654849832 1840503104 128 14295260 1845679544
======================
   8      32 sdc 747685 9 175842446 4348852 9033777 7824386 3654900392 1840649244 148 14296264 1845823188
======================
   8      32 sdc 747685 9 175842446 4348852 9034154 7824391 3654935080 1840782000 156 14297268 1845969540
======================
   8      32 sdc 747685 9 175842446 4348852 9034487 7824391 3654976288 1840905216 144 14298272 1846113720
======================
   8      32 sdc 747685 9 175842446 4348852 9035073 7824391 3655039528 1841091568 157 14299276 1846258996
======================
   8      32 sdc 747685 9 175842446 4348852 9035533 7824391 3655088424 1841228904 145 14300276 1846401828
======================
   8      32 sdc 747685 9 175842446 4348852 9035999 7824391 3655140776 1841367428 159 14301280 1846546084
======================
   8      32 sdc 747685 9 175842446 4348852 9036405 7824395 3655190544 1841512812 138 14302284 1846690440
======================
   8      32 sdc 747685 9 175842446 4348852 9036784 7824395 3655243096 1841661516 144 14303288 1846834308
======================
   8      32 sdc 747685 9 175842446 4348852 9037083 7824395 3655289368 1841761528 133 14304292 1846976224
======================
   8      32 sdc 747685 9 175842446 4348852 9037550 7824395 3655349336 1841921132 146 14305296 1847121368
======================
   8      32 sdc 747685 9 175842446 4348852 9038069 7824395 3655398360 1842078696 139 14306300 1847264752
======================
   8      32 sdc 747685 9 175842446 4348852 9038506 7824400 3655443928 1842236960 107 14307304 1847407004
======================
   8      32 sdc 747685 9 175842446 4348852 9038815 7824400 3655492816 1842370740 131 14308308 1847544788
======================
   8      32 sdc 747685 9 175842446 4348852 9039163 7824401 3655525456 1842496764 135 14309312 1847691708
======================
   8      32 sdc 747685 9 175842446 4348852 9039587 7824401 3655572944 1842661920 159 14310312 1847834420
======================
   8      32 sdc 747685 9 175842446 4348852 9039962 7824401 3655619224 1842807436 136 14311316 1847978528
======================
   8      32 sdc 747685 9 175842446 4348852 9040374 7824405 3655668568 1842948480 141 14312320 1848122780
======================
   8      32 sdc 747685 9 175842446 4348852 9040790 7824405 3655717320 1843090200 142 14313324 1848267032
======================
   8      32 sdc 747685 9 175842446 4348852 9041193 7824405 3655765960 1843229892 155 14314328 1848410104
======================
   8      32 sdc 747685 9 175842446 4348852 9041726 7824405 3655822664 1843394928 134 14315328 1848552776
======================
   8      32 sdc 747685 9 175842446 4348852 9043596 7824406 3656054024 1843533148 152 14316332 1848695948
======================
   8      32 sdc 747685 9 175842446 4348852 9045479 7824411 3656279992 1843680960 158 14317336 1848839088
======================
   8      32 sdc 747685 9 175842446 4348852 9047378 7824412 3656505040 1843817692 147 14318340 1848983492
======================
   8      32 sdc 747685 9 175842446 4348852 9049274 7824412 3656722768 1843961944 140 14319344 1849127528
======================
   8      32 sdc 747685 9 175842446 4348852 9051170 7824412 3656945808 1844112872 132 14320348 1849271256
======================
   8      32 sdc 747685 9 175842446 4348852 9052477 7824412 3657097552 1844228476 137 14321352 1849411548
======================
   8      32 sdc 747685 9 175842446 4348852 9052869 7824417 3657145168 1844347480 130 14322356 1849552408
======================
   8      32 sdc 747685 9 175842446 4348852 9052998 7824417 3657203152 1844446820 129 14323360 1849693976
======================
   8      32 sdc 747685 9 175842446 4348852 9053700 7824417 3657249288 1844662404 132 14324364 1849835152
======================
   8      32 sdc 747685 9 175842446 4348852 9054224 7824417 3657288584 1844796772 152 14325364 1849978956
======================
   8      32 sdc 747685 9 175842446 4348852 9054355 7824417 3657352072 1844890668 149 14326368 1850122652
======================
   8      32 sdc 747685 9 175842446 4348852 9054842 7824422 3657389880 1845091432 144 14327372 1850266656
======================
   8      32 sdc 747685 9 175842446 4348852 9055309 7824422 3657421248 1845216652 157 14328376 1850412924
======================
   8      32 sdc 747685 9 175842446 4348852 9055670 7824423 3657488080 1845378304 148 14329380 1850556576
======================
   8      32 sdc 747685 9 175842446 4348852 9056252 7824423 3657527696 1845529012 142 14330384 1850700800
======================
   8      32 sdc 747685 9 175842446 4348852 9056529 7824423 3657581840 1845668736 153 14331388 1850843724
======================
   8      32 sdc 747685 9 175842446 4348852 9057009 7824427 3657625552 1845796560 154 14332392 1850987960
======================
   8      32 sdc 747685 9 175842446 4348852 9057285 7824427 3657667136 1845932200 135 14333392 1851134188
======================
   8      32 sdc 747685 9 175842446 4348852 9057745 7824427 3657714688 1846074468 155 14334396 1851275904
======================
   8      32 sdc 747685 9 175842446 4348852 9058262 7824427 3657760512 1846246512 150 14335400 1851420580
======================
   8      32 sdc 747685 9 175842446 4348852 9058624 7824427 3657813056 1846386172 140 14336404 1851564012
======================
   8      32 sdc 747685 9 175842446 4348852 9058940 7824431 3657860544 1846496416 145 14337408 1851708116
======================
   8      32 sdc 747685 9 175842446 4348852 9059389 7824431 3657899376 1846665960 145 14338412 1851851636
======================
   8      32 sdc 747685 9 175842446 4348852 9059818 7824431 3657950000 1846822512 132 14339416 1851993248
======================
   8      32 sdc 747685 9 175842446 4348852 9060179 7824431 3658002680 1846963728 155 14340416 1852136596
======================
   8      32 sdc 747685 9 175842446 4348852 9060564 7824431 3658047352 1847069008 154 14341420 1852281684
======================
   8      32 sdc 747685 9 175842446 4348852 9061027 7824435 3658087328 1847251584 140 14342424 1852425420
======================
   8      32 sdc 747685 9 175842446 4348852 9061379 7824435 3658139496 1847397676 141 14343428 1852569832
======================
   8      32 sdc 747685 9 175842446 4348852 9061676 7824435 3658180712 1847496112 132 14344432 1852713248
======================
   8      32 sdc 747685 9 175842446 4348852 9062101 7824435 3658213992 1847647472 156 14345436 1852852892
======================
   8      32 sdc 747685 9 175842446 4348852 9062428 7824435 3658254056 1847814116 149 14346436 1852998184
======================
   8      32 sdc 747685 9 175842446 4348852 9062831 7824439 3658304104 1847962904 131 14347440 1853141564
======================
   8      32 sdc 747685 9 175842446 4348852 9063267 7824439 3658355736 1848107048 144 14348444 1853286584
======================
   8      32 sdc 747685 9 175842446 4348852 9063691 7824439 3658407384 1848247944 136 14349448 1853431084
======================
   8      32 sdc 747685 9 175842446 4348852 9064107 7824440 3658452952 1848395308 136 14350452 1853575012
======================
   8      32 sdc 747685 9 175842446 4348852 9064541 7824440 3658505368 1848531616 150 14351452 1853716384
======================
   8      32 sdc 747685 9 175842446 4348852 9064954 7824445 3658553672 1848677468 154 14352456 1853860984
======================
   8      32 sdc 747685 9 175842446 4348852 9065377 7824445 3658598928 1848825008 148 14353460 1854005616
======================
   8      32 sdc 747685 9 175842446 4348852 9065729 7824445 3658647576 1848964320 148 14354464 1854149720
======================
   8      32 sdc 747685 9 175842446 4348852 9066000 7824445 3658683224 1849078432 133 14355468 1854290412
======================
   8      32 sdc 747685 9 175842446 4348852 9066573 7824445 3658743000 1849255476 142 14356472 1854431104
======================
   8      32 sdc 747685 9 175842446 4348852 9066946 7824450 3658789400 1849400904 154 14357476 1854574832
======================
   8      32 sdc 747685 9 175842446 4348852 9067240 7824450 3658830344 1849548592 149 14358476 1854721332
======================
   8      32 sdc 747685 9 175842446 4348852 9067465 7824450 3658892872 1849639284 148 14359480 1854865856
======================
   8      32 sdc 747685 9 175842446 4348852 9067587 7824450 3658955336 1849772156 154 14360484 1855009088
======================
   8      32 sdc 747685 9 175842446 4348852 9067678 7824450 3659001928 1849879560 159 14361488 1855156352
======================
   8      32 sdc 747685 9 175842446 4348852 9067827 7824455 3659078216 1850065264 139 14362488 1855301620
======================
   8      32 sdc 747685 9 175842446 4348852 9067866 7824455 3659097720 1850108896 103 14363492 1855411064
======================
   8      32 sdc 747686 9 175842454 4350460 9068093 7824455 3659213944 1850335924 137 14364496 1855526856
======================
   8      32 sdc 747686 9 175842454 4350460 9068452 7824455 3659397752 1850499852 130 14365500 1855671544
======================
   8      32 sdc 747686 9 175842454 4350460 9069060 7824455 3659709048 1850640512 130 14366504 1855814256
======================
   8      32 sdc 747686 9 175842454 4350460 9069725 7824455 3660049528 1850786332 137 14367508 1855957936
======================
   8      32 sdc 747686 9 175842454 4350460 9070377 7824455 3660383352 1850929316 157 14368512 1856101008
======================
   8      32 sdc 747686 9 175842454 4350460 9071007 7824455 3660705912 1851071516 135 14369516 1856244220
======================
   8      32 sdc 747686 9 175842454 4350460 9071656 7824455 3661038200 1851216252 152 14370520 1856387592
======================
   8      32 sdc 747686 9 175842454 4350460 9072285 7824455 3661360248 1851353188 137 14371524 1856530856
======================
   8      32 sdc 747686 9 175842454 4350460 9072942 7824455 3661696632 1851499752 152 14372528 1856672280
======================
   8      32 sdc 747686 9 175842454 4350460 9073557 7824455 3662011512 1851643004 145 14373532 1856815760
======================
   8      32 sdc 747686 9 175842454 4350460 9074042 7824455 3662259832 1851751684 140 14374536 1856958688
======================
   8      32 sdc 747686 9 175842454 4350460 9074872 7824455 3662684792 1851928380 146 14375540 1857101472
======================
   8      32 sdc 747686 9 175842454 4350460 9075543 7824455 3663028344 1852073192 106 14376540 1857243068
======================
   8      32 sdc 747687 9 175842462 4350904 9076038 7824455 3663281784 1852175040 139 14377544 1857347736
======================
   8      32 sdc 747687 9 175842462 4350904 9076653 7824455 3663596664 1852318212 132 14378548 1857491028
======================
   8      32 sdc 747687 9 175842462 4350904 9077190 7824455 3663871608 1852443160 139 14379552 1857634344
======================
   8      32 sdc 747687 9 175842462 4350904 9077938 7824455 3664254584 1852605156 132 14380556 1857776868
======================
   8      32 sdc 747687 9 175842462 4350904 9078557 7824455 3664571512 1852750224 153 14381560 1857919332
======================
   8      32 sdc 747687 9 175842462 4350904 9079226 7824455 3664914040 1852890276 156 14382560 1858061908
======================
   8      32 sdc 747687 9 175842462 4350904 9079884 7824455 3665250936 1853033432 138 14383564 1858205232
======================
   8      32 sdc 747687 9 175842462 4350904 9080520 7824455 3665576568 1853176624 142 14384568 1858348848
======================
   8      32 sdc 747687 9 175842462 4350904 9081155 7824455 3665901688 1853319616 147 14385572 1858491972
======================
   8      32 sdc 747687 9 175842462 4350904 9081790 7824455 3666226808 1853462796 152 14386576 1858635284
======================
   8      32 sdc 747687 9 175842462 4350904 9082429 7824455 3666553976 1853608168 149 14387580 1858780168
======================
   8      32 sdc 747687 9 175842462 4350904 9083086 7824455 3666890360 1853751464 132 14388580 1858922960
======================
   8      32 sdc 747688 9 175842470 4351328 9083588 7824455 3667147384 1853853288 145 14389584 1859025824
======================
   8      32 sdc 747688 9 175842470 4351328 9084235 7824455 3667478648 1853996444 138 14390588 1859168896
======================
   8      32 sdc 747688 9 175842470 4351328 9084884 7824455 3667810936 1854140152 129 14391592 1859312252
======================
   8      32 sdc 747688 9 175842470 4351328 9085512 7824455 3668132472 1854279548 141 14392596 1859454764
======================
   8      32 sdc 747688 9 175842470 4351328 9086155 7824455 3668461688 1854424576 138 14393600 1859598212
======================
   8      32 sdc 747688 9 175842470 4351328 9086802 7824455 3668792952 1854569508 131 14394600 1859741132
======================
   8      32 sdc 747688 9 175842470 4351328 9087470 7824455 3669134968 1854712580 135 14395604 1859884604
======================
   8      32 sdc 747688 9 175842470 4351328 9088139 7824455 3669477496 1854856164 138 14396608 1860028320
======================
   8      32 sdc 747688 9 175842470 4351328 9088776 7824455 3669803640 1854995568 141 14397612 1860171912
======================
   8      32 sdc 747688 9 175842470 4351328 9089403 7824455 3670124664 1855141680 154 14398616 1860315140
======================
   8      32 sdc 747688 9 175842470 4351328 9090036 7824455 3670448760 1855286296 129 14399620 1860458448
======================
   8      32 sdc 747688 9 175842470 4351328 9090693 7824455 3670785144 1855429068 144 14400624 1860601748
======================
   8      32 sdc 747689 9 175842478 4351560 9091321 7824455 3671106680 1855554260 128 14401624 1860726556
======================
   8      32 sdc 747689 9 175842478 4351560 9091956 7824455 3671431800 1855700248 133 14402628 1860869836
======================
   8      32 sdc 747689 9 175842478 4351560 9092623 7824455 3671773304 1855840844 138 14403632 1861013288
======================
   8      32 sdc 747689 9 175842478 4351560 9093273 7824455 3672106104 1855984008 128 14404636 1861156668
======================
   8      32 sdc 747689 9 175842478 4351560 9093760 7824455 3672355448 1856128672 153 14405640 1861301704
======================
   8      32 sdc 747689 9 175842478 4351560 9094396 7824455 3672681080 1856272236 157 14406644 1861445132
======================
   8      32 sdc 747689 9 175842478 4351560 9094994 7824455 3672987256 1856407688 135 14407648 1861588728
======================
   8      32 sdc 747689 9 175842478 4351560 9095690 7824455 3673343608 1856559228 143 14408652 1861732016
======================
   8      32 sdc 747689 9 175842478 4351560 9096338 7824455 3673675384 1856702420 135 14409656 1861875352
======================
   8      32 sdc 747689 9 175842478 4351560 9096845 7824455 3673934968 1856814764 140 14410660 1862018156
======================
   8      32 sdc 747689 9 175842478 4351560 9097639 7824455 3674341496 1856988464 148 14411660 1862160672
======================
   8      32 sdc 747689 9 175842478 4351560 9098294 7824455 3674676856 1857131384 133 14412664 1862304160
======================
   8      32 sdc 747690 9 175842486 4351808 9098883 7824455 3674978424 1857252688 141 14413668 1862426192
======================
   8      32 sdc 747690 9 175842486 4351808 9099506 7824455 3675297400 1857397116 144 14414672 1862569996
======================
   8      32 sdc 747690 9 175842486 4351808 9100153 7824455 3675628664 1857540300 137 14415676 1862713016
======================
   8      32 sdc 747690 9 175842486 4351808 9100843 7824455 3675981944 1857683828 151 14416676 1862856344
======================
   8      32 sdc 747690 9 175842486 4351808 9101337 7824455 3676234872 1857830244 137 14417680 1863004104
======================
   8      32 sdc 747690 9 175842486 4351808 9101952 7824455 3676549752 1857973924 130 14418684 1863147636
======================
   8      32 sdc 747690 9 175842486 4351808 9102583 7824455 3676872824 1858118556 139 14419688 1863291388
======================
   8      32 sdc 747690 9 175842486 4351808 9103226 7824455 3677202040 1858264552 136 14420692 1863434672
======================
   8      32 sdc 747690 9 175842486 4351808 9103888 7824455 3677540984 1858404988 146 14421696 1863578256
======================
   8      32 sdc 747690 9 175842486 4351808 9104530 7824455 3677869688 1858547428 144 14422700 1863721764
======================
   8      32 sdc 747690 9 175842486 4351808 9105188 7824455 3678206584 1858692320 158 14423704 1863865160
======================
   8      32 sdc 747690 9 175842486 4351808 9105829 7824455 3678534776 1858835328 156 14424708 1864008712
======================
   8      32 sdc 747691 9 175842494 4352116 9106422 7824455 3678838392 1858964480 146 14425708 1864130816
======================
   8      32 sdc 747691 9 175842494 4352116 9107073 7824455 3679171704 1859100900 147 14426712 1864273904
======================
   8      32 sdc 747691 9 175842494 4352116 9107702 7824455 3679493752 1859247560 154 14427716 1864417704
======================
   8      32 sdc 747691 9 175842494 4352116 9108369 7824455 3679835256 1859388324 131 14428720 1864561168
======================
   8      32 sdc 747691 9 175842494 4352116 9108881 7824455 3680097400 1859510048 131 14429724 1864704924
======================
   8      32 sdc 747691 9 175842494 4352116 9109529 7824455 3680429176 1859675584 155 14430728 1864848332
======================
   8      32 sdc 747691 9 175842494 4352116 9110187 7824455 3680766072 1859818996 137 14431732 1864991856
======================
   8      32 sdc 747691 9 175842494 4352116 9110813 7824455 3681086584 1859964568 151 14432736 1865134828
======================
   8      32 sdc 747691 9 175842494 4352116 9111441 7824455 3681408120 1860104568 131 14433740 1865278320
======================
   8      32 sdc 747691 9 175842494 4352116 9112088 7824455 3681739384 1860249440 156 14434744 1865422004
======================
   8      32 sdc 747691 9 175842494 4352116 9112757 7824455 3682081912 1860393220 131 14435748 1865565736
======================
   8      32 sdc 747691 9 175842494 4352116 9113426 7824455 3682424440 1860536956 130 14436752 1865709592
======================
   8      32 sdc 747692 9 175842502 4352392 9114046 7824455 3682741880 1860676760 42 14437756 1865835024
======================
   8      32 sdc 747692 9 175842502 4352392 9114676 7824455 3683064440 1860803768 140 14438760 1865978368
======================
   8      32 sdc 747692 9 175842502 4352392 9115307 7824455 3683387512 1860948608 149 14439764 1866121996
======================
   8      32 sdc 747692 9 175842502 4352392 9115959 7824455 3683721336 1861092400 137 14440768 1866265816
======================
   8      32 sdc 747692 9 175842502 4352392 9116516 7824455 3684006520 1861216464 156 14441772 1866411200
======================
   8      32 sdc 747692 9 175842502 4352392 9117028 7824455 3684268664 1861364324 156 14442776 1866557780
======================
   8      32 sdc 747692 9 175842502 4352392 9117770 7824455 3684648568 1861530948 150 14443780 1866704504
======================
   8      32 sdc 747692 9 175842502 4352392 9118413 7824455 3684977784 1861673856 147 14444784 1866848088
======================
   8      32 sdc 747692 9 175842502 4352392 9119049 7824455 3685303416 1861817612 151 14445784 1866991152
======================
   8      32 sdc 747692 9 175842502 4352392 9119684 7824455 3685628536 1861961240 156 14446792 1867135376
======================
   8      32 sdc 747692 9 175842502 4352392 9120179 7824455 3685881976 1862073232 141 14447792 1867278332
======================
   8      32 sdc 747692 9 175842502 4352392 9120973 7824455 3686288504 1862248332 150 14448796 1867421516
======================
   8      32 sdc 747692 9 175842502 4352392 9121628 7824455 3686623864 1862391920 101 14449800 1867563900
======================
   8      32 sdc 747693 9 175842510 4352624 9122253 7824455 3686943864 1862520788 127 14450804 1867694056
======================
   8      32 sdc 747693 9 175842510 4352624 9122903 7824455 3687276664 1862664372 149 14451808 1867837920
======================
   8      32 sdc 747693 9 175842510 4352624 9123538 7824455 3687601784 1862807636 154 14452812 1867981988
======================
   8      32 sdc 747693 9 175842510 4352624 9124187 7824455 3687934072 1862951024 145 14453816 1868125728
======================
   8      32 sdc 747693 9 175842510 4352624 9124685 7824455 3688189048 1863094672 131 14454820 1868267592
======================
   8      32 sdc 747693 9 175842510 4352624 9125354 7824455 3688531576 1863238500 130 14455824 1868411468
======================
   8      32 sdc 747693 9 175842510 4352624 9126017 7824455 3688871032 1863381864 139 14456828 1868555112
======================
   8      32 sdc 747693 9 175842510 4352624 9126640 7824455 3689190008 1863516184 156 14457832 1868697808
======================
   8      32 sdc 747693 9 175842510 4352624 9127290 7824455 3689522808 1863668308 146 14458836 1868841172
======================
   8      32 sdc 747693 9 175842510 4352624 9127920 7824455 3689845368 1863811076 156 14459836 1868984172
======================
   8      32 sdc 747693 9 175842510 4352624 9128577 7824455 3690181752 1863954480 139 14460840 1869128040
======================
   8      32 sdc 747693 9 175842510 4352624 9129228 7824455 3690515064 1864097996 128 14461844 1869271380
======================
   8      32 sdc 747694 9 175842518 4352856 9129847 7824455 3690832504 1864225068 154 14462848 1869399076
======================
   8      32 sdc 747694 9 175842518 4352856 9130470 7824455 3691150968 1864366344 139 14463852 1869542232
======================
   8      32 sdc 747694 9 175842518 4352856 9131154 7824455 3691501176 1864512060 134 14464856 1869685516
======================
   8      32 sdc 747694 9 175842518 4352856 9131790 7824455 3691826808 1864655076 131 14465860 1869829284
======================
   8      32 sdc 747694 9 175842518 4352856 9132277 7824455 3692076152 1864798044 156 14466864 1869972432
======================
   8      32 sdc 747694 9 175842518 4352856 9132913 7824455 3692401784 1864941792 128 14467868 1870115920
======================
   8      32 sdc 747694 9 175842518 4352856 9133540 7824455 3692722808 1865081464 141 14468872 1870260196
======================
   8      32 sdc 747694 9 175842518 4352856 9134219 7824455 3693070456 1865229904 134 14469872 1870403064
======================
   8      32 sdc 747694 9 175842518 4352856 9134865 7824455 3693401208 1865373044 128 14470876 1870546732
======================
   8      32 sdc 747694 9 175842518 4352856 9135515 7824455 3693734008 1865516608 150 14471880 1870690256
======================
   8      32 sdc 747694 9 175842518 4352856 9136173 7824455 3694070904 1865660152 132 14472884 1870833616
======================
   8      32 sdc 747694 9 175842518 4352856 9136802 7824455 3694392952 1865802480 143 14473888 1870977356
======================
   8      32 sdc 747695 9 175842526 4353096 9137379 7824455 3694688376 1865929512 152 14474892 1871103008
======================
   8      32 sdc 747695 9 175842526 4353096 9138054 7824455 3695033976 1866073092 149 14475896 1871247028
======================
   8      32 sdc 747695 9 175842526 4353096 9138717 7824455 3695373432 1866216668 158 14476900 1871390440
======================
   8      32 sdc 747695 9 175842526 4353096 9139380 7824455 3695712888 1866359276 135 14477904 1871533864
======================
   8      32 sdc 747695 9 175842526 4353096 9139995 7824455 3696027768 1866502360 128 14478904 1871676828
======================
   8      32 sdc 747695 9 175842526 4353096 9140553 7824455 3696313464 1866626676 146 14479908 1871820824
======================
   8      32 sdc 747695 9 175842526 4353096 9141299 7824455 3696695416 1866790304 139 14480912 1871964664
======================
   8      32 sdc 747695 9 175842526 4353096 9141946 7824455 3697026680 1866933976 132 14481916 1872108124
======================
   8      32 sdc 747695 9 175842526 4353096 9142595 7824455 3697358968 1867077724 155 14482920 1872251732
======================
   8      32 sdc 747695 9 175842526 4353096 9143247 7824455 3697692792 1867219932 143 14483924 1872395132
======================
   8      32 sdc 747695 9 175842526 4353096 9143882 7824455 3698017912 1867361268 148 14484928 1872538712
======================
   8      32 sdc 747695 9 175842526 4353096 9144516 7824455 3698342520 1867504572 154 14485928 1872681680
======================
   8      32 sdc 747696 9 175842534 4353300 9145142 7824455 3698663032 1867633324 141 14486932 1872808112
======================
   8      32 sdc 747696 9 175842534 4353300 9145777 7824455 3698988152 1867776792 146 14487936 1872951720
======================
   8      32 sdc 747696 9 175842534 4353300 9146432 7824455 3699323512 1867920980 131 14488940 1873095252
======================
   8      32 sdc 747696 9 175842534 4353300 9147088 7824455 3699659384 1868064412 147 14489944 1873239084
======================
   8      32 sdc 747696 9 175842534 4353300 9147722 7824455 3699983992 1868208544 153 14490944 1873382512
======================
   8      32 sdc 747696 9 175842534 4353300 9148349 7824455 3700305016 1868350380 134 14491948 1873526156
======================
   8      32 sdc 747696 9 175842534 4353300 9149010 7824455 3700643448 1868494708 145 14492952 1873669880
======================
   8      32 sdc 747696 9 175842534 4353300 9149625 7824455 3700958328 1868638104 138 14493956 1873813456
======================
   8      32 sdc 747696 9 175842534 4353300 9150268 7824455 3701287544 1868782872 135 14494960 1873956792
======================
   8      32 sdc 747696 9 175842534 4353300 9150937 7824455 3701630072 1868926244 138 14495964 1874100256
======================
   8      32 sdc 747696 9 175842534 4353300 9151573 7824455 3701955704 1869062684 142 14496968 1874243868
======================
   8      32 sdc 747696 9 175842534 4353300 9152264 7824455 3702309496 1869212124 155 14497972 1874387484
======================
   8      32 sdc 747697 9 175842542 4353748 9152726 7824455 3702546040 1869319624 141 14498972 1874495208
======================
   8      32 sdc 747697 9 175842542 4353748 9153344 7824455 3702862456 1869463824 131 14499976 1874638672
======================
   8      32 sdc 747697 9 175842542 4353748 9154002 7824455 3703199352 1869607628 145 14500980 1874782304
======================
   8      32 sdc 747697 9 175842542 4353748 9154654 7824455 3703533176 1869750936 133 14501984 1874925904
======================
   8      32 sdc 747697 9 175842542 4353748 9155291 7824455 3703859320 1869893676 136 14502988 1875068560
======================
   8      32 sdc 747697 9 175842542 4353748 9155949 7824455 3704196216 1870037208 150 14503992 1875212076
======================
   8      32 sdc 747697 9 175842542 4353748 9156593 7824455 3704525944 1870179868 146 14504992 1875355036
======================
   8      32 sdc 747697 9 175842542 4353748 9157228 7824455 3704851064 1870323436 151 14505996 1875498608
======================
   8      32 sdc 747697 9 175842542 4353748 9157863 7824455 3705176184 1870467016 156 14507000 1875642160
======================
   8      32 sdc 747697 9 175842542 4353748 9158453 7824455 3705478264 1870600176 142 14508004 1875785824
======================
   8      32 sdc 747697 9 175842542 4353748 9159155 7824455 3705837688 1870754128 144 14509008 1875929272
======================
   8      32 sdc 747697 9 175842542 4353748 9159810 7824455 3706173048 1870897628 129 14510008 1876072156
======================
   8      32 sdc 747698 9 175842550 4353980 9160435 7824455 3706493048 1871027244 147 14511012 1876202276
======================
   8      32 sdc 747698 9 175842550 4353980 9161085 7824455 3706825848 1871170816 137 14512016 1876345620
======================
   8      32 sdc 747698 9 175842550 4353980 9161742 7824455 3707162232 1871314176 152 14513020 1876489000
======================
   8      32 sdc 747698 9 175842550 4353980 9162370 7824455 3707483768 1871456496 132 14514024 1876632672
======================
   8      32 sdc 747698 9 175842550 4353980 9162858 7824455 3707733624 1871597876 156 14515024 1876772188
======================
   8      32 sdc 747698 9 175842550 4353980 9163527 7824455 3708076152 1871741840 137 14516028 1876916128
======================
   8      32 sdc 747698 9 175842550 4353980 9164196 7824455 3708418680 1871885524 130 14517032 1877059876
======================
   8      32 sdc 747698 9 175842550 4353980 9164832 7824455 3708744312 1872025052 134 14518036 1877204436
======================
   8      32 sdc 747698 9 175842550 4353980 9165475 7824455 3709073528 1872171980 131 14519040 1877347996
======================
   8      32 sdc 747698 9 175842550 4353980 9166100 7824455 3709393528 1872316576 146 14520044 1877491584
======================
   8      32 sdc 747698 9 175842550 4353980 9166752 7824455 3709727352 1872459936 134 14521048 1877634872
======================
   8      32 sdc 747698 9 175842550 4353980 9167403 7824455 3710060664 1872602808 155 14522052 1877778080
======================
   8      32 sdc 747698 9 175842550 4353980 9167775 7824455 3710251128 1872685172 34 14523052 1877865480
======================
   8      32 sdc 747698 9 175842550 4353980 9167775 7824455 3710251128 1872685172 34 14524056 1877899616
======================
   8      32 sdc 747699 9 175842558 4355616 9169328 7824455 3711046264 1872861980 141 14525060 1878038432
======================
   8      32 sdc 747699 9 175842558 4355616 9169966 7824455 3711372920 1873004520 143 14526064 1878181532
======================
   8      32 sdc 747699 9 175842558 4355616 9170591 7824455 3711692920 1873148208 158 14527068 1878324876
======================
   8      32 sdc 747699 9 175842558 4355616 9171228 7824455 3712019064 1873291944 129 14528072 1878467988
======================
   8      32 sdc 747699 9 175842558 4355616 9171885 7824455 3712355448 1873434624 144 14529076 1878611396
======================
   8      32 sdc 747699 9 175842558 4355616 9172515 7824455 3712678008 1873575028 154 14530076 1878754232
======================
   8      32 sdc 747699 9 175842558 4355616 9173185 7824455 3713021048 1873721196 156 14531080 1878897520
======================
   8      32 sdc 747699 9 175842558 4355616 9173835 7824455 3713353848 1873864308 146 14532084 1879041064
======================
   8      32 sdc 747699 9 175842558 4355616 9174493 7824455 3713690744 1874007980 128 14533088 1879184220
======================
   8      32 sdc 747699 9 175842558 4355616 9175116 7824455 3714009720 1874149880 145 14534092 1879327268
======================
   8      32 sdc 747700 9 175842566 4355836 9175692 7824455 3714304632 1874271716 133 14535092 1879453324
======================
   8      32 sdc 747700 9 175842566 4355836 9176364 7824455 3714648696 1874419828 133 14536096 1879595968
======================
   8      32 sdc 747700 9 175842566 4355836 9177027 7824455 3714988152 1874562664 142 14537100 1879738976
======================
   8      32 sdc 747700 9 175842566 4355836 9177696 7824455 3715330680 1874705636 145 14538104 1879881708
======================
   8      32 sdc 747700 9 175842566 4355836 9178293 7824455 3715636344 1874842180 156 14539108 1880025824
======================
   8      32 sdc 747700 9 175842566 4355836 9178961 7824455 3715978360 1874993028 128 14540112 1880169408
======================
   8      32 sdc 747700 9 175842566 4355836 9179618 7824455 3716314744 1875135956 143 14541116 1880312880
======================
   8      32 sdc 747700 9 175842566 4355836 9180266 7824455 3716646520 1875279120 135 14542120 1880456216
======================
   8      32 sdc 747700 9 175842566 4355836 9180870 7824455 3716955768 1875415804 139 14543124 1880598772
======================
   8      32 sdc 747700 9 175842566 4355836 9181559 7824455 3717308536 1875565308 154 14544128 1880742100
======================
   8      32 sdc 747700 9 175842566 4355836 9182211 7824455 3717642360 1875707952 142 14545128 1880885052
======================
   8      32 sdc 747700 9 175842566 4355836 9182846 7824455 3717967480 1875851264 147 14546132 1881028524
======================
   8      32 sdc 747701 9 175842574 4356296 9183317 7824455 3718208632 1875951056 157 14547136 1881128792
======================
   8      32 sdc 747701 9 175842574 4356296 9183940 7824455 3718527608 1876091588 142 14548140 1881272400
======================
   8      32 sdc 747701 9 175842574 4356296 9184567 7824455 3718849144 1876232816 155 14549140 1881415032
======================
   8      32 sdc 747701 9 175842574 4356296 9185249 7824455 3719197816 1876381236 145 14550148 1881558736
======================
   8      32 sdc 747701 9 175842574 4356296 9185880 7824455 3719520888 1876524204 154 14551148 1881701484
======================
   8      32 sdc 747701 9 175842574 4356296 9186532 7824455 3719854712 1876667808 142 14552152 1881845096
======================
   8      32 sdc 747701 9 175842574 4356296 9187189 7824455 3720191096 1876811172 157 14553156 1881988380
======================
   8      32 sdc 747701 9 175842574 4356296 9187810 7824455 3720509048 1876953292 144 14554160 1882131924
======================
   8      32 sdc 747701 9 175842574 4356296 9188425 7824455 3720823928 1877097364 130 14555160 1882275268
======================
   8      32 sdc 747701 9 175842574 4356296 9189094 7824455 3721166456 1877242316 133 14556164 1882419032
======================
   8      32 sdc 747701 9 175842574 4356296 9189758 7824455 3721506424 1877386352 141 14557168 1882563096
======================
   8      32 sdc 747701 9 175842574 4356296 9190421 7824455 3721845880 1877529504 150 14558172 1882706176
======================
   8      32 sdc 747701 9 175842574 4356296 9190817 7824455 3722048632 1877615880 32 14559176 1882796360
======================
   8      32 sdc 747701 9 175842574 4356296 9190817 7824455 3722048632 1877615880 32 14560180 1882828488
======================
   8      32 sdc 747702 9 175842582 4358036 9192286 7824455 3722800760 1877773476 140 14561184 1882952344
======================
   8      32 sdc 747702 9 175842582 4358036 9192943 7824455 3723137144 1877916448 155 14562188 1883095516
======================
   8      32 sdc 747702 9 175842582 4358036 9193447 7824455 3723395192 1878056968 131 14563192 1883236808
======================
   8      32 sdc 747702 9 175842582 4358036 9194097 7824455 3723727992 1878201176 153 14564192 1883379600
======================
   8      32 sdc 747702 9 175842582 4358036 9194749 7824455 3724061816 1878344436 141 14565196 1883523152
======================
   8      32 sdc 747702 9 175842582 4358036 9195281 7824455 3724334200 1878464104 153 14566200 1883668136
======================
   8      32 sdc 747702 9 175842582 4358036 9196019 7824455 3724712056 1878634484 155 14567204 1883813648
======================
   8      32 sdc 747702 9 175842582 4358036 9196655 7824455 3725037688 1878777988 129 14568208 1883956844
======================
   8      32 sdc 747702 9 175842582 4358036 9197300 7824455 3725367928 1878921716 154 14569212 1884100352
======================
   8      32 sdc 747702 9 175842582 4358036 9197958 7824455 3725704824 1879064992 136 14570216 1884243748
======================
   8      32 sdc 747703 9 175842590 4358256 9198541 7824455 3726003320 1879193528 152 14571220 1884373992
======================
   8      32 sdc 747703 9 175842590 4358256 9199221 7824455 3726351480 1879340288 144 14572224 1884519852
======================
   8      32 sdc 747703 9 175842590 4358256 9199877 7824455 3726687352 1879484364 128 14573228 1884663180
======================
   8      32 sdc 747703 9 175842590 4358256 9200529 7824455 3727021176 1879626912 148 14574232 1884807052
======================
   8      32 sdc 747703 9 175842590 4358256 9201010 7824455 3727267448 1879741852 147 14575232 1884946828
======================
   8      32 sdc 747703 9 175842590 4358256 9201672 7824455 3727606392 1879911620 157 14576236 1885089924
======================
   8      32 sdc 747703 9 175842590 4358256 9202340 7824455 3727948408 1880049768 138 14577240 1885228568
======================
   8      32 sdc 747703 9 175842590 4358256 9203004 7824455 3728288376 1880193100 146 14578244 1885371788
======================
   8      32 sdc 747703 9 175842590 4358256 9203644 7824455 3728616056 1880334800 146 14579248 1885514896
======================
   8      32 sdc 747703 9 175842590 4358256 9204260 7824455 3728931448 1880478216 138 14580252 1885658264
======================
   8      32 sdc 747703 9 175842590 4358256 9204874 7824455 3729245816 1880618440 132 14581256 1885801624
======================
   8      32 sdc 747703 9 175842590 4358256 9205561 7824455 3729597560 1880765728 149 14582260 1885944960
======================
   8      32 sdc 747703 9 175842590 4358256 9206182 7824455 3729915512 1880903324 27 14583260 1886073020
======================
   8      32 sdc 747705 9 175842606 4358512 9206828 7824455 3730246264 1881034760 156 14584268 1886214276
======================
   8      32 sdc 747706 9 175842614 4358556 9207479 7824455 3730579576 1881178020 137 14585268 1886357344
======================
   8      32 sdc 747708 9 175842630 4358632 9208112 7824455 3730903672 1881319612 144 14586272 1886501052
======================
   8      32 sdc 747709 9 175842638 4358684 9208736 7824455 3731223160 1881464724 128 14587276 1886644680
======================
   8      32 sdc 747710 9 175842646 4358772 9209368 7824455 3731546744 1881607620 128 14588280 1886787344
======================
   8      32 sdc 747711 9 175842654 4358800 9210010 7824455 3731875448 1881750980 139 14589284 1886930532
======================
   8      32 sdc 747711 9 175842654 4358800 9210212 7824455 3731978872 1881795516 93 14590288 1887037716
======================
   8      32 sdc 747712 9 175842662 4360316 9210680 7824455 3732218488 1881948824 137 14591292 1887143264
======================
   8      32 sdc 747715 9 175842686 4361240 9211753 7824455 3732767864 1882103080 151 14592296 1887282556
======================
   8      32 sdc 747716 9 175842694 4361268 9212427 7824455 3733112952 1882243812 149 14593296 1887425784
======================
   8      32 sdc 747717 9 175842702 4361308 9213068 7824455 3733441144 1882387476 148 14594300 1887569552
======================
   8      32 sdc 747718 9 175842710 4361372 9213676 7824455 3733752440 1882530080 148 14595304 1887713492
======================
   8      32 sdc 747718 9 175842710 4361372 9213764 7824455 3733797496 1882550820 125 14596308 1887841312
======================
   8      32 sdc 747722 9 175842742 4362924 9214880 7824455 3734368888 1882783944 128 14597308 1887971760
======================
   8      32 sdc 747723 9 175842750 4362960 9215531 7824455 3734702200 1882928196 149 14598312 1888111264
======================
   8      32 sdc 747724 9 175842758 4362988 9216194 7824455 3735041656 1883071164 158 14599316 1888254232
======================
   8      32 sdc 747725 9 175842766 4363048 9216743 7824455 3735323256 1883200664 137 14600320 1888397552
======================
   8      32 sdc 747725 9 175842766 4363048 9216837 7824455 3735370872 1883227864 124 14601324 1888523360
======================
   8      32 sdc 747727 9 175842782 4364520 9217833 7824455 3735880824 1883438840 152 14602328 1888660120
======================
   8      32 sdc 747727 9 175842782 4364520 9217833 7824455 3735880824 1883438840 152 14603332 1888812728
======================
   8      32 sdc 747730 9 175842806 4365944 9219335 7824455 3736649848 1883769424 153 14604336 1888956644
======================
   8      32 sdc 747732 9 175842822 4366020 9219980 7824455 3736980088 1883912992 148 14605336 1889100032
======================
   8      32 sdc 747733 9 175842830 4366048 9220559 7824455 3737276536 1884041148 145 14606340 1889243952
======================
   8      32 sdc 747734 9 175842838 4366124 9221260 7824455 3737635448 1884199808 154 14607344 1889386864
======================
   8      32 sdc 747736 9 175842854 4366256 9221874 7824455 3737949816 1884339692 151 14608348 1889527240
======================
   8      32 sdc 747737 9 175842862 4366328 9222498 7824455 3738269304 1884482124 95 14609352 1889667956
======================
   8      32 sdc 747739 9 175842878 4366572 9223002 7824455 3738527352 1884592404 71 14610356 1889790264
======================
   8      32 sdc 747739 9 175842878 4366572 9223002 7824455 3738527352 1884592404 71 14611360 1889861548
======================
   8      32 sdc 747755 9 175843006 4368156 9223661 7824455 3738864760 1884728988 148 14612364 1889979972
======================
   8      32 sdc 747758 9 175843030 4369128 9224938 7824455 3739518584 1884934956 150 14613364 1890124636
======================
   8      32 sdc 747759 9 175843038 4369160 9225583 7824455 3739848824 1885078200 145 14614368 1890268356
======================
   8      32 sdc 747760 9 175843046 4369208 9226234 7824455 3740182136 1885221104 135 14615372 1890412256
======================
   8      32 sdc 747760 9 175843046 4369208 9226234 7824455 3740182136 1885221104 135 14616376 1890547796
======================
   8      32 sdc 747760 9 175843046 4369208 9226234 7824455 3740182136 1885221104 135 14617380 1890683336
======================
   8      32 sdc 747763 9 175843070 4371692 9227757 7824455 3740961912 1885593700 148 14618384 1890825416
======================
   8      32 sdc 747763 9 175843070 4371692 9227757 7824455 3740961912 1885593700 148 14619384 1890973416
======================
   8      32 sdc 747767 9 175843102 4373184 9229258 7824455 3741730424 1885923612 150 14620388 1891117436
======================
   8      32 sdc 747769 9 175843118 4373260 9229897 7824455 3742057592 1886066648 151 14621392 1891261192
======================
   8      32 sdc 747770 9 175843126 4373312 9230513 7824455 3742372984 1886205588 143 14622396 1891404976
======================
   8      32 sdc 747771 9 175843134 4373356 9231188 7824455 3742718584 1886353956 140 14623400 1891548368
======================
   8      32 sdc 747771 9 175843134 4373356 9231371 7824455 3742812280 1886394284 118 14624404 1891673684
======================
   8      32 sdc 747773 9 175843150 4374904 9232333 7824455 3743304824 1886606896 148 14625408 1891797708
======================
   8      32 sdc 747773 9 175843150 4374904 9232333 7824455 3743304824 1886606896 148 14626408 1891945708
======================
   8      32 sdc 747775 9 175843166 4376276 9233358 7824455 3743829624 1886833648 147 14627412 1892092340
======================
   8      32 sdc 747776 9 175843174 4377688 9233864 7824455 3744088696 1887051676 153 14628416 1892239552
======================
   8      32 sdc 747779 9 175843198 4378020 9234967 7824455 3744653432 1887185464 137 14629420 1892385316
======================
   8      32 sdc 747780 9 175843206 4378072 9235421 7824455 3744885880 1887287024 132 14630424 1892525552
======================
   8      32 sdc 747780 9 175843206 4378072 9235421 7824455 3744885880 1887287024 132 14631424 1892657552
======================
   8      32 sdc 747782 9 175843222 4380228 9236175 7824455 3745272440 1887614596 145 14632428 1892801580
======================
   8      32 sdc 747784 9 175843238 4380276 9237388 7824455 3745892984 1887720992 148 14633432 1892945160
======================
   8      32 sdc 747786 9 175843254 4380348 9238085 7824455 3746249848 1887886692 155 14634436 1893088980
======================
   8      32 sdc 747787 9 175843262 4380388 9238748 7824455 3746589304 1888031448 132 14635436 1893232176
======================
   8      32 sdc 747788 9 175843270 4380424 9239410 7824455 3746928248 1888174928 142 14636440 1893376308
======================
   8      32 sdc 747790 9 175843286 4380512 9240039 7824455 3747250296 1888315660 153 14637440 1893519640
======================
   8      32 sdc 747790 9 175843286 4380512 9240572 7824455 3747523192 1888441996 101 14638444 1893656292
======================
   8      32 sdc 747790 9 175843286 4380512 9240572 7824455 3747523192 1888441996 101 14639448 1893757696
======================
   8      32 sdc 747791 9 175843294 4382060 9241039 7824455 3747762296 1888611672 146 14640452 1893889512
======================
   8      32 sdc 747794 9 175843318 4382768 9242551 7824455 3748536440 1888829292 137 14641456 1894033328
======================
   8      32 sdc 747795 9 175843326 4382988 9243063 7824455 3748798584 1888973908 137 14642456 1894177776
======================
   8      32 sdc 747798 9 175843350 4383072 9243666 7824455 3749107320 1889114208 142 14643460 1894321592
======================
   8      32 sdc 747799 9 175843358 4383112 9244249 7824455 3749405816 1889246068 135 14644464 1894464424
======================
   8      32 sdc 747800 9 175843366 4383184 9244946 7824455 3749762680 1889400312 131 14645464 1894604516
======================
   8      32 sdc 747801 9 175843374 4383248 9245570 7824455 3750082168 1889542040 152 14646468 1894746696
======================
   8      32 sdc 747801 9 175843374 4383248 9245708 7824455 3750152824 1889573212 85 14647468 1894841640
======================
   8      32 sdc 747802 9 175843382 4384764 9246176 7824455 3750392440 1889716588 129 14648476 1894943396
======================
   8      32 sdc 747805 9 175843406 4385472 9247459 7824455 3751049336 1889874552 158 14649480 1895081284
======================
   8      32 sdc 747806 9 175843414 4385504 9248099 7824455 3751377016 1890018340 157 14650480 1895224496
======================
   8      32 sdc 747808 9 175843430 4385576 9248738 7824455 3751704184 1890161340 158 14651484 1895368368
======================
   8      32 sdc 747809 9 175843438 4385640 9249391 7824455 3752038520 1890306020 153 14652488 1895512096
======================
   8      32 sdc 747810 9 175843446 4385680 9250017 7824455 3752359032 1890448296 128 14653492 1895655280
======================
   8      32 sdc 747810 9 175843446 4385680 9250292 7824455 3752499832 1890512196 109 14654496 1895779280
======================
   8      32 sdc 747811 9 175843454 4387260 9250631 7824455 3752673912 1890696288 147 14655500 1895890496
======================
   8      32 sdc 747815 9 175843486 4387940 9251904 7824455 3753325176 1890819992 128 14656500 1896024892
======================
   8      32 sdc 747816 9 175843494 4387964 9252567 7824455 3753664632 1890960208 137 14657504 1896168712
======================
   8      32 sdc 747817 9 175843502 4387996 9253208 7824455 3753992824 1891102168 136 14658508 1896312140
======================
   8      32 sdc 747818 9 175843510 4388028 9253781 7824455 3754286200 1891241044 139 14659508 1896456052
======================
   8      32 sdc 747820 9 175843526 4388128 9254463 7824455 3754635384 1891389924 135 14660512 1896598864
======================
   8      32 sdc 747821 9 175843534 4388364 9254968 7824455 3754893944 1891522024 136 14661516 1896740556
======================
   8      32 sdc 747822 9 175843542 4388396 9255603 7824455 3755219064 1891674236 141 14662516 1896883648
======================
   8      32 sdc 747823 9 175843550 4388432 9256249 7824455 3755549816 1891818048 135 14663520 1897027040
======================
   8      32 sdc 747824 9 175843558 4388476 9256894 7824455 3755880056 1891961064 130 14664524 1897170460
======================
   8      32 sdc 747826 9 175843574 4388596 9257525 7824455 3756203128 1892103876 151 14665524 1897313972
======================
   8      32 sdc 747826 9 175843574 4388596 9257981 7824455 3756436600 1892207164 100 14666528 1897443924
======================
   8      32 sdc 747826 9 175843574 4388596 9257981 7824455 3756436600 1892207164 100 14667532 1897544324
======================
   8      32 sdc 747829 9 175843598 4390820 9258774 7824455 3756842616 1892483392 138 14668536 1897681108
======================
   8      32 sdc 747832 9 175843622 4390904 9260030 7824455 3757485688 1892608760 130 14669536 1897821680
======================
   8      32 sdc 747833 9 175843630 4390932 9260639 7824455 3757797496 1892745976 129 14670544 1897965052
======================
   8      32 sdc 747834 9 175843638 4390988 9261315 7824455 3758143608 1892897120 157 14671544 1898108120
======================
   8      32 sdc 747834 9 175843638 4390988 9261538 7824455 3758257784 1892945636 127 14672548 1898241176
======================
   8      32 sdc 747837 9 175843662 4391792 9262588 7824455 3758795384 1893169200 132 14673556 1898384024
======================
   8      32 sdc 747838 9 175843670 4391824 9263123 7824455 3759069304 1893295508 141 14674556 1898527176
======================
   8      32 sdc 747839 9 175843678 4391864 9263838 7824455 3759435384 1893457788 130 14675560 1898670512
======================
   8      32 sdc 747840 9 175843686 4391892 9264500 7824455 3759774328 1893601688 140 14676564 1898814944
======================
   8      32 sdc 747841 9 175843694 4391916 9265137 7824455 3760100472 1893739584 112 14677564 1898956040
======================
   8      32 sdc 747841 9 175843694 4391916 9265137 7824455 3760100472 1893739584 112 14678568 1899068488
======================
   8      32 sdc 747844 9 175843718 4393476 9266134 7824455 3760610936 1893938112 139 14679572 1899197324
======================
   8      32 sdc 747844 9 175843718 4393476 9266134 7824455 3760610936 1893938112 139 14680576 1899336880
======================
   8      32 sdc 747846 9 175843734 4395612 9267144 7824455 3761128056 1894267800 153 14681580 1899482724
======================
   8      32 sdc 747849 9 175843758 4396360 9268280 7824455 3761709688 1894414368 136 14682580 1899631848
======================
   8      32 sdc 747850 9 175843766 4396388 9268919 7824455 3762036856 1894558116 137 14683584 1899775660
======================
   8      32 sdc 747851 9 175843774 4396432 9269571 7824455 3762370680 1894701776 157 14684588 1899919204
======================
   8      32 sdc 747852 9 175843782 4396476 9270207 7824455 3762696312 1894844408 129 14685592 1900062568
======================
   8      32 sdc 747854 9 175843798 4396628 9270816 7824455 3763008120 1894984732 128 14686596 1900206732
======================
   8      32 sdc 747855 9 175843806 4396668 9271461 7824455 3763338360 1895131404 155 14687600 1900350080
======================
   8      32 sdc 747856 9 175843814 4396700 9272093 7824455 3763661944 1895275184 131 14688600 1900493080
======================
   8      32 sdc 747857 9 175843822 4396768 9272738 7824455 3763992184 1895418184 135 14689604 1900636440
======================
   8      32 sdc 747859 9 175843838 4396868 9273381 7824455 3764321400 1895560072 130 14690604 1900778404
======================
   8      32 sdc 747860 9 175843846 4397040 9273892 7824455 3764583032 1895673492 61 14691608 1900899216
======================
   8      32 sdc 747860 9 175843846 4397040 9273892 7824455 3764583032 1895673492 61 14692608 1900960216
======================
   8      32 sdc 747863 9 175843870 4398508 9275290 7824455 3765298808 1895863656 134 14693612 1901083312
======================
   8      32 sdc 747864 9 175843878 4398540 9275858 7824455 3765589624 1895993428 143 14694620 1901227580
======================
   8      32 sdc 747864 9 175843878 4398540 9275858 7824455 3765589624 1895993428 143 14695632 1901372296
======================
   8      32 sdc 747865 9 175843886 4400036 9276362 7824455 3765847672 1896229148 151 14696644 1901521264
======================
   8      32 sdc 747868 9 175843910 4400800 9277830 7824455 3766599288 1896442876 154 14697648 1901664668
======================
   8      32 sdc 747869 9 175843918 4400828 9278419 7824455 3766900856 1896570560 142 14698652 1901808140
======================
   8      32 sdc 747870 9 175843926 4401060 9278921 7824455 3767157880 1896718088 152 14699656 1901952296
======================
   8      32 sdc 747870 9 175843926 4401060 9278921 7824455 3767157880 1896718088 152 14700660 1902104904
======================
   8      32 sdc 747873 9 175843950 4402588 9280217 7824455 3767821432 1897026876 135 14701664 1902250812
======================
   8      32 sdc 747874 9 175843958 4402620 9280842 7824455 3768141432 1897167412 150 14702664 1902394916
======================
   8      32 sdc 747875 9 175843966 4402648 9281498 7824455 3768477304 1897314700 135 14703668 1902538812
======================
   8      32 sdc 747876 9 175843974 4402720 9281507 7824455 3768481912 1897316968 126 14704668 1902665100
======================
   8      32 sdc 747879 9 175843998 4404188 9282759 7824455 3769122936 1897575520 153 14705676 1902801040
======================
   8      32 sdc 747880 9 175844006 4404216 9283399 7824455 3769450616 1897712892 264 14706684 1902956632
======================
   8      32 sdc 747881 9 175844014 4404460 9284027 7824455 3769772152 1897873480 166 14707692 1903176428
======================
   8      32 sdc 747882 9 175844022 4404700 9284636 7824455 3770083960 1898068992 69 14708704 1903329616
======================
   8      32 sdc 747884 9 175844038 4405084 9285273 7824455 3770410104 1898233612 133 14709708 1903458160
======================
   8      32 sdc 747885 9 175844046 4405308 9285922 7824890 3770741840 1898356116 140 14710712 1903582688
======================
   8      32 sdc 747886 9 175844054 4405576 9286417 7824890 3770995280 1898491072 136 14711720 1903719880
======================
   8      32 sdc 747887 9 175844062 4405644 9287066 7824890 3771327568 1898634552 138 14712724 1903861348
======================
   8      32 sdc 747889 9 175844078 4405784 9287712 7824890 3771658320 1898774336 154 14713728 1904001400
======================
   8      32 sdc 747890 9 175844086 4405860 9288331 7824890 3771975248 1898914636 154 14714728 1904142644
======================
   8      32 sdc 747891 9 175844094 4405932 9288941 7824890 3772287568 1899055236 131 14715732 1904283208
======================
   8      32 sdc 747892 9 175844102 4406188 9289321 7824890 3772481624 1899138844 1 14716732 1904350956
======================
   8      32 sdc 747892 9 175844102 4406188 9289321 7824890 3772481624 1899138844 1 14717736 1904351960
======================
   8      32 sdc 747894 9 175844118 4408356 9290347 7824901 3773006016 1899145320 1 14718736 1904359368
======================
   8      32 sdc 747895 9 175844126 4409184 9290859 7824901 3773268160 1899148800 1 14719740 1904363816
======================
   8      32 sdc 747897 9 175844142 4409980 9291883 7824901 3773792448 1899161632 1 14720740 1904377588
======================
   8      32 sdc 747897 9 175844142 4409980 9291883 7824901 3773792448 1899161632 1 14721744 1904378592
======================
   8      32 sdc 747899 9 175844158 4411568 9292907 7824901 3774316736 1899172116 1 14722740 1904390016
======================
   8      32 sdc 747901 9 175844174 4413312 9293874 7824912 3774810920 1899176360 60 14723744 1904395908
======================
   8      32 sdc 747903 9 175844190 4413456 9294447 7824912 3775104296 1899297284 139 14724744 1904532764
======================
   8      32 sdc 747904 9 175844198 4413536 9295038 7824912 3775406888 1899438536 135 14725748 1904674892
======================
   8      32 sdc 747905 9 175844206 4413616 9295604 7824912 3775696680 1899579040 156 14726752 1904816168
======================
   8      32 sdc 747906 9 175844214 4413700 9296166 7824912 3775984424 1899722564 149 14727760 1904959952
======================
   8      32 sdc 747907 9 175844222 4413784 9296733 7824923 3776274728 1899865008 113 14728764 1905101120
======================
   8      32 sdc 747907 9 175844222 4413784 9297007 7824923 3776414096 1899915080 1 14729768 1905135168
======================
   8      32 sdc 747907 9 175844222 4413784 9297007 7824923 3776414096 1899915080 1 14730776 1905136176
======================
   8      32 sdc 747911 9 175844254 4415920 9298403 7824923 3777128848 1899999932 141 14731780 1905238004
======================
   8      32 sdc 747913 9 175844270 4416116 9299005 7824923 3777437072 1900139448 140 14732784 1905376744
======================
   8      32 sdc 747913 9 175844270 4416116 9299496 7824923 3777688464 1900259192 72 14733804 1905509192
======================
   8      32 sdc 747913 9 175844270 4416116 9299567 7824923 3777724816 1900291524 1 14734824 1905514476
======================
   8      32 sdc 747916 9 175844294 4418252 9300607 7824933 3778256368 1900305620 148 14735828 1905545180
======================
   8      32 sdc 747917 9 175844302 4418332 9301171 7824933 3778545136 1900445968 139 14736828 1905687720
======================
   8      32 sdc 747918 9 175844310 4418408 9301740 7824933 3778836464 1900587932 157 14737832 1905829816
======================
   8      32 sdc 747919 9 175844318 4418484 9302299 7824933 3779122672 1900728300 153 14738832 1905970332
======================
   8      32 sdc 747920 9 175844326 4418564 9302867 7824933 3779413488 1900871768 140 14739836 1906113068
======================
   8      32 sdc 747921 9 175844334 4418640 9303453 7824944 3779713520 1901013532 21 14740840 1906242344
======================
   8      32 sdc 747922 9 175844342 4418876 9304038 7825379 3780012120 1901125672 50 14741848 1906361824
======================
   8      32 sdc 747922 9 175844342 4418876 9304096 7825385 3780022648 1901142776 0 14741984 1906367128
======================
   8      32 sdc 747922 9 175844342 4418876 9304096 7825385 3780022648 1901142776 0 14741984 1906367128
======================
   8      32 sdc 747922 9 175844342 4418876 9304096 7825385 3780022648 1901142776 0 14741984 1906367128
======================
   8      32 sdc 747922 9 175844342 4418876 9304096 7825385 3780022648 1901142776 0 14741984 1906367128
======================
   8      32 sdc 747922 9 175844342 4418876 9304096 7825385 3780022648 1901142776 0 14741984 1906367128
======================
started
   8      32 sdc 748167 9 175846296 4421436 9304121 7825385 3780022744 1901142776 0 14742092 1906369688
======================
   8      32 sdc 748167 9 175846296 4421436 9304121 7825385 3780022744 1901142776 0 14742092 1906369688
======================
   8      32 sdc 748172 9 175846336 4421476 9304121 7825385 3780022744 1901142776 0 14742132 1906369728
======================
   8      32 sdc 748172 9 175846336 4421476 9304121 7825385 3780022744 1901142776 0 14742132 1906369728
======================
   8      32 sdc 748172 9 175846336 4421476 9304121 7825385 3780022744 1901142776 0 14742132 1906369728
======================
   8      32 sdc 748172 9 175846336 4421476 9304121 7825385 3780022744 1901142776 0 14742132 1906369728
======================
   8      32 sdc 748172 9 175846336 4421476 9304121 7825385 3780022744 1901142776 0 14742132 1906369728
======================
   8      32 sdc 748172 9 175846336 4421476 9304124 7825387 3780022784 1901142888 0 14742244 1906369840
======================
   8      32 sdc 748172 9 175846336 4421476 9308163 7825387 3781112328 1901144720 0 14742416 1906371652
======================
   8      32 sdc 748172 9 175846336 4421476 9309142 7825387 3781381896 1901225080 147 14743240 1906486960
======================
   8      32 sdc 748172 9 175846336 4421476 9309316 7825387 3781429256 1901326404 133 14744248 1906631484
======================
   8      32 sdc 748172 9 175846336 4421476 9309526 7825387 3781486600 1901522200 147 14745252 1906780280
======================
   8      32 sdc 748172 9 175846336 4421476 9309699 7825388 3781534216 1901622636 135 14746264 1906925800
======================
   8      32 sdc 748172 9 175846336 4421476 9309975 7825388 3781609760 1901801440 148 14747268 1907070348
======================
   8      32 sdc 748172 9 175846336 4421476 9310236 7825388 3781682976 1901950436 143 14748276 1907214160
======================
   8      32 sdc 748172 9 175846336 4421476 9310506 7825388 3781756960 1902095452 129 14749280 1907357648
======================
   8      32 sdc 748172 9 175846336 4421476 9310809 7825388 3781842464 1902240420 146 14750288 1907500012
======================
   8      32 sdc 748172 9 175846336 4421476 9311088 7825389 3781921592 1902374852 157 14751292 1907643276
======================
   8      32 sdc 748172 9 175846336 4421476 9311352 7825389 3781996344 1902503196 149 14752296 1907785676
======================
   8      32 sdc 748172 9 175846336 4421476 9311616 7825389 3782070840 1902665132 141 14753304 1907930064
======================
   8      32 sdc 748172 9 175846336 4421476 9311796 7825389 3782122040 1902801360 153 14754304 1908074356
======================
   8      32 sdc 748172 9 175846336 4421476 9312063 7825390 3782198072 1902947548 142 14755308 1908219020
======================
   8      32 sdc 748172 9 175846336 4421476 9312358 7825391 3782282064 1903100344 137 14756312 1908363000
======================
   8      32 sdc 748172 9 175846336 4421476 9312603 7825391 3782351184 1903233148 148 14757312 1908506508
======================
   8      32 sdc 748172 9 175846336 4421476 9312769 7825391 3782398544 1903373512 142 14758316 1908651688
======================
   8      32 sdc 748172 9 175846336 4421476 9313007 7825392 3782467152 1903509644 128 14759320 1908793816
======================
   8      32 sdc 748172 9 175846336 4421476 9313134 7825392 3782501968 1903633184 129 14760320 1908931656
======================
   8      32 sdc 748172 9 175846336 4421476 9313400 7825393 3782574952 1903801744 153 14761324 1909076500
======================
   8      32 sdc 748172 9 175846336 4421476 9313665 7825393 3782650728 1903947048 144 14762328 1909223064
======================
   8      32 sdc 748172 9 175846336 4421476 9313905 7825393 3782717800 1904092744 128 14763332 1909368440
======================
   8      32 sdc 748172 9 175846336 4421476 9314096 7825393 3782772840 1904208740 129 14764332 1909510280
======================
   8      32 sdc 748172 9 175846336 4421476 9314336 7825393 3782841960 1904373592 145 14765336 1909651600
======================
   8      32 sdc 748172 9 175846336 4421476 9314601 7825394 3782916480 1904533220 138 14766340 1909796376
======================
   8      32 sdc 748172 9 175846336 4421476 9314833 7825394 3782983040 1904656648 130 14767344 1909938864
======================
   8      32 sdc 748172 9 175846336 4421476 9315105 7825394 3783063168 1904818064 146 14768344 1910084440
======================
   8      32 sdc 748172 9 175846336 4421476 9315332 7825394 3783127424 1904954052 143 14769348 1910228652
======================
   8      32 sdc 748172 9 175846336 4421476 9315572 7825394 3783194752 1905097568 159 14770348 1910372656
======================
   8      32 sdc 748172 9 175846336 4421476 9315759 7825395 3783245720 1905209628 134 14771352 1910516696
======================
   8      32 sdc 748172 9 175846336 4421476 9315933 7825395 3783296408 1905381524 152 14772352 1910659040
======================
   8      32 sdc 748172 9 175846336 4421476 9316190 7825395 3783370904 1905528972 151 14773360 1910805792
======================
   8      32 sdc 748172 9 175846336 4421476 9316353 7825395 3783418008 1905640456 148 14774360 1910949736
======================
   8      32 sdc 748172 9 175846336 4421476 9316522 7825395 3783466904 1905827192 139 14775368 1911096308
======================
   8      32 sdc 748172 9 175846336 4421476 9316693 7825396 3783515056 1905926348 130 14776380 1911240704
======================
   8      32 sdc 748172 9 175846336 4421476 9316956 7825396 3783592624 1906117016 155 14777384 1911379684
======================
   8      32 sdc 748172 9 175846336 4421476 9317202 7825396 3783661488 1906255208 133 14778392 1911524228
======================
   8      32 sdc 748172 9 175846336 4421476 9317456 7825396 3783734960 1906399072 135 14779396 1911668368
======================
   8      32 sdc 748172 9 175846336 4421476 9317687 7825396 3783800496 1906520332 128 14780400 1911808180
======================
   8      32 sdc 748172 9 175846336 4421476 9317965 7825397 3783877576 1906689304 140 14781404 1911950464
======================
   8      32 sdc 748172 9 175846336 4421476 9318218 7825398 3783952072 1906832832 143 14782408 1912095200
======================
   8      32 sdc 748172 9 175846336 4421476 9318330 7825398 3783985608 1906916380 159 14783412 1912239296
======================
   8      32 sdc 748172 9 175846336 4421476 9318555 7825398 3784048072 1907114884 158 14784412 1912383244
======================
   8      32 sdc 748172 9 175846336 4421476 9318732 7825399 3784098760 1907249680 141 14785416 1912527716
======================
   8      32 sdc 748172 9 175846336 4421476 9318909 7825400 3784149984 1907370264 158 14786416 1912672336
======================
   8      32 sdc 748172 9 175846336 4421476 9319033 7825400 3784185312 1907510672 130 14787420 1912815996
======================
   8      32 sdc 748172 9 175846336 4421476 9319174 7825400 3784225504 1907661724 149 14788424 1912961864
======================
   8      32 sdc 748172 9 175846336 4421476 9319461 7825400 3784308960 1907845620 150 14789428 1913106252
======================
   8      32 sdc 748172 9 175846336 4421476 9319721 7825401 3784384224 1907978636 146 14790428 1913250436
======================
   8      32 sdc 748172 9 175846336 4421476 9319972 7825403 3784455672 1908120076 153 14791440 1913397000
======================
   8      32 sdc 748172 9 175846336 4421476 9320229 7825403 3784530424 1908273340 152 14792440 1913541600
======================
   8      32 sdc 748172 9 175846336 4421476 9320457 7825403 3784595960 1908421384 148 14793444 1913689600
======================
   8      32 sdc 748172 9 175846336 4421476 9320707 7825403 3784667128 1908564888 154 14794464 1913835796
======================
   8      32 sdc 748172 9 175846336 4421476 9320866 7825403 3784713976 1908685540 155 14795468 1913981244
======================
   8      32 sdc 748172 9 175846336 4421476 9321071 7825404 3784772880 1908826212 144 14796468 1914125368
