======================
   8      16 sdb 1305392 9 330475090 686792 3501385 4036729 1789374840 231013776 0 2123320 231690180
======================
   8      16 sdb 1305392 9 330475090 686792 3501387 4036741 1789374952 231013776 0 2123320 231690180
======================
   8      16 sdb 1305396 9 330475122 686936 3503677 4036741 1790546208 231064800 106 2123868 231745296
======================
   8      16 sdb 1305401 9 330475162 687256 3506184 4036741 1791826800 231176816 133 2124868 231857392
======================
   8      16 sdb 1305410 9 330475234 687576 3507953 4036741 1792730520 231264940 154 2125872 231983152
======================
   8      16 sdb 1305414 9 330475266 687928 3510198 4036784 1793868008 231484412 141 2127320 232170152
======================
   8      16 sdb 1305417 9 330475290 687960 3511873 4036784 1794722448 231629464 135 2128328 232312552
======================
   8      16 sdb 1305418 9 330475298 687976 3512231 4036873 1794902576 231655432 0 2128512 232332980
======================
   8      16 sdb 1305418 9 330475298 687976 3512255 4036956 1794903424 231655436 0 2128516 232332984
======================
   8      16 sdb 1305418 9 330475298 687976 3512255 4036956 1794903424 231655436 0 2128516 232332984
======================
   8      16 sdb 1305418 9 330475298 687976 3512255 4036956 1794903424 231655436 0 2128516 232332984
======================
   8      16 sdb 1305418 9 330475298 687976 3512255 4036956 1794903424 231655436 0 2128516 232332984
======================
started
   8      16 sdb 1305418 9 330475298 687976 3512255 4036956 1794903424 231655436 0 2128516 232332984
======================
   8      16 sdb 1305419 9 330475306 687980 3512255 4036956 1794903424 231655436 0 2128520 232332988
======================
   8      16 sdb 1305419 9 330475306 687980 3512255 4036956 1794903424 231655436 0 2128520 232332988
======================
   8      16 sdb 1305445 9 330475514 687980 3512255 4036956 1794903424 231655436 0 2128520 232332988
======================
   8      16 sdb 1305445 9 330475514 687980 3512255 4036956 1794903424 231655436 0 2128520 232332988
======================
   8      16 sdb 1305445 9 330475514 687980 3513837 4036956 1795712640 231670012 0 2128636 232347564
======================
   8      16 sdb 1305445 9 330475514 687980 3513837 4036956 1795712640 231670012 0 2128636 232347564
======================
   8      16 sdb 1305445 9 330475514 687980 3515065 4036956 1796340864 231682928 138 2128796 232365872
======================
   8      16 sdb 1305445 9 330475514 687980 3516990 4036960 1797324392 231825192 135 2129796 232507872
======================
   8      16 sdb 1305445 9 330475514 687980 3518914 4036960 1798308456 231967720 131 2130800 232650580
======================
   8      16 sdb 1305445 9 330475514 687980 3520876 4036960 1799312232 232113320 153 2131824 232795980
======================
   8      16 sdb 1305445 9 330475514 687980 3522809 4036960 1800301288 232255732 145 2132832 232938512
======================
   8      16 sdb 1305445 9 330475514 687980 3524722 4036960 1801280680 232398432 152 2133840 233081376
======================
   8      16 sdb 1305445 9 330475514 687980 3526625 4036963 1802253520 232541436 139 2134844 233224360
======================
   8      16 sdb 1305445 9 330475514 687980 3528546 4036963 1803237072 232684240 138 2135848 233367172
======================
   8      16 sdb 1305445 9 330475514 687980 3530471 4036963 1804222672 232828336 133 2136852 233511280
======================
   8      16 sdb 1305445 9 330475514 687980 3532396 4036963 1805208272 232971280 128 2137856 233654056
======================
   8      16 sdb 1305445 9 330475514 687980 3534317 4036966 1806191824 233113880 130 2138856 233796348
======================
   8      16 sdb 1305445 9 330475514 687980 3536243 4036966 1807175416 233256260 155 2139860 233938752
======================
   8      16 sdb 1305445 9 330475514 687980 3538147 4036966 1808149176 233398568 139 2140864 234081256
======================
   8      16 sdb 1305445 9 330475514 687980 3540045 4036966 1809119928 233541120 129 2141868 234223796
======================
   8      16 sdb 1305445 9 330475514 687980 3541966 4036966 1810103480 233683728 128 2142872 234366628
======================
   8      16 sdb 1305445 9 330475514 687980 3543893 4036969 1811089144 233826624 154 2143876 234509436
======================
   8      16 sdb 1305445 9 330475514 687980 3545815 4036969 1812071648 233969112 153 2144876 234651652
======================
   8      16 sdb 1305445 9 330475514 687980 3547747 4036969 1813059552 234112024 141 2145884 234794748
======================
   8      16 sdb 1305445 9 330475514 687980 3549590 4036969 1814002400 234248856 154 2146888 234937772
======================
   8      16 sdb 1305445 9 330475514 687980 3551571 4036969 1815015648 234398432 138 2147892 235081108
======================
   8      16 sdb 1305445 9 330475514 687980 3553473 4036972 1815988448 234541264 157 2148896 235224076
======================
   8      16 sdb 1305445 9 330475514 687980 3555401 4036972 1816973576 234683972 150 2149900 235366896
======================
   8      16 sdb 1305445 9 330475514 687980 3557333 4036972 1817961736 234827136 138 2150908 235510168
======================
   8      16 sdb 1305445 9 330475514 687980 3559263 4036972 1818948872 234969440 128 2151912 235651960
======================
   8      16 sdb 1305447 9 330475530 688072 3561192 4036972 1819935496 235104932 155 2152916 235786752
======================
   8      16 sdb 1305448 9 330475538 688152 3563115 4036981 1820918616 235240028 131 2153920 235922140
======================
   8      16 sdb 1305450 9 330475554 688328 3565022 4036981 1821892960 235370072 141 2154924 236051836
======================
   8      16 sdb 1305453 9 330475578 688536 3566925 4036981 1822866272 235491648 152 2155928 236174480
======================
   8      16 sdb 1305456 9 330475602 688768 3568846 4036981 1823848288 235613008 142 2156928 236295972
======================
   8      16 sdb 1305459 9 330475626 689004 3570774 4036981 1824832864 235734524 153 2157932 236418036
======================
   8      16 sdb 1305462 9 330475650 689192 3572700 4037011 1825816664 235859556 157 2158936 236543352
======================
   8      16 sdb 1305467 9 330475690 689520 3574627 4037011 1826800736 235973448 144 2159940 236657112
======================
   8      16 sdb 1305470 9 330475714 689752 3576553 4037011 1827784800 236096576 148 2160944 236779768
======================
   8      16 sdb 1305472 9 330475730 689896 3578458 4037012 1828758368 236226016 141 2161948 236910484
======================
   8      16 sdb 1305476 9 330475762 690216 3580367 4037013 1829734496 236342060 139 2162948 237026756
======================
   8      16 sdb 1305479 9 330475786 690440 3582275 4037048 1830709560 236467604 150 2163952 237152152
======================
   8      16 sdb 1305481 9 330475802 690580 3584213 4037048 1831699264 236597924 132 2164964 237283056
======================
   8      16 sdb 1305482 9 330475810 690660 3586140 4037048 1832683712 236733464 135 2165968 237418756
======================
   8      16 sdb 1305485 9 330475834 690896 3588067 4037048 1833668160 236855484 135 2166968 237540588
======================
   8      16 sdb 1305487 9 330475850 691064 3589992 4037048 1834651904 236983924 138 2167972 237669312
======================
   8      16 sdb 1305491 9 330475882 691316 3591917 4037078 1835635704 237103188 136 2168976 237788948
======================
   8      16 sdb 1305494 9 330475906 691528 3593819 4037078 1836608256 237227004 145 2169980 237912972
======================
   8      16 sdb 1305498 9 330475938 691824 3595719 4037078 1837580608 237346112 138 2170976 238031212
======================
   8      16 sdb 1305502 9 330475970 692064 3597643 4037078 1838564864 237464244 141 2171980 238156476
======================
   8      16 sdb 1305506 9 330476002 692096 3599567 4037078 1839548608 237611148 142 2172984 238298228
======================
   8      16 sdb 1305510 9 330476034 692148 3601487 4037115 1840530416 237750540 141 2173988 238439532
======================
   8      16 sdb 1305514 9 330476066 692204 3603410 4037115 1841513464 237892292 142 2174988 238580636
======================
   8      16 sdb 1305518 9 330476098 692280 3605340 4037115 1842500600 238030832 145 2175996 238722424
======================
   8      16 sdb 1305522 9 330476130 692396 3607236 4037115 1843470200 238175712 139 2177000 238862604
======================
   8      16 sdb 1305526 9 330476162 692532 3609136 4037115 1844441976 238312940 133 2178000 238999600
======================
   8      16 sdb 1305530 9 330476194 692672 3611061 4037159 1845426272 238448424 128 2179004 239134816
======================
   8      16 sdb 1305533 9 330476218 692796 3612986 4037159 1846410600 238580596 79 2180008 239270956
======================
   8      16 sdb 1305538 9 330476258 693016 3614911 4037159 1847394728 238713288 137 2181012 239400760
======================
   8      16 sdb 1305542 9 330476290 693244 3616843 4037248 1848378120 238840236 132 2182016 239528016
======================
   8      16 sdb 1305545 9 330476314 693412 3618600 4037248 1849277320 238961624 117 2183016 239659136
======================
   8      16 sdb 1305550 9 330476354 693772 3620834 4037293 1850419896 239100268 155 2184104 239787740
======================
   8      16 sdb 1305554 9 330476386 693992 3622571 4037293 1851308480 239214768 128 2185116 239913308
