======================
   8      32 sdc 855448 12278 225312296 22357576 10696486 248768081 5333725112 2952461372 0 20486596 2975830380
======================
   8      32 sdc 855448 12278 225312296 22357576 10696486 248768081 5333725112 2952461372 0 20486596 2975830380
======================
   8      32 sdc 855449 12278 225312304 22357588 10696486 248768081 5333725112 2952461372 0 20486608 2975830392
======================
   8      32 sdc 855449 12278 225312304 22357588 10696486 248768081 5333725112 2952461372 0 20486608 2975830392
======================
   8      32 sdc 855449 12278 225312304 22357588 10696486 248768081 5333725112 2952461372 0 20486608 2975830392
======================
   8      32 sdc 855457 12278 225312368 22357652 10696486 248768081 5333725112 2952461372 0 20486672 2975830456
======================
   8      32 sdc 855457 12278 225312368 22357652 10696486 248768081 5333725112 2952461372 0 20486672 2975830456
======================
   8      32 sdc 855457 12278 225312368 22357652 10696486 248768081 5333725112 2952461372 0 20486672 2975830456
======================
   8      32 sdc 855457 12278 225312368 22357652 10696486 248768081 5333725112 2952461372 0 20486672 2975830456
======================
   8      32 sdc 855457 12278 225312368 22357652 10696486 248768081 5333725112 2952461372 0 20486672 2975830456
======================
   8      32 sdc 855457 12278 225312368 22357652 10696556 248772331 5333759672 2952462456 0 20486720 2975831540
======================
   8      32 sdc 855457 12278 225312368 22357652 10696556 248772331 5333759672 2952462456 0 20486720 2975831540
======================
   8      32 sdc 855457 12278 225312368 22357652 10696556 248772331 5333759672 2952462456 0 20486720 2975831540
======================
   8      32 sdc 855457 12278 225312368 22357652 10696556 248772331 5333759672 2952462456 0 20486720 2975831540
======================
   8      32 sdc 855457 12278 225312368 22357652 10696556 248772331 5333759672 2952462456 0 20486720 2975831540
======================
   8      32 sdc 855457 12278 225312368 22357652 10696556 248772331 5333759672 2952462456 0 20486720 2975831540
======================
   8      32 sdc 855457 12278 225312368 22357652 10696653 248776535 5333794080 2952462908 0 20486728 2975831992
======================
   8      32 sdc 855457 12278 225312368 22357652 10696653 248776535 5333794080 2952462908 0 20486728 2975831992
======================
   8      32 sdc 855457 12278 225312368 22357652 10696654 248776535 5333794080 2952462908 0 20486728 2975831992
started
======================
   8      32 sdc 855457 12278 225312368 22357652 10696654 248776535 5333794080 2952462908 0 20486728 2975831992
======================
   8      32 sdc 855630 12278 225313752 22357744 10696654 248776535 5333794080 2952462908 0 20486816 2975832084
======================
   8      32 sdc 855718 12278 225314456 22357804 10696654 248776535 5333794080 2952462908 0 20486876 2975832144
======================
   8      32 sdc 855809 12278 225315184 22357832 10696654 248776535 5333794080 2952462908 0 20486904 2975832172
======================
   8      32 sdc 855903 12278 225315936 22357892 10696654 248776535 5333794080 2952462908 0 20486964 2975832232
======================
   8      32 sdc 855987 12278 225316608 22357956 10696779 248784536 5333858592 2952462988 3 20487052 2975832404
======================
   8      32 sdc 856067 12278 225317248 22358040 10697356 248819256 5334141464 2952463412 0 20487408 2975832876
======================
   8      32 sdc 856151 12278 225317920 22358088 10697356 248819256 5334141464 2952463412 1 20487456 2975832924
======================
   8      32 sdc 856239 12278 225318624 22358140 10697356 248819256 5334141464 2952463412 0 20487508 2975832976
======================
   8      32 sdc 856354 12278 225319544 22358188 10697356 248819256 5334141464 2952463412 0 20487556 2975833024
======================
   8      32 sdc 856440 12278 225320232 22358272 10697651 248837776 5334291984 2952463536 0 20487656 2975833232
======================
   8      32 sdc 856523 12278 225320896 22358344 10698367 248881564 5334647656 2952465952 1 20488176 2975835712
======================
   8      32 sdc 856535 12278 225320992 22359104 10698875 248922833 5334904616 2952575944 155 20489180 2975957764
======================
   8      32 sdc 856542 12278 225321048 22359732 10699410 248956673 5335177600 2952653272 159 20490184 2976077180
======================
   8      32 sdc 856554 12278 225321144 22360784 10700355 249007786 5335654016 2952791608 41 20491188 2976164364
======================
   8      32 sdc 856558 12278 225321176 22360904 10700624 249031853 5335790264 2952795192 156 20492192 2976290472
======================
   8      32 sdc 856558 12278 225321176 22360904 10700908 249049623 5335935200 2952796296 155 20493196 2976446356
======================
   8      32 sdc 856561 12278 225321200 22363212 10701208 249068379 5336088152 2953148724 154 20494200 2976586368
======================
   8      32 sdc 856565 12278 225321232 22363972 10701616 249093825 5336294984 2953259452 154 20495204 2976732236
======================
   8      32 sdc 856570 12278 225321272 22365388 10702174 249119089 5336569112 2953484060 23 20496208 2976864552
======================
   8      32 sdc 856597 12278 225321488 22365936 10702196 249119089 5336578848 2953494520 0 20496676 2976871868
======================
   8      32 sdc 856637 12278 225321808 22366152 10702196 249119089 5336578848 2953494520 1 20496896 2976872088
======================
   8      32 sdc 856682 12278 225322168 22366452 10702333 249127594 5336647984 2953494592 1 20497212 2976872452
======================
   8      32 sdc 856778 12278 225322936 22366504 10702333 249127594 5336647984 2953494592 0 20497264 2976872504
======================
   8      32 sdc 856836 12278 225323400 22366660 10702333 249127594 5336647984 2953494592 0 20497420 2976872660
======================
   8      32 sdc 856888 12278 225323816 22366848 10702333 249127594 5336647984 2953494592 0 20497608 2976872848
======================
   8      32 sdc 856947 12278 225324288 22366960 10702333 249127594 5336647984 2953494592 1 20497724 2976872964
======================
   8      32 sdc 856967 12278 225324448 22367548 10702572 249142531 5336769392 2953494708 1 20498324 2976873664
======================
   8      32 sdc 857041 12278 225325040 22367904 10702572 249142531 5336769392 2953494708 0 20498568 2976874016
======================
   8      32 sdc 857082 12278 225325368 22368120 10702572 249142531 5336769392 2953494708 1 20498788 2976874236
======================
   8      32 sdc 857092 12278 225325448 22368392 10703019 249180336 5336996280 2953516372 158 20499616 2976958384
======================
   8      32 sdc 857124 12278 225325704 22369476 10703272 249186321 5337125312 2953620048 0 20500320 2977000924
======================
   8      32 sdc 857156 12278 225325960 22369936 10703661 249219926 5337320152 2953624640 154 20500980 2977018244
======================
   8      32 sdc 857173 12278 225326096 22370732 10703895 249224966 5337439456 2953696740 0 20501704 2977078864
======================
   8      32 sdc 857194 12278 225326264 22371348 10704210 249244139 5337595072 2953702484 2 20502408 2977085224
======================
   8      32 sdc 857227 12278 225326528 22371928 10704411 249258727 5337698496 2953709024 32 20503056 2977092680
======================
   8      32 sdc 857235 12278 225326592 22372564 10705186 249315139 5338091536 2953790460 159 20504064 2977197560
======================
   8      32 sdc 857239 12278 225326624 22373408 10705656 249343596 5338331520 2953919696 142 20505068 2977330160
======================
   8      32 sdc 857245 12278 225326672 22373928 10706185 249376791 5338600304 2953971856 144 20506072 2977432796
======================
   8      32 sdc 857246 12278 225326680 22375372 10706280 249383532 5338648944 2954104916 156 20507076 2977576264
======================
   8      32 sdc 857251 12278 225326720 22376400 10706720 249407064 5338874224 2954329500 90 20508080 2977720508
======================
   8      32 sdc 857260 12278 225326792 22376832 10707370 249451103 5339203080 2954384212 147 20509080 2977823400
======================
   8      32 sdc 857261 12278 225326800 22377864 10707554 249461972 5339296736 2954418184 136 20510088 2977967388
======================
   8      32 sdc 857267 12278 225326848 22378800 10708074 249495070 5339562152 2954654512 143 20511092 2978071592
======================
   8      32 sdc 857273 12278 225326896 22379364 10708576 249527306 5339818008 2954718100 155 20512096 2978191324
======================
   8      32 sdc 857277 12278 225326928 22380288 10708916 249548663 5339992088 2954855112 154 20513100 2978332028
======================
   8      32 sdc 857283 12278 225326976 22381576 10709419 249580400 5340249000 2955032220 156 20514104 2978450816
======================
   8      32 sdc 857290 12278 225327032 22382476 10710212 249628524 5340650992 2955173772 135 20515104 2978573896
======================
   8      32 sdc 857291 12278 225327040 22382808 10710312 249635967 5340702192 2955205148 153 20516108 2978724656
======================
   8      32 sdc 857297 12278 225327088 22383696 10710766 249663798 5340933512 2955345444 143 20517112 2978835668
======================
   8      32 sdc 857307 12278 225327168 22385224 10711578 249705907 5341348064 2955563824 1 20518120 2978961632
======================
   8      32 sdc 857323 12278 225327296 22385876 10712487 249770976 5341806392 2955611164 141 20519128 2979028832
======================
   8      32 sdc 857323 12278 225327296 22385876 10712694 249784681 5341912160 2955612828 151 20520132 2979181300
======================
   8      32 sdc 857323 12278 225327296 22385876 10712694 249784681 5341912160 2955612828 151 20521136 2979332904
======================
   8      32 sdc 857327 12278 225327328 22388204 10713048 249807081 5342091984 2955976460 155 20522140 2979465924
======================
   8      32 sdc 857334 12278 225327384 22389024 10713559 249839210 5342353104 2956080212 155 20523144 2979575472
======================
   8      32 sdc 857338 12278 225327416 22390124 10713926 249861527 5342540624 2956245236 143 20524144 2979708636
======================
   8      32 sdc 857343 12278 225327456 22391236 10714385 249891105 5342775376 2956400596 154 20525148 2979841132
======================
   8      32 sdc 857349 12278 225327504 22392020 10714931 249925734 5343054056 2956507108 160 20526152 2979951896
======================
   8      32 sdc 857352 12278 225327528 22393192 10715394 249952532 5343281808 2956611820 150 20527156 2980096568
======================
   8      32 sdc 857356 12278 225327560 22393892 10716067 249992724 5343601632 2956797040 159 20528160 2980243400
======================
   8      32 sdc 857356 12278 225327560 22393892 10716269 249995454 5343701768 2956992400 2 20529168 2980398852
