======================
   8      16 sdb 2830741 10 496400708 1483384 11596357 4062864 3775917920 519608904 0 4706300 521076432
======================
   8      16 sdb 2830741 10 496400708 1483384 11596359 4062865 3775917944 519608904 0 4706300 521076432
======================
   8      16 sdb 2830741 10 496400708 1483384 11596359 4062865 3775917944 519608904 0 4706300 521076432
======================
   8      16 sdb 2831265 10 496404900 1483540 11625522 4062865 3776354000 519699900 113 4707112 521167616
======================
   8      16 sdb 2831266 10 496404908 1483560 11662165 4062865 3776854176 519838104 159 4708116 521306236
======================
   8      16 sdb 2831267 10 496404916 1483564 11697829 4062865 3777530024 519975584 140 4709116 521443172
======================
   8      16 sdb 2831269 10 496404932 1483580 11733194 4062865 3778218896 520108960 148 4710120 521576592
======================
   8      16 sdb 2831269 10 496404932 1483580 11756700 4062865 3778628688 520243356 154 4711124 521713308
======================
   8      16 sdb 2831269 10 496404932 1483580 11757877 4063369 3778642680 520279520 139 4712128 521854064
======================
   8      16 sdb 2831269 10 496404932 1483580 11759243 4063369 3778654392 520524992 149 4713132 521994620
======================
   8      16 sdb 2831269 10 496404932 1483580 11771691 4063369 3778760344 520669620 133 4714136 522137640
======================
   8      16 sdb 2831271 10 496404948 1483600 11804087 4063831 3779385352 520805748 113 4715136 522273260
======================
   8      16 sdb 2831271 10 496404948 1483600 11839116 4063831 3779851672 520945804 142 4716140 522413496
======================
   8      16 sdb 2831273 10 496404964 1483620 11873325 4063837 3780487288 521080456 147 4717148 522548808
======================
   8      16 sdb 2831274 10 496404972 1483636 11904631 4063838 3780936784 521211676 135 4718148 522686016
======================
   8      16 sdb 2831274 10 496404972 1483636 11909478 4063838 3781162784 521359468 152 4719152 522829460
======================
   8      16 sdb 2831274 10 496404972 1483636 11914008 4063838 3781200872 521503272 138 4720156 522973512
======================
   8      16 sdb 2831274 10 496404972 1483636 11924014 4063838 3781284832 521648028 148 4721156 523115932
======================
   8      16 sdb 2831276 10 496404988 1483664 11958144 4063845 3781900744 521784856 135 4722160 523252940
======================
   8      16 sdb 2831276 10 496404988 1483664 11992469 4063845 3782356984 521923952 57 4723164 523391896
======================
   8      16 sdb 2831277 10 496404996 1483676 12025608 4063845 3782954824 522055116 135 4724164 523522840
======================
   8      16 sdb 2831280 10 496405020 1483700 12057973 4063845 3783584168 522183616 150 4725168 523651488
======================
   8      16 sdb 2831281 10 496405028 1483912 12079732 4063845 3783946728 522301620 130 4726172 523774276
======================
   8      16 sdb 2831281 10 496405028 1483912 12083172 4063855 3783974600 522447016 148 4727176 523918308
======================
   8      16 sdb 2831281 10 496405028 1483912 12086492 4063855 3784001464 522589984 156 4728176 524060624
======================
   8      16 sdb 2831281 10 496405028 1483912 12089934 4063855 3784029176 522736352 138 4729180 524207064
======================
   8      16 sdb 2831286 10 496405068 1483932 12100595 4063859 3785552160 522865276 145 4730184 524345616
======================
   8      16 sdb 2831290 10 496405100 1484048 12102442 4063859 3786497312 523012708 132 4731188 524486040
======================
   8      16 sdb 2831294 10 496405132 1484164 12104360 4063872 3787479440 523149736 147 4732188 524621824
======================
   8      16 sdb 2831298 10 496405164 1484300 12106282 4063872 3788463504 523284112 119 4733192 524757228
======================
   8      16 sdb 2831302 10 496405196 1484452 12108186 4063872 3789438352 523419324 142 4734196 524892948
======================
   8      16 sdb 2831306 10 496405228 1484624 12110085 4063872 3790410640 523553060 134 4735200 525026960
======================
   8      16 sdb 2831310 10 496405260 1484824 12112003 4063872 3791392656 523687024 146 4736204 525158972
======================
   8      16 sdb 2831314 10 496405292 1485024 12113924 4063872 3792376208 523811188 154 4737208 525285476
======================
   8      16 sdb 2831318 10 496405324 1485268 12115849 4063872 3793361808 523931724 131 4738212 525406128
======================
   8      16 sdb 2831322 10 496405356 1485524 12117769 4063872 3794344848 524056284 148 4739216 525530820
======================
   8      16 sdb 2831325 10 496405380 1485664 12119698 4063944 3795330048 524183400 22 4740220 525654408
======================
   8      16 sdb 2831330 10 496405420 1485992 12121596 4063944 3796301824 524297300 131 4741216 525772176
======================
   8      16 sdb 2831334 10 496405452 1486280 12123497 4063944 3797275136 524415432 137 4742220 525890612
======================
   8      16 sdb 2831338 10 496405484 1486584 12125418 4063944 3798258688 524536320 145 4743224 526009636
======================
   8      16 sdb 2831341 10 496405508 1486800 12127340 4063944 3799242752 524656956 59 4744228 526131056
======================
   8      16 sdb 2831346 10 496405548 1487068 12129252 4063967 3800220872 524767612 137 4745228 526243640
======================
   8      16 sdb 2831350 10 496405580 1487348 12131187 4063983 3801210208 524885220 140 4746232 526361576
======================
   8      16 sdb 2831354 10 496405612 1487636 12133110 4063983 3802194784 525004284 137 4747236 526479252
======================
   8      16 sdb 2831357 10 496405636 1487852 12135008 4063983 3803166560 525124584 76 4748236 526601332
======================
   8      16 sdb 2831362 10 496405676 1488196 12136927 4063983 3804149088 525236900 143 4749240 526714492
======================
   8      16 sdb 2831366 10 496405708 1488508 12138830 4064006 3805122600 525349284 144 4750244 526827168
======================
   8      16 sdb 2831370 10 496405740 1488808 12140751 4064022 3806105280 525470592 147 4751240 526944356
======================
   8      16 sdb 2831373 10 496405764 1489036 12142673 4064022 3807088832 525590408 96 4752244 527067824
======================
   8      16 sdb 2831378 10 496405804 1489356 12144591 4064022 3808070848 525701464 131 4753252 527180384
======================
   8      16 sdb 2831382 10 496405836 1489652 12146519 4064022 3809058496 525820416 139 4754260 527299748
======================
   8      16 sdb 2831386 10 496405868 1489936 12148445 4064045 3810043272 525933528 137 4755264 527411404
======================
   8      16 sdb 2831389 10 496405892 1490156 12150352 4064062 3811018784 526055152 69 4756268 527533560
======================
   8      16 sdb 2831394 10 496405932 1490464 12152250 4064062 3811990560 526167980 152 4757256 527647420
======================
   8      16 sdb 2831398 10 496405964 1490752 12154174 4064062 3812975648 526283956 150 4758260 527763876
======================
   8      16 sdb 2831402 10 496405996 1491056 12156096 4064062 3813959712 526404148 132 4759260 527880544
======================
   8      16 sdb 2831405 10 496406020 1491272 12158018 4064085 3814942952 526523352 85 4760260 528003264
======================
   8      16 sdb 2831410 10 496406060 1491592 12159939 4064102 3815925128 526634612 154 4761264 528115924
======================
   8      16 sdb 2831414 10 496406092 1491888 12161864 4064102 3816910728 526753132 131 4762264 528234632
======================
   8      16 sdb 2831418 10 496406124 1492204 12163759 4064102 3817880968 526873788 155 4763260 528350808
======================
   8      16 sdb 2831421 10 496406148 1492436 12165658 4064102 3818853256 526992604 128 4764264 528474484
======================
   8      16 sdb 2831426 10 496406188 1492772 12167557 4064124 3819824712 527101324 143 4765268 528583532
======================
   8      16 sdb 2831430 10 496406220 1493052 12169479 4064140 3820807896 527219228 139 4766272 528701132
======================
   8      16 sdb 2831433 10 496406244 1493264 12171401 4064140 3821791960 527341188 21 4767276 528820168
======================
   8      16 sdb 2831437 10 496406276 1493560 12173324 4064140 3822776536 527459016 131 4768280 528942212
======================
   8      16 sdb 2831442 10 496406316 1493840 12175247 4064140 3823761112 527571996 141 4769280 529055564
======================
   8      16 sdb 2831446 10 496406348 1494056 12177168 4064163 3824743840 527695340 128 4770280 529178064
======================
   8      16 sdb 2831449 10 496406372 1494276 12179070 4064179 3825716280 527819496 37 4771280 529300232
======================
   8      16 sdb 2831453 10 496406404 1494572 12180970 4064179 3826689080 527937692 138 4772284 529421648
======================
   8      16 sdb 2831458 10 496406444 1494900 12182889 4064179 3827671608 528050796 131 4773280 529535084
======================
   8      16 sdb 2831462 10 496406476 1495200 12184811 4064179 3828655672 528169820 136 4774280 529652700
======================
   8      16 sdb 2831465 10 496406500 1495364 12186735 4064202 3829639936 528290324 54 4775284 529773100
======================
   8      16 sdb 2831469 10 496406532 1495652 12188662 4064218 3830625176 528408356 132 4776288 529893560
======================
   8      16 sdb 2831474 10 496406572 1495976 12190579 4064218 3831606680 528518624 154 4777288 530003628
======================
   8      16 sdb 2831478 10 496406604 1496280 12192475 4064218 3832577432 528638148 136 4778292 530120888
======================
   8      16 sdb 2831481 10 496406628 1496500 12194374 4064218 3833549720 528759396 66 4779296 530243724
======================
   8      16 sdb 2831485 10 496406660 1496752 12196296 4064241 3834532960 528870016 133 4780300 530356660
======================
   8      16 sdb 2831490 10 496406700 1497084 12198218 4064258 3835516664 528980492 141 4781304 530467564
======================
   8      16 sdb 2831494 10 496406732 1497372 12200141 4064258 3836500728 529099424 142 4782304 530584244
======================
   8      16 sdb 2831497 10 496406756 1497588 12202062 4064258 3837484280 529220168 62 4783304 530705808
======================
   8      16 sdb 2831501 10 496406788 1497876 12203981 4064258 3838466808 529336312 138 4784308 530824152
======================
   8      16 sdb 2831506 10 496406828 1498148 12205883 4064281 3839439808 529445892 146 4785312 530933784
======================
   8      16 sdb 2831510 10 496406860 1498448 12207788 4064298 3840414296 529562800 151 4786316 531047032
======================
   8      16 sdb 2831513 10 496406884 1498668 12209709 4064298 3841397848 529682256 99 4787320 531170152
======================
   8      16 sdb 2831517 10 496406916 1498960 12211631 4064298 3842381912 529798336 147 4788316 531286748
======================
   8      16 sdb 2831522 10 496406956 1499284 12213552 4064298 3843365464 529908952 136 4789320 531397748
======================
   8      16 sdb 2831526 10 496406988 1499576 12215470 4064321 3844346656 530030732 150 4790324 531516116
======================
   8      16 sdb 2831529 10 496407012 1499792 12217396 4064337 3845330880 530149764 98 4791324 531638524
======================
   8      16 sdb 2831533 10 496407044 1500080 12219296 4064337 3846303680 530265076 151 4792324 531754672
======================
   8      16 sdb 2831538 10 496407084 1500412 12221195 4064337 3847275968 530375268 138 4793328 531864296
======================
   8      16 sdb 2831541 10 496407108 1500644 12223113 4064337 3848257984 530496580 13 4794328 531982544
======================
   8      16 sdb 2831545 10 496407140 1500940 12224932 4064359 3849188480 530601024 159 4795332 532100692
======================
   8      16 sdb 2831549 10 496407172 1501164 12226962 4064375 3850226960 530734140 147 4796336 532224780
======================
   8      16 sdb 2831554 10 496407212 1501496 12228880 4064375 3851209488 530846460 143 4797328 532336540
======================
   8      16 sdb 2831557 10 496407236 1501716 12230804 4064375 3852194064 530965884 6 4798332 532452396
======================
   8      16 sdb 2831561 10 496407268 1502004 12232703 4064375 3853166352 531081768 133 4799332 532573588
======================
   8      16 sdb 2831565 10 496407300 1502296 12234604 4064398 3854138840 531196368 156 4800332 532688788
======================
   8      16 sdb 2831570 10 496407340 1502616 12236524 4064415 3855121008 531310680 143 4801328 532800476
======================
   8      16 sdb 2831573 10 496407364 1502832 12238448 4064415 3856106096 531432800 46 4802332 532922664
======================
   8      16 sdb 2831577 10 496407396 1503128 12240371 4064415 3857090672 531548184 133 4803332 533040776
======================
   8      16 sdb 2831581 10 496407428 1503416 12242289 4064415 3858072688 531666080 132 4804336 533158996
======================
   8      16 sdb 2831586 10 496407468 1503680 12244206 4064453 3859052480 531777496 147 4805332 533268016
======================
   8      16 sdb 2831589 10 496407492 1503904 12246105 4064453 3860024768 531896800 73 4806336 533389884
======================
   8      16 sdb 2831593 10 496407524 1504204 12248023 4064453 3861006784 532016188 138 4807340 533510008
======================
   8      16 sdb 2831597 10 496407556 1504492 12249920 4064453 3861978560 532131844 148 4808340 533625576
======================
   8      16 sdb 2831602 10 496407596 1504820 12251809 4064453 3862945216 532248132 8 4809344 533737232
======================
   8      16 sdb 2831605 10 496407620 1505040 12253754 4064493 3863938352 532358560 110 4810344 533852764
======================
   8      16 sdb 2831609 10 496407652 1505332 12255672 4064493 3864920368 532474952 156 4811344 533969952
======================
   8      16 sdb 2831613 10 496407684 1505632 12257591 4064493 3865902896 532594632 147 4812348 534089852
======================
   8      16 sdb 2831618 10 496407724 1505972 12259515 4064493 3866887984 532713140 12 4813352 534203368
======================
   8      16 sdb 2831621 10 496407748 1506196 12261414 4064493 3867860784 532828792 130 4814352 534324372
======================
   8      16 sdb 2831625 10 496407780 1506492 12263317 4064516 3868833784 532944740 137 4815352 534440580
======================
   8      16 sdb 2831629 10 496407812 1506788 12265240 4064533 3869817488 533062388 134 4816356 534558584
======================
   8      16 sdb 2831633 10 496407844 1507032 12267147 4064533 3870793872 533180240 1 4817360 534671580
======================
   8      16 sdb 2831637 10 496407876 1507340 12269078 4064533 3871782544 533296808 118 4818360 534793232
======================
   8      16 sdb 2831641 10 496407908 1507640 12270999 4064533 3872766096 533411884 135 4819360 534908872
======================
   8      16 sdb 2831645 10 496407940 1507928 12272922 4064556 3873749848 533525648 135 4820360 535022960
======================
   8      16 sdb 2831649 10 496407972 1508172 12274820 4064573 3874720248 533643288 13 4821360 535136588
======================
   8      16 sdb 2831653 10 496408004 1508488 12276740 4064573 3875703288 533758964 141 4822364 535256688
======================
   8      16 sdb 2831657 10 496408036 1508772 12278661 4064573 3876686840 533875764 146 4823360 535373888
======================
   8      16 sdb 2831661 10 496408068 1509072 12280579 4064573 3877668856 533994020 154 4824364 535492224
======================
   8      16 sdb 2831665 10 496408100 1509312 12282505 4064612 3878652760 534107860 13 4825360 535602268
======================
   8      16 sdb 2831669 10 496408132 1509628 12284424 4064612 3879635288 534224000 142 4826360 535722900
======================
   8      16 sdb 2831673 10 496408164 1509928 12286344 4064612 3880618328 534342040 131 4827360 535841292
======================
   8      16 sdb 2831677 10 496408196 1510220 12288240 4064612 3881589080 534460368 154 4828360 535958344
======================
   8      16 sdb 2831681 10 496408228 1510460 12290143 4064612 3882563416 534577372 55 4829364 536075128
======================
   8      16 sdb 2831685 10 496408260 1510764 12292069 4064651 3883547320 534693532 149 4830368 536193776
======================
   8      16 sdb 2831689 10 496408292 1511060 12293987 4064651 3884529336 534811932 132 4831368 536312096
======================
   8      16 sdb 2831693 10 496408324 1511368 12295907 4064651 3885512376 534931292 138 4832368 536430068
======================
   8      16 sdb 2831697 10 496408356 1511608 12297812 4064651 3886487736 535048500 71 4833368 536548812
======================
   8      16 sdb 2831701 10 496408388 1511928 12299747 4064651 3887478456 535165312 138 4834372 536666844
======================
   8      16 sdb 2831705 10 496408420 1512224 12301643 4064673 3888448888 535283160 132 4835372 536784696
======================
   8      16 sdb 2831709 10 496408452 1512520 12303545 4064690 3889421328 535404276 154 4836376 536901804
======================
   8      16 sdb 2831713 10 496408484 1512756 12305468 4064690 3890405904 535518368 99 4837376 537020024
======================
   8      16 sdb 2831717 10 496408516 1513056 12307382 4064690 3891385872 535634304 138 4838376 537136196
======================
   8      16 sdb 2831721 10 496408548 1513348 12309303 4064690 3892369424 535748360 151 4839376 537250872
======================
   8      16 sdb 2831725 10 496408580 1513636 12311232 4064729 3893354864 535865060 143 4840376 537364148
======================
   8      16 sdb 2831729 10 496408612 1513872 12313151 4064729 3894337392 535980684 101 4841380 537483612
======================
   8      16 sdb 2831733 10 496408644 1514196 12315049 4064729 3895309168 536092408 132 4842360 537596092
======================
   8      16 sdb 2831737 10 496408676 1514496 12316950 4064729 3896282480 536211128 153 4843356 537714232
======================
   8      16 sdb 2831740 10 496408700 1514720 12318874 4064729 3897267568 536335580 10 4844360 537835032
======================
   8      16 sdb 2831745 10 496408740 1515048 12320794 4064753 3898249792 536448712 132 4845360 537952720
======================
   8      16 sdb 2831749 10 496408772 1515344 12322711 4064753 3899231296 536565320 156 4846356 538069824
======================
   8      16 sdb 2831753 10 496408804 1515636 12324635 4064753 3900216384 536684292 149 4847360 538188860
======================
   8      16 sdb 2831756 10 496408828 1515852 12326555 4064753 3901199424 536808132 11 4848364 538308696
======================
   8      16 sdb 2831761 10 496408868 1516184 12328456 4064753 3902172736 536923028 149 4849368 538428508
======================
   8      16 sdb 2831765 10 496408900 1516492 12330357 4064775 3903145216 537039868 154 4850372 538545632
======================
   8      16 sdb 2831769 10 496408932 1516776 12332257 4064775 3904118016 537160360 144 4851372 538664272
======================
   8      16 sdb 2831772 10 496408956 1516996 12334176 4064775 3905100544 537282572 72 4852372 538787572
======================
   8      16 sdb 2831776 10 496408988 1517232 12335797 4064840 3905923944 537381400 0 4853212 538882488
======================
   8      16 sdb 2831776 10 496408988 1517232 12335797 4064840 3905923944 537381400 0 4853212 538882488
======================
   8      16 sdb 2831776 10 496408988 1517232 12335797 4064840 3905923944 537381400 0 4853212 538882488
======================
   8      16 sdb 2831776 10 496408988 1517232 12335797 4064840 3905923944 537381400 0 4853212 538882488
======================
   8      16 sdb 2831776 10 496408988 1517232 12335797 4064840 3905923944 537381400 0 4853212 538882488
======================
   8      16 sdb 2831776 10 496408988 1517232 12335797 4064840 3905923944 537381400 0 4853212 538882488
======================
   8      16 sdb 2831776 10 496408988 1517232 12335797 4064840 3905923944 537381400 0 4853212 538882488
started
======================
   8      16 sdb 2831903 10 496409998 1517264 12335812 4064840 3905924000 537381400 0 4853216 538882520
======================
   8      16 sdb 2831908 10 496410038 1517268 12335812 4064840 3905924000 537381400 0 4853220 538882524
======================
   8      16 sdb 2831908 10 496410038 1517268 12335812 4064840 3905924000 537381400 0 4853220 538882524
======================
   8      16 sdb 2831908 10 496410038 1517268 12335812 4064840 3905924000 537381400 0 4853220 538882524
======================
   8      16 sdb 2831908 10 496410038 1517268 12335812 4064840 3905924000 537381400 0 4853220 538882524
======================
   8      16 sdb 2831908 10 496410038 1517268 12335812 4064840 3905924000 537381400 0 4853220 538882524
======================
   8      16 sdb 2831908 10 496410038 1517268 12335815 4064842 3905924040 537381400 0 4853220 538882524
======================
   8      16 sdb 2831908 10 496410038 1517268 12335815 4064842 3905924040 537381400 0 4853220 538882524
======================
   8      16 sdb 2831908 10 496410038 1517268 12343104 4064842 3906415560 537386868 0 4853332 538887964
======================
   8      16 sdb 2831908 10 496410038 1517268 12352396 4064842 3907044624 537427508 159 4853640 538928588
======================
   8      16 sdb 2831908 10 496410038 1517268 12359997 4064842 3907563600 537545468 143 4854512 539048284
======================
   8      16 sdb 2831908 10 496410038 1517268 12370023 4064843 3908252712 537689112 150 4855516 539190872
======================
   8      16 sdb 2831908 10 496410038 1517268 12379333 4064843 3908896872 537830624 137 4856520 539333400
======================
   8      16 sdb 2831909 10 496410046 1517300 12385079 4064843 3909296168 537973076 143 4857524 539476212
======================
   8      16 sdb 2831909 10 496410046 1517300 12390890 4064843 3909701928 538116916 156 4858528 539619780
======================
   8      16 sdb 2831909 10 496410046 1517300 12396951 4064843 3910127016 538261100 142 4859528 539763564
======================
   8      16 sdb 2831909 10 496410046 1517300 12402971 4064844 3910553216 538404584 140 4860532 539907172
======================
   8      16 sdb 2831909 10 496410046 1517300 12408752 4064844 3910967296 538547896 151 4861536 540050608
======================
   8      16 sdb 2831909 10 496410046 1517300 12414351 4064844 3911372224 538688644 144 4862540 540191380
