======================
   8      32 sdc 1019964 9 205365126 5776796 9702744 11415901 3964715920 2007864168 0 15708212 2014457584
======================
   8      32 sdc 1019964 9 205365126 5776796 9702744 11415901 3964715920 2007864168 0 15708212 2014457584
======================
   8      32 sdc 1019965 9 205365134 5776808 9702744 11415901 3964715920 2007864168 0 15708224 2014457596
======================
   8      32 sdc 1019965 9 205365134 5776808 9702744 11415901 3964715920 2007864168 0 15708224 2014457596
======================
   8      32 sdc 1019965 9 205365134 5776808 9702744 11415901 3964715920 2007864168 0 15708224 2014457596
======================
   8      32 sdc 1073754 9 205795446 5786840 9702744 11415901 3964715920 2007864168 23 15708964 2014467616
======================
   8      32 sdc 1082859 9 205868286 5788372 9702744 11415901 3964715920 2007864168 0 15709088 2014469148
======================
   8      32 sdc 1083216 9 205871142 5788392 9702744 11415901 3964715920 2007864168 0 15709108 2014469168
======================
   8      32 sdc 1083551 9 205873822 5788416 9702744 11415901 3964715920 2007864168 0 15709132 2014469192
======================
   8      32 sdc 1083858 9 205876278 5788432 9702744 11415901 3964715920 2007864168 0 15709148 2014469208
======================
   8      32 sdc 1084131 9 205878462 5788564 9703687 11475232 3965198112 2007864496 0 15709304 2014469664
======================
   8      32 sdc 1084393 9 205880558 5788592 9703687 11475232 3965198112 2007864496 1 15709332 2014469692
======================
   8      32 sdc 1084563 9 205881918 5788620 9703687 11475232 3965198112 2007864496 1 15709712 2014470072
======================
   8      32 sdc 1084563 9 205881918 5788620 9703687 11475232 3965198112 2007864496 1 15710716 2014471076
======================
   8      32 sdc 1084616 9 205882342 5790820 9703687 11475232 3965198112 2007864496 0 15711560 2014471920
======================
   8      32 sdc 1084647 9 205882590 5790872 9704482 11524823 3965600624 2007969316 151 15712480 2014672220
======================
   8      32 sdc 1084655 9 205882654 5791784 9704519 11524920 3965601048 2008001744 146 15713480 2014827664
======================
   8      32 sdc 1084655 9 205882654 5791784 9705182 11540556 3965732160 2008331372 1 15714484 2014940504
======================
   8      32 sdc 1084665 9 205882734 5792268 9705183 11540556 3965732672 2008332552 1 15715448 2014941468
======================
   8      32 sdc 1084821 9 205883982 5792704 9705183 11540556 3965732672 2008332552 0 15715836 2014941856
======================
   8      32 sdc 1084873 9 205884398 5793460 9705535 11562615 3965911960 2008334564 1 15716620 2014944624
======================
   8      32 sdc 1085076 9 205886022 5793728 9705535 11562615 3965911960 2008334564 0 15716888 2014944892
======================
   8      32 sdc 1085271 9 205887582 5793924 9707573 11564000 3965938664 2008342284 138 15717300 2014977940
======================
   8      32 sdc 1085302 9 205887830 5794916 9714051 11567669 3966019848 2008499820 131 15718304 2015116572
======================
   8      32 sdc 1085319 9 205887966 5795868 9717617 11569089 3966060224 2008634800 137 15719308 2015254664
======================
   8      32 sdc 1085331 9 205888062 5796832 9718405 11610060 3966394480 2008729568 1 15720312 2015343004
======================
   8      32 sdc 1085502 9 205889430 5797264 9718405 11610060 3966394480 2008729568 0 15720732 2015343424
======================
   8      32 sdc 1085693 9 205890958 5797552 9718405 11610060 3966394480 2008729568 0 15721020 2015343712
======================
   8      32 sdc 1085889 9 205892526 5797776 9718405 11610060 3966394480 2008729568 0 15721244 2015343936
======================
   8      32 sdc 1085991 9 205893342 5798260 9718405 11610060 3966394480 2008729568 1 15721796 2015344488
======================
   8      32 sdc 1085997 9 205893390 5798692 9719171 11657947 3966783688 2008729868 1 15722676 2015345524
======================
   8      32 sdc 1086011 9 205893502 5800016 9719171 11657947 3966783688 2008729868 1 15723632 2015346480
======================
   8      32 sdc 1086022 9 205893590 5800664 9719171 11657947 3966783688 2008729868 1 15724588 2015347436
======================
   8      32 sdc 1086022 9 205893590 5800664 9719171 11657947 3966783688 2008729868 1 15725592 2015348440
======================
   8      32 sdc 1086023 9 205893598 5802892 9719171 11657947 3966783688 2008729868 1 15726572 2015349420
======================
   8      32 sdc 1086029 9 205893646 5803932 9719249 11662776 3966822944 2008729912 1 15727576 2015350468
======================
   8      32 sdc 1086040 9 205893734 5804884 9719249 11662776 3966822944 2008729912 1 15728536 2015351428
======================
   8      32 sdc 1086135 9 205894494 5805584 9719249 11662776 3966822944 2008729912 1 15729192 2015352084
======================
   8      32 sdc 1086344 9 205896166 5805916 9719249 11662776 3966822944 2008729912 1 15729528 2015352420
======================
   8      32 sdc 1086556 9 205897862 5806284 9719249 11662776 3966822944 2008729912 1 15729896 2015352788
======================
   8      32 sdc 1086769 9 205899566 5806604 9719249 11662776 3966822944 2008729912 1 15730212 2015353104
======================
   8      32 sdc 1086925 9 205900814 5806840 9720060 11713658 3967236480 2008730224 1 15730572 2015353656
======================
   8      32 sdc 1087137 9 205902510 5807112 9720060 11713658 3967236480 2008730224 0 15730840 2015353924
======================
   8      32 sdc 1087370 9 205904374 5807364 9720060 11713658 3967236480 2008730224 1 15731096 2015354180
======================
   8      32 sdc 1087501 9 205905422 5807540 9720060 11713658 3967236480 2008730224 1 15731724 2015354808
======================
   8      32 sdc 1087501 9 205905422 5807540 9720060 11713658 3967236480 2008730224 1 15732728 2015355812
======================
   8      32 sdc 1087628 9 205906438 5809348 9721076 11762607 3967636192 2008730668 1 15733196 2015356600
======================
   8      32 sdc 1087851 9 205908222 5809592 9721076 11762607 3967636192 2008730668 0 15733440 2015356844
======================
   8      32 sdc 1088103 9 205910238 5809860 9721076 11762607 3967636192 2008730668 0 15733708 2015357112
======================
   8      32 sdc 1088220 9 205911174 5810012 9721076 11762607 3967636192 2008730668 1 15734336 2015357740
======================
   8      32 sdc 1088220 9 205911174 5810012 9721076 11762607 3967636192 2008730668 1 15735340 2015358744
======================
   8      32 sdc 1088251 9 205911422 5812104 9722077 11812116 3968040272 2008731656 0 15736140 2015360336
======================
   8      32 sdc 1088429 9 205912846 5812488 9722077 11812116 3968040272 2008731656 0 15736524 2015360720
======================
   8      32 sdc 1088657 9 205914670 5812788 9722077 11812116 3968040272 2008731656 1 15736828 2015361024
======================
   8      32 sdc 1088866 9 205916342 5813088 9722077 11812116 3968040272 2008731656 1 15737128 2015361324
======================
   8      32 sdc 1089052 9 205917830 5813360 9730115 11813722 3968117136 2008756816 118 15737644 2015398904
======================
   8      32 sdc 1089057 9 205917870 5813804 9731073 11866382 3968546352 2008806364 1 15738508 2015437116
======================
   8      32 sdc 1089064 9 205917926 5815188 9731073 11866382 3968546352 2008806364 0 15739504 2015438112
======================
   8      32 sdc 1089253 9 205919438 5815516 9731073 11866382 3968546352 2008806364 1 15739836 2015438444
======================
   8      32 sdc 1089443 9 205920958 5815804 9731073 11866382 3968546352 2008806364 0 15740120 2015438728
======================
   8      32 sdc 1089644 9 205922566 5816068 9731073 11866382 3968546352 2008806364 0 15740384 2015438992
======================
   8      32 sdc 1089724 9 205923206 5816120 9731846 11914852 3968940288 2008806608 1 15740988 2015439724
======================
   8      32 sdc 1089750 9 205923414 5817484 9731846 11914852 3968940288 2008806608 1 15741920 2015440656
======================
   8      32 sdc 1089961 9 205925102 5817816 9731846 11914852 3968940288 2008806608 0 15742252 2015440988
======================
   8      32 sdc 1089982 9 205925270 5817860 9731846 11914852 3968940288 2008806608 0 15742296 2015441032
======================
   8      32 sdc 1089982 9 205925270 5817860 9731846 11914852 3968940288 2008806608 0 15742296 2015441032
======================
   8      32 sdc 1089982 9 205925270 5817860 9732373 11947956 3969209336 2008806788 0 15742376 2015441212
======================
   8      32 sdc 1089982 9 205925270 5817860 9732373 11947956 3969209336 2008806788 0 15742376 2015441212
======================
   8      32 sdc 1089982 9 205925270 5817860 9732373 11947956 3969209336 2008806788 0 15742376 2015441212
======================
   8      32 sdc 1089982 9 205925270 5817860 9732373 11947956 3969209336 2008806788 0 15742376 2015441212
======================
   8      32 sdc 1089982 9 205925270 5817860 9732373 11947956 3969209336 2008806788 0 15742376 2015441212
======================
   8      32 sdc 1089982 9 205925270 5817860 9733143 11984574 3969508432 2008808388 0 15742536 2015442808
======================
   8      32 sdc 1089982 9 205925270 5817860 9733143 11984574 3969508432 2008808388 0 15742536 2015442808
======================
   8      32 sdc 1089982 9 205925270 5817860 9733143 11984574 3969508432 2008808388 0 15742536 2015442808
======================
   8      32 sdc 1089982 9 205925270 5817860 9733143 11984574 3969508432 2008808388 0 15742536 2015442808
======================
   8      32 sdc 1089982 9 205925270 5817860 9733143 11984574 3969508432 2008808388 0 15742536 2015442808
======================
   8      32 sdc 1089982 9 205925270 5817860 9733335 11996580 3969606016 2008808456 0 15742572 2015442872
======================
   8      32 sdc 1089982 9 205925270 5817860 9734480 12055785 3970086312 2008819184 9 15743464 2015453584
======================
   8      32 sdc 1089982 9 205925270 5817860 9735899 12131116 3970658192 2008881128 137 15744468 2015523504
======================
   8      32 sdc 1089982 9 205925270 5817860 9736728 12170917 3970986464 2009003336 134 15745472 2015654660
======================
   8      32 sdc 1089982 9 205925270 5817860 9737480 12204239 3971250288 2009148652 149 15746476 2015797004
======================
   8      32 sdc 1089982 9 205925270 5817860 9738135 12232429 3971517688 2009283432 27 15747476 2015924152
======================
   8      32 sdc 1089982 9 205925270 5817860 9738163 12232429 3971531432 2009290476 0 15747528 2015924856
======================
   8      32 sdc 1089982 9 205925270 5817860 9738163 12232429 3971531432 2009290476 0 15747528 2015924856
======================
   8      32 sdc 1089982 9 205925270 5817860 9738163 12232429 3971531432 2009290476 0 15747528 2015924856
======================
   8      32 sdc 1089982 9 205925270 5817860 9738163 12232429 3971531432 2009290476 0 15747528 2015924856
======================
   8      32 sdc 1089982 9 205925270 5817860 9738349 12243939 3971624992 2009290548 0 15747560 2015924928
======================
   8      32 sdc 1089982 9 205925270 5817860 9738349 12243939 3971624992 2009290548 0 15747560 2015924928
======================
   8      32 sdc 1089982 9 205925270 5817860 9738349 12243939 3971624992 2009290548 0 15747560 2015924928
======================
   8      32 sdc 1089982 9 205925270 5817860 9738349 12243939 3971624992 2009290548 0 15747560 2015924928
======================
   8      32 sdc 1089982 9 205925270 5817860 9738349 12243939 3971624992 2009290548 0 15747560 2015924928
======================
   8      32 sdc 1089982 9 205925270 5817860 9738536 12255617 3971719912 2009290620 0 15747592 2015924996
======================
   8      32 sdc 1089982 9 205925270 5817860 9738536 12255617 3971719912 2009290620 0 15747592 2015924996
======================
   8      32 sdc 1089982 9 205925270 5817860 9738536 12255617 3971719912 2009290620 0 15747592 2015924996
======================
   8      32 sdc 1089982 9 205925270 5817860 9738536 12255617 3971719912 2009290620 0 15747592 2015924996
======================
   8      32 sdc 1089982 9 205925270 5817860 9738536 12255617 3971719912 2009290620 0 15747592 2015924996
======================
   8      32 sdc 1089982 9 205925270 5817860 9738728 12267606 3971817360 2009290684 0 15747620 2015925056
======================
   8      32 sdc 1089982 9 205925270 5817860 9738728 12267606 3971817360 2009290684 0 15747620 2015925056
======================
   8      32 sdc 1089982 9 205925270 5817860 9738861 12273748 3971865176 2009291412 9 15747688 2015925820
======================
   8      32 sdc 1089982 9 205925270 5817860 9739299 12295756 3972047128 2009294396 0 15747932 2015928768
======================
   8      32 sdc 1089982 9 205925270 5817860 9739736 12317736 3972221648 2009297084 16 15748180 2015931552
======================
   8      32 sdc 1089982 9 205925270 5817860 9740939 12379810 3972729848 2009303620 10 15748760 2015937996
======================
   8      32 sdc 1089982 9 205925270 5817860 9742470 12462836 3973357000 2009327092 147 15749764 2015975160
======================
   8      32 sdc 1089982 9 205925270 5817860 9743247 12498489 3973635448 2009467284 138 15750768 2016115156
======================
   8      32 sdc 1089982 9 205925270 5817860 9743482 12511455 3973747712 2009522248 154 15751772 2016256316
======================
   8      32 sdc 1089982 9 205925270 5817860 9743482 12511455 3973747712 2009522248 154 15752776 2016410932
======================
   8      32 sdc 1089982 9 205925270 5817860 9743668 12521706 3973823800 2009930184 132 15753776 2016658148
======================
   8      32 sdc 1089982 9 205925270 5817860 9744158 12552715 3974071048 2010112080 144 15754748 2016763860
======================
   8      32 sdc 1089982 9 205925270 5817860 9744675 12584838 3974334584 2010248404 140 15755752 2016901392
======================
   8      32 sdc 1089985 9 205925294 5818436 9745013 12607210 3974507272 2010390348 158 15756756 2017041660
======================
   8      32 sdc 1089986 9 205925302 5818784 9745256 12621675 3974627480 2010461668 154 15757760 2017184588
======================
   8      32 sdc 1089991 9 205925342 5819604 9746828 12710072 3975355936 2010594556 136 15758760 2017243728
======================
   8      32 sdc 1089991 9 205925342 5819604 9747684 12763335 3975789280 2010729668 134 15759764 2017378128
======================
   8      32 sdc 1089991 9 205925342 5819604 9748454 12811075 3976177608 2010852472 134 15760768 2017513148
======================
   8      32 sdc 1089991 9 205925342 5819604 9749032 12847440 3976471232 2010994068 140 15761768 2017649220
======================
   8      32 sdc 1089991 9 205925342 5819604 9749588 12881891 3976752552 2011132260 136 15762772 2017786412
======================
   8      32 sdc 1089991 9 205925342 5819604 9750146 12920593 3977037568 2011273012 194 15763776 2017991912
======================
   8      32 sdc 1089991 9 205925342 5819604 9750729 12952076 3977319320 2011420452 141 15764684 2018074812
======================
   8      32 sdc 1089991 9 205925342 5819604 9751295 12982560 3977600632 2011550844 134 15765688 2018210536
======================
   8      32 sdc 1089991 9 205925342 5819604 9752079 13016217 3977848416 2011698580 150 15766692 2018353976
======================
   8      32 sdc 1089991 9 205925342 5819604 9752499 13031046 3977984216 2011859896 147 15767696 2018501968
======================
   8      32 sdc 1089991 9 205925342 5819604 9753048 13053352 3978217872 2011940992 0 15768288 2018577068
======================
   8      32 sdc 1089991 9 205925342 5819604 9753048 13053352 3978217872 2011940992 0 15768288 2018577068
======================
   8      32 sdc 1089991 9 205925342 5819604 9753048 13053352 3978217872 2011940992 0 15768288 2018577068
======================
   8      32 sdc 1089991 9 205925342 5819604 9753048 13053352 3978217872 2011940992 0 15768288 2018577068
======================
   8      32 sdc 1089991 9 205925342 5819604 9753048 13053352 3978217872 2011940992 0 15768288 2018577068
======================
   8      32 sdc 1089991 9 205925342 5819604 9753302 13077495 3978347016 2012036124 136 15769076 2018725592
======================
   8      32 sdc 1089992 9 205925350 5820140 9753603 13096256 3978501488 2012203784 132 15770080 2018857200
======================
   8      32 sdc 1089992 9 205925350 5820140 9754428 13139539 3978918408 2012339280 0 15771060 2018975888
======================
   8      32 sdc 1089992 9 205925350 5820140 9754428 13139539 3978918408 2012339280 0 15771060 2018975888
======================
   8      32 sdc 1089992 9 205925350 5820140 9754428 13139539 3978918408 2012339280 0 15771060 2018975888
======================
   8      32 sdc 1089992 9 205925350 5820140 9754708 13157004 3979060368 2012339416 0 15771132 2018976020
======================
   8      32 sdc 1089992 9 205925350 5820140 9754708 13157004 3979060368 2012339416 0 15771132 2018976020
======================
   8      32 sdc 1089992 9 205925350 5820140 9754708 13157004 3979060368 2012339416 0 15771132 2018976020
======================
   8      32 sdc 1089992 9 205925350 5820140 9756501 13247301 3979791848 2012351460 16 15772128 2018988120
======================
   8      32 sdc 1089992 9 205925350 5820140 9756905 13266379 3979952944 2012354016 1 15773132 2018991396
======================
   8      32 sdc 1089997 9 205925390 5821504 9757401 13297016 3980199560 2012362632 11 15774136 2019004180
======================
   8      32 sdc 1090001 9 205925422 5822280 9758396 13344938 3980588752 2012384584 14 15775140 2019023388
======================
   8      32 sdc 1090001 9 205925422 5822280 9759142 13395460 3980938704 2012489340 135 15776144 2019141728
======================
   8      32 sdc 1090001 9 205925422 5822280 9759931 13437978 3981321736 2012618088 141 15777148 2019278180
======================
   8      32 sdc 1090001 9 205925422 5822280 9760538 13468332 3981524280 2012745152 152 15778152 2019413592
======================
   8      32 sdc 1090002 9 205925430 5822324 9761086 13511269 3981802840 2012895604 289 15779156 2019616440
======================
   8      32 sdc 1090002 9 205925430 5822324 9761648 13536416 3982087528 2013121696 133 15780156 2019780540
======================
   8      32 sdc 1090002 9 205925430 5822324 9761901 13552737 3982214032 2013182972 145 15781160 2019922244
======================
   8      32 sdc 1090002 9 205925430 5822324 9761901 13552737 3982214032 2013182972 145 15782164 2020067824
======================
   8      32 sdc 1090002 9 205925430 5822324 9762047 13561043 3982287872 2013498460 133 15783168 2020209800
======================
   8      32 sdc 1090002 9 205925430 5822324 9762514 13594106 3982516504 2013663860 264 15784168 2020430028
======================
   8      32 sdc 1090002 9 205925430 5822324 9763105 13621554 3982770552 2013935508 154 15785172 2020592420
======================
   8      32 sdc 1090002 9 205925430 5822324 9764070 13630232 3982917696 2014084424 11 15786176 2020724592
======================
   8      32 sdc 1090002 9 205925430 5822324 9764081 13630232 3982921176 2014086392 0 15786656 2020725148
======================
   8      32 sdc 1090002 9 205925430 5822324 9764081 13630232 3982921176 2014086392 0 15786656 2020725148
======================
   8      32 sdc 1090002 9 205925430 5822324 9764277 13642492 3983020824 2014086468 0 15786696 2020725224
======================
   8      32 sdc 1090002 9 205925430 5822324 9764277 13642492 3983020824 2014086468 0 15786696 2020725224
======================
   8      32 sdc 1090002 9 205925430 5822324 9764347 13646493 3983049264 2014086988 14 15786740 2020725792
======================
   8      32 sdc 1090002 9 205925430 5822324 9764862 13670290 3983247888 2014090880 0 15787008 2020729628
======================
   8      32 sdc 1090002 9 205925430 5822324 9764862 13670290 3983247888 2014090880 0 15787008 2020729628
======================
   8      32 sdc 1090002 9 205925430 5822324 9765134 13687345 3983386504 2014091020 0 15787068 2020729768
======================
   8      32 sdc 1090002 9 205925430 5822324 9765134 13687345 3983386504 2014091020 0 15787068 2020729768
======================
   8      32 sdc 1090002 9 205925430 5822324 9765134 13687345 3983386504 2014091020 0 15787068 2020729768
======================
   8      32 sdc 1090002 9 205925430 5822324 9766543 13753279 3983923728 2014101592 12 15787804 2020740372
======================
   8      32 sdc 1090003 9 205925438 5822620 9767521 13799222 3984295192 2014114464 16 15788808 2020753588
======================
   8      32 sdc 1090004 9 205925446 5822644 9768416 13861435 3984741896 2014248836 134 15789812 2020929188
======================
   8      32 sdc 1090006 9 205925462 5823452 9768849 13877232 3984931632 2014402812 13 15790816 2021042744
======================
   8      32 sdc 1090011 9 205925502 5823820 9770031 13928555 3985352560 2014415956 12 15791816 2021056216
======================
   8      32 sdc 1090011 9 205925502 5823820 9770658 13971562 3985636008 2014465592 139 15792820 2021143852
======================
   8      32 sdc 1090011 9 205925502 5823820 9770658 13971562 3985636008 2014465592 139 15793824 2021283408
======================
   8      32 sdc 1090011 9 205925502 5823820 9770658 13981579 3985636008 2014465592 298 15794828 2021521152
======================
   8      32 sdc 1090011 9 205925502 5823820 9771052 14003974 3985835608 2015058932 266 15795832 2021768404
======================
   8      32 sdc 1090011 9 205925502 5823820 9771583 14029079 3986103272 2015260520 141 15796836 2021922608
======================
   8      32 sdc 1090011 9 205925502 5823820 9772145 14063200 3986385304 2015401076 132 15797840 2022059952
======================
   8      32 sdc 1090011 9 205925502 5823820 9772685 14097202 3986657368 2015538184 142 15798840 2022196524
======================
   8      32 sdc 1090011 9 205925502 5823820 9773228 14135989 3986933416 2015673464 215 15799844 2022421836
======================
   8      32 sdc 1090012 9 205925510 5823848 9773782 14165349 3987213504 2015900860 140 15800848 2022564392
======================
   8      32 sdc 1090012 9 205925510 5823848 9774330 14198102 3987480336 2016037552 136 15801852 2022701116
======================
   8      32 sdc 1090012 9 205925510 5823848 9774863 14231825 3987748808 2016176432 151 15802856 2022839192
======================
   8      32 sdc 1090012 9 205925510 5823848 9776419 14250652 3987921432 2016335392 131 15803860 2022983900
======================
   8      32 sdc 1090012 9 205925510 5823848 9776951 14281341 3988185480 2016460376 98 15804864 2023128500
======================
   8      32 sdc 1090012 9 205925510 5823848 9777050 14281341 3988233792 2016496312 0 15805036 2023137140
======================
   8      32 sdc 1090012 9 205925510 5823848 9777050 14281341 3988233792 2016496312 0 15805036 2023137140
======================
   8      32 sdc 1090012 9 205925510 5823848 9777050 14281341 3988233792 2016496312 0 15805036 2023137140
======================
   8      32 sdc 1090012 9 205925510 5823848 9777050 14281341 3988233792 2016496312 0 15805036 2023137140
======================
   8      32 sdc 1090012 9 205925510 5823848 9777992 14328732 3988620456 2016510180 0 15805348 2023150992
======================
   8      32 sdc 1090012 9 205925510 5823848 9777992 14328732 3988620456 2016510180 0 15805348 2023150992
======================
   8      32 sdc 1090012 9 205925510 5823848 9777992 14328732 3988620456 2016510180 0 15805348 2023150992
======================
   8      32 sdc 1090012 9 205925510 5823848 9777992 14328732 3988620456 2016510180 0 15805348 2023150992
======================
   8      32 sdc 1090012 9 205925510 5823848 9777992 14328732 3988620456 2016510180 0 15805348 2023150992
======================
   8      32 sdc 1090012 9 205925510 5823848 9779393 14392731 3989140928 2016515828 12 15805860 2023156664
======================
   8      32 sdc 1090013 9 205925518 5823872 9781294 14468665 3989765784 2016527784 12 15806864 2023170252
======================
   8      32 sdc 1090014 9 205925526 5824924 9781469 14473897 3989808432 2016540192 12 15807864 2023182256
======================
   8      32 sdc 1090015 9 205925534 5824948 9782322 14508349 3990089784 2016545568 9 15808868 2023192908
======================
   8      32 sdc 1090016 9 205925542 5826264 9782783 14526598 3990241392 2016558764 12 15809872 2023202924
======================
   8      32 sdc 1090019 9 205925566 5826744 9784065 14590169 3990759744 2016569208 12 15810824 2023212964
======================
   8      32 sdc 1090020 9 205925574 5826772 9785001 14645088 3991143400 2016641364 132 15811828 2023304844
======================
   8      32 sdc 1090020 9 205925574 5826772 9785247 14661516 3991266720 2016703296 152 15812832 2023450104
======================
   8      32 sdc 1090020 9 205925574 5826772 9785247 14661516 3991266720 2016703296 152 15813836 2023602712
======================
   8      32 sdc 1090020 9 205925574 5826772 9785401 14669600 3991342584 2017029404 132 15814836 2023750500
======================
   8      32 sdc 1090020 9 205925574 5826772 9785902 14707049 3991596880 2017222256 231 15815840 2023950620
======================
   8      32 sdc 1090020 9 205925574 5826772 9786187 14710276 3991738344 2017388408 1 15816752 2024032416
======================
   8      32 sdc 1090020 9 205925574 5826772 9786692 14727614 3991879808 2017391864 11 15817756 2024035560
======================
   8      32 sdc 1090020 9 205925574 5826772 9792036 14806571 3992531944 2017410004 53 15818760 2024054728
======================
   8      32 sdc 1090020 9 205925574 5826772 9793401 14862017 3992939416 2017531536 147 15819764 2024190188
======================
   8      32 sdc 1090020 9 205925574 5826772 9794029 14891833 3993253528 2017620608 0 15820488 2024264268
======================
   8      32 sdc 1090020 9 205925574 5826772 9794029 14891833 3993253528 2017620608 0 15820488 2024264268
======================
   8      32 sdc 1090020 9 205925574 5826772 9794029 14891833 3993253528 2017620608 0 15820488 2024264268
======================
   8      32 sdc 1090020 9 205925574 5826772 9794029 14891833 3993253528 2017620608 0 15820488 2024264268
======================
   8      32 sdc 1090020 9 205925574 5826772 9794029 14891833 3993253528 2017620608 0 15820488 2024264268
======================
   8      32 sdc 1090020 9 205925574 5826772 9794383 14913919 3993433040 2017620720 0 15820548 2024264376
======================
   8      32 sdc 1090020 9 205925574 5826772 9794383 14913919 3993433040 2017620720 0 15820548 2024264376
======================
   8      32 sdc 1090020 9 205925574 5826772 9794383 14913919 3993433040 2017620720 0 15820548 2024264376
======================
   8      32 sdc 1090020 9 205925574 5826772 9794383 14913919 3993433040 2017620720 0 15820548 2024264376
======================
   8      32 sdc 1090020 9 205925574 5826772 9794383 14913919 3993433040 2017620720 0 15820548 2024264376
======================
   8      32 sdc 1090020 9 205925574 5826772 9795640 14970881 3993896840 2017630676 12 15821076 2024274372
======================
   8      32 sdc 1090020 9 205925574 5826772 9797125 15032699 3994346048 2017673612 134 15822080 2024336372
======================
   8      32 sdc 1090020 9 205925574 5826772 9797377 15048642 3994463184 2017764196 158 15823084 2024477552
======================
   8      32 sdc 1090020 9 205925574 5826772 9797522 15054445 3994526824 2017915340 140 15824088 2024622700
======================
   8      32 sdc 1090020 9 205925574 5826772 9797702 15062403 3994598384 2018074472 152 15825092 2024766284
======================
   8      32 sdc 1090020 9 205925574 5826772 9798384 15104927 3994847608 2018254852 294 15826096 2024984228
======================
   8      32 sdc 1090020 9 205925574 5826772 9798887 15126189 3995101744 2018496428 135 15827100 2025162928
======================
   8      32 sdc 1090020 9 205925574 5826772 9799398 15157958 3995358608 2018631448 136 15828100 2025299236
======================
   8      32 sdc 1090020 9 205925574 5826772 9799652 15173680 3995487488 2018701156 134 15829104 2025434612
======================
   8      32 sdc 1090020 9 205925574 5826772 9799652 15173680 3995487488 2018701156 134 15830108 2025569148
======================
   8      32 sdc 1090020 9 205925574 5826772 9799815 15183697 3995569200 2019057672 131 15831112 2025794744
======================
   8      32 sdc 1090020 9 205925574 5826772 9800351 15216689 3995839952 2019297224 129 15832116 2025961960
======================
   8      32 sdc 1090020 9 205925574 5826772 9800844 15247910 3996088664 2019433120 138 15833116 2026098108
======================
   8      32 sdc 1090020 9 205925574 5826772 9801361 15280352 3996350896 2019571296 142 15834120 2026234456
======================
   8      32 sdc 1090020 9 205925574 5826772 9801895 15313930 3996622504 2019709356 142 15835124 2026370756
======================
   8      32 sdc 1090020 9 205925574 5826772 9802428 15352987 3996894384 2019843968 230 15836128 2026611252
======================
   8      32 sdc 1090020 9 205925574 5826772 9803506 15370670 3997147960 2020101784 147 15837132 2026758352
======================
   8      32 sdc 1090020 9 205925574 5826772 9806618 15402981 3997373728 2020230268 140 15838136 2026890416
======================
   8      32 sdc 1090020 9 205925574 5826772 9807173 15437363 3997657328 2020364788 131 15839140 2027026236
======================
   8      32 sdc 1090020 9 205925574 5826772 9807587 15463645 3997869136 2020473356 134 15840144 2027162588
======================
   8      32 sdc 1090020 9 205925574 5826772 9807702 15475275 3997928016 2020573692 205 15841144 2027385160
======================
   8      32 sdc 1090020 9 205925574 5826772 9807884 15491530 3998021200 2020838360 280 15842148 2027581448
======================
   8      32 sdc 1090020 9 205925574 5826772 9808416 15515805 3998292744 2021113904 136 15843152 2027774628
======================
   8      32 sdc 1090020 9 205925574 5826772 9808981 15551588 3998581704 2021248988 139 15844156 2027910624
======================
   8      32 sdc 1090020 9 205925574 5826772 9809516 15585221 3998855624 2021383296 138 15845160 2028046484
======================
   8      32 sdc 1090020 9 205925574 5826772 9810061 15620472 3999127840 2021584996 167 15846164 2028284476
======================
   8      32 sdc 1090020 9 205925574 5826772 9810977 15648241 3999375848 2021699216 135 15847108 2028386784
======================
   8      32 sdc 1090020 9 205925574 5826772 9811397 15673762 3999584592 2021824980 131 15848116 2028531412
======================
   8      32 sdc 1090020 9 205925574 5826772 9811819 15692834 3999795200 2022011252 157 15849120 2028674120
======================
   8      32 sdc 1090020 9 205925574 5826772 9812963 15692928 3999813736 2022078512 0 15849476 2028722668
======================
   8      32 sdc 1090020 9 205925574 5826772 9813272 15712172 3999970152 2022078644 0 15849532 2028722800
======================
   8      32 sdc 1090020 9 205925574 5826772 9813272 15712172 3999970152 2022078644 0 15849532 2028722800
======================
   8      32 sdc 1090020 9 205925574 5826772 9813272 15712172 3999970152 2022078644 0 15849532 2028722800
======================
   8      32 sdc 1090020 9 205925574 5826772 9813272 15712172 3999970152 2022078644 0 15849532 2028722800
======================
   8      32 sdc 1090020 9 205925574 5826772 9814128 15755120 4000319368 2022080452 4 15850012 2028724604
======================
   8      32 sdc 1090020 9 205925574 5826772 9815435 15828221 4000915840 2022109744 0 15850792 2028753892
======================
   8      32 sdc 1090020 9 205925574 5826772 9815435 15828221 4000915840 2022109744 0 15850792 2028753892
======================
   8      32 sdc 1090020 9 205925574 5826772 9815435 15828221 4000915840 2022109744 0 15850792 2028753892
======================
   8      32 sdc 1090020 9 205925574 5826772 9815435 15828221 4000915840 2022109744 0 15850792 2028753892
======================
   8      32 sdc 1090020 9 205925574 5826772 9815435 15828221 4000915840 2022109744 0 15850792 2028753892
======================
   8      32 sdc 1090020 9 205925574 5826772 9816011 15862149 4001191696 2022110308 3 15850972 2028754452
======================
   8      32 sdc 1090020 9 205925574 5826772 9817283 15926934 4001720320 2022113044 0 15851696 2028757172
======================
   8      32 sdc 1090020 9 205925574 5826772 9817283 15926934 4001720320 2022113044 0 15851696 2028757172
======================
   8      32 sdc 1090020 9 205925574 5826772 9817283 15926934 4001720320 2022113044 0 15851696 2028757172
======================
   8      32 sdc 1090020 9 205925574 5826772 9817283 15926934 4001720320 2022113044 0 15851696 2028757172
======================
   8      32 sdc 1090020 9 205925574 5826772 9818548 15996178 4002284384 2022115880 0 15852416 2028760004
======================
   8      32 sdc 1090020 9 205925574 5826772 9818822 16009908 4002396304 2022116460 3 15852572 2028760584
======================
   8      32 sdc 1090020 9 205925574 5826772 9820338 16095034 4003028272 2022129700 145 15853576 2028785800
======================
   8      32 sdc 1090020 9 205925574 5826772 9821025 16129558 4003319800 2022262336 129 15854576 2028921840
======================
   8      32 sdc 1090020 9 205925574 5826772 9821691 16164761 4003603984 2022397968 130 15855580 2029058836
======================
   8      32 sdc 1090020 9 205925574 5826772 9821914 16179434 4003695936 2022445764 162 15856584 2029228016
======================
   8      32 sdc 1090020 9 205925574 5826772 9821914 16179434 4003695936 2022445764 162 15857588 2029390664
======================
   8      32 sdc 1090020 9 205925574 5826772 9822593 16210777 4004032984 2022863188 3 15858540 2029507292
======================
   8      32 sdc 1090020 9 205925574 5826772 9824647 16267209 4004459904 2022975756 85 15859544 2029625336
======================
   8      32 sdc 1090020 9 205925574 5826772 9825467 16322034 4004877912 2023093476 138 15860548 2029753460
======================
   8      32 sdc 1090020 9 205925574 5826772 9826021 16356275 4005160160 2023269288 130 15861552 2029928968
======================
   8      32 sdc 1090020 9 205925574 5826772 9826581 16391397 4005445776 2023401616 130 15862552 2030064720
======================
   8      32 sdc 1090020 9 205925574 5826772 9827123 16425726 4005722824 2023538976 132 15863556 2030200016
======================
   8      32 sdc 1090020 9 205925574 5826772 9827671 16460151 4006003336 2023675524 132 15864560 2030335996
======================
   8      32 sdc 1090020 9 205925574 5826772 9828211 16494226 4006279712 2023811928 132 15865564 2030472476
======================
   8      32 sdc 1090020 9 205925574 5826772 9828774 16533979 4006566792 2023949968 203 15866568 2030728388
======================
   8      32 sdc 1090020 9 205925574 5826772 9829326 16564093 4006848184 2024207628 131 15867572 2030868956
======================
   8      32 sdc 1090020 9 205925574 5826772 9829729 16589553 4007054520 2024349860 132 15868576 2031008276
======================
   8      32 sdc 1090020 9 205925574 5826772 9830405 16631165 4007394840 2024405140 128 15869580 2031151480
======================
   8      32 sdc 1090020 9 205925574 5826772 9832014 16639306 4007537112 2024587908 0 15870148 2031231992
======================
   8      32 sdc 1090020 9 205925574 5826772 9832446 16666429 4007757544 2024611672 2 15871076 2031257208
======================
   8      32 sdc 1090020 9 205925574 5826772 9832450 16666429 4007757568 2024613224 0 15871124 2031257304
======================
   8      32 sdc 1090020 9 205925574 5826772 9832450 16666429 4007757568 2024613224 0 15871124 2031257304
======================
   8      32 sdc 1090020 9 205925574 5826772 9832450 16666429 4007757568 2024613224 0 15871124 2031257304
======================
   8      32 sdc 1090020 9 205925574 5826772 9832552 16681486 4007809792 2024620664 137 15871344 2031277872
======================
   8      32 sdc 1090020 9 205925574 5826772 9833029 16708113 4008054016 2024767144 84 15872348 2031480124
======================
   8      32 sdc 1090020 9 205925574 5826772 9833554 16743817 4008319624 2024924128 132 15873308 2031584052
======================
   8      32 sdc 1090020 9 205925574 5826772 9833718 16745809 4008402744 2024963032 0 15873596 2031607104
======================
   8      32 sdc 1090020 9 205925574 5826772 9833718 16745809 4008402744 2024963032 0 15873596 2031607104
======================
   8      32 sdc 1090020 9 205925574 5826772 9833718 16745809 4008402744 2024963032 0 15873596 2031607104
======================
   8      32 sdc 1090020 9 205925574 5826772 9834138 16772039 4008615936 2024963244 0 15873688 2031607308
======================
   8      32 sdc 1090020 9 205925574 5826772 9834138 16772039 4008615936 2024963244 0 15873688 2031607308
======================
   8      32 sdc 1090020 9 205925574 5826772 9835316 16842614 4009189448 2024964568 2 15874584 2031608620
======================
   8      32 sdc 1090020 9 205925574 5826772 9836514 16924674 4009788992 2024997720 133 15875584 2031651644
======================
   8      32 sdc 1090020 9 205925574 5826772 9837354 16978013 4010218896 2025129844 140 15876588 2031785376
======================
   8      32 sdc 1090020 9 205925574 5826772 9837895 17014238 4010495888 2025277968 175 15877592 2031963328
======================
   8      32 sdc 1090020 9 205925574 5826772 9838820 17045437 4010782288 2025373692 133 15878440 2032042024
======================
   8      32 sdc 1090020 9 205925574 5826772 9841240 17066207 4010959056 2025482668 134 15879444 2032181036
======================
   8      32 sdc 1090020 9 205925574 5826772 9841240 17066207 4010959056 2025482668 134 15880448 2032315572
======================
   8      32 sdc 1090020 9 205925574 5826772 9841672 17091799 4011177480 2025808924 116 15881452 2032462044
======================
   8      32 sdc 1090020 9 205925574 5826772 9842535 17146480 4011615104 2025940872 127 15882456 2032590820
======================
   8      32 sdc 1090020 9 205925574 5826772 9843397 17199655 4012048784 2026061896 136 15883460 2032714204
======================
   8      32 sdc 1090020 9 205925574 5826772 9844111 17241091 4012388376 2026188844 126 15884464 2032847988
======================
   8      32 sdc 1090020 9 205925574 5826772 9844689 17275888 4012664952 2026323980 132 15885464 2032981984
======================
   8      32 sdc 1090020 9 205925574 5826772 9845259 17310649 4012956600 2026457492 136 15886472 2033118352
======================
   8      32 sdc 1090020 9 205925574 5826772 9845898 17344504 4013237392 2026581596 117 15887476 2033239004
======================
   8      32 sdc 1090020 9 205925574 5826772 9848905 17389755 4013532912 2026798848 286 15888480 2033490992
======================
   8      32 sdc 1090020 9 205925574 5826772 9849299 17396169 4013730248 2026983868 0 15889228 2033628392
======================
   8      32 sdc 1090020 9 205925574 5826772 9849299 17396169 4013730248 2026983868 0 15889228 2033628392
======================
   8      32 sdc 1090020 9 205925574 5826772 9849299 17396169 4013730248 2026983868 0 15889228 2033628392
======================
   8      32 sdc 1090020 9 205925574 5826772 9849299 17396169 4013730248 2026983868 0 15889228 2033628392
======================
   8      32 sdc 1090020 9 205925574 5826772 9849299 17396169 4013730248 2026983868 0 15889228 2033628392
======================
   8      32 sdc 1090020 9 205925574 5826772 9849299 17396169 4013730248 2026983868 0 15889228 2033628392
======================
   8      32 sdc 1090020 9 205925574 5826772 9849299 17396169 4013730248 2026983868 0 15889228 2033628392
======================
   8      32 sdc 1090020 9 205925574 5826772 9849299 17396169 4013730248 2026983868 0 15889228 2033628392
======================
   8      32 sdc 1090020 9 205925574 5826772 9849300 17396169 4013730248 2026983868 0 15889228 2033628392
======================
   8      32 sdc 1090020 9 205925574 5826772 9849300 17396169 4013730248 2026983868 0 15889228 2033628392
======================
   8      32 sdc 1090020 9 205925574 5826772 9849300 17396169 4013730248 2026983868 0 15889228 2033628392
======================
   8      32 sdc 1090020 9 205925574 5826772 9849300 17396169 4013730248 2026983868 0 15889228 2033628392
======================
   8      32 sdc 1090020 9 205925574 5826772 9849300 17396169 4013730248 2026983868 0 15889228 2033628392
======================
   8      32 sdc 1090020 9 205925574 5826772 9849300 17396169 4013730248 2026983868 0 15889228 2033628392
======================
   8      32 sdc 1090020 9 205925574 5826772 9849300 17396169 4013730248 2026983868 0 15889228 2033628392
======================
   8      32 sdc 1090020 9 205925574 5826772 9849300 17396169 4013730248 2026983868 0 15889228 2033628392
======================
   8      32 sdc 1090020 9 205925574 5826772 9849300 17396169 4013730248 2026983868 0 15889228 2033628392
======================
   8      32 sdc 1090020 9 205925574 5826772 9849300 17396169 4013730248 2026983868 0 15889228 2033628392
======================
   8      32 sdc 1090020 9 205925574 5826772 9849300 17396169 4013730248 2026983868 0 15889228 2033628392
======================
   8      32 sdc 1090020 9 205925574 5826772 9849300 17396169 4013730248 2026983868 0 15889228 2033628392
======================
   8      32 sdc 1090020 9 205925574 5826772 9849300 17396169 4013730248 2026983868 0 15889228 2033628392
======================
   8      32 sdc 1090258 9 205927472 5830688 9849320 17396169 4013730328 2026983872 0 15889280 2033632312
started
======================
   8      32 sdc 1090293 9 205927752 5830716 9849321 17396169 4013730328 2026983872 0 15889308 2033632340
======================
   8      32 sdc 1091016 9 205933536 5833664 9849321 17396169 4013730328 2026983872 0 15889528 2033635288
======================
   8      32 sdc 1092092 9 205942144 5837920 9849321 17396169 4013730328 2026983872 11 15889824 2033639588
======================
   8      32 sdc 1093051 9 205949816 5840604 9849321 17396169 4013730328 2026983872 0 15890168 2033642228
======================
   8      32 sdc 1094210 9 205959088 5844596 9849321 17396169 4013730328 2026983872 0 15890452 2033646220
======================
   8      32 sdc 1095286 9 205967696 5847064 9849321 17396169 4013730328 2026983872 6 15890644 2033648712
======================
   8      32 sdc 1096349 9 205976200 5849848 9849321 17396169 4013730328 2026983872 0 15890832 2033651472
======================
   8      32 sdc 1097577 9 205986024 5853272 9849321 17396169 4013730328 2026983872 0 15891108 2033654896
======================
   8      32 sdc 1098665 9 205994728 5856840 9849321 17396169 4013730328 2026983872 1 15891364 2033658468
======================
   8      32 sdc 1099818 9 206003952 5860136 9849321 17396169 4013730328 2026983872 0 15891580 2033661760
======================
   8      32 sdc 1100977 9 206013224 5863972 9849321 17396169 4013730328 2026983872 0 15891824 2033665596
======================
   8      32 sdc 1101327 9 206016024 5865076 9849321 17396169 4013730328 2026983872 0 15891900 2033666700
======================
   8      32 sdc 1102143 9 206022552 5867280 9849321 17396169 4013730328 2026983872 24 15892048 2033668904
======================
   8      32 sdc 1103186 9 206030896 5870136 9849321 17396169 4013730328 2026983872 0 15892252 2033671760
======================
   8      32 sdc 1104141 9 206038536 5872616 9849321 17396169 4013730328 2026983872 25 15892448 2033674336
======================
   8      32 sdc 1105254 9 206047440 5875152 9849321 17396169 4013730328 2026983872 0 15892636 2033676772
======================
   8      32 sdc 1106165 9 206054728 5878516 9849321 17396169 4013730328 2026983872 0 15892852 2033680132
======================
   8      32 sdc 1107369 9 206064360 5881560 9849321 17396169 4013730328 2026983872 24 15893092 2033683272
======================
   8      32 sdc 1108444 9 206072960 5885320 9849321 17396169 4013730328 2026983872 0 15893320 2033686936
======================
   8      32 sdc 1109602 9 206082224 5888588 9849321 17396169 4013730328 2026983872 0 15893556 2033690204
======================
   8      32 sdc 1110723 9 206091192 5892548 9849321 17396169 4013730328 2026983872 0 15893812 2033694164
======================
   8      32 sdc 1111073 9 206093992 5893532 9849321 17396169 4013730328 2026983872 0 15893876 2033695148
======================
   8      32 sdc 1111913 9 206100712 5896152 9849321 17396169 4013730328 2026983872 0 15894056 2033697768
======================
   8      32 sdc 1112905 9 206108648 5899156 9849321 17396169 4013730328 2026983872 27 15894256 2033700772
======================
   8      32 sdc 1114052 9 206117824 5902344 9849321 17396169 4013730328 2026983872 0 15894504 2033703960
======================
   8      32 sdc 1115211 9 206127096 5906076 9849321 17396169 4013730328 2026983872 0 15894776 2033707692
======================
   8      32 sdc 1116135 9 206134488 5908808 9849321 17396169 4013730328 2026983872 18 15894964 2033710496
======================
   8      32 sdc 1117210 9 206143088 5912092 9849321 17396169 4013730328 2026983872 0 15895196 2033713704
======================
   8      32 sdc 1117381 9 206144456 5912756 9849321 17396169 4013730328 2026983872 0 15895232 2033714368
======================
   8      32 sdc 1117381 9 206144456 5912756 9849321 17396169 4013730328 2026983872 0 15895232 2033714368
======================
   8      32 sdc 1117381 9 206144456 5912756 9849321 17396169 4013730328 2026983872 0 15895232 2033714368
======================
   8      32 sdc 1117381 9 206144456 5912756 9849321 17396169 4013730328 2026983872 0 15895232 2033714368
======================
   8      32 sdc 1117381 9 206144456 5912756 9849321 17396169 4013730328 2026983872 0 15895232 2033714368
======================
   8      32 sdc 1117381 9 206144456 5912756 9849321 17396169 4013730328 2026983872 0 15895232 2033714368
======================
   8      32 sdc 1117381 9 206144456 5912756 9849321 17396169 4013730328 2026983872 0 15895232 2033714368
======================
   8      32 sdc 1117381 9 206144456 5912756 9849321 17396169 4013730328 2026983872 0 15895232 2033714368
======================
   8      32 sdc 1117381 9 206144456 5912756 9849321 17396169 4013730328 2026983872 0 15895232 2033714368
======================
   8      32 sdc 1117381 9 206144456 5912756 9849321 17396169 4013730328 2026983872 0 15895232 2033714368
======================
   8      32 sdc 1117381 9 206144456 5912756 9849321 17396169 4013730328 2026983872 0 15895232 2033714368
======================
   8      32 sdc 1117381 9 206144456 5912756 9849321 17396169 4013730328 2026983872 0 15895232 2033714368
======================
   8      32 sdc 1117381 9 206144456 5912756 9849321 17396169 4013730328 2026983872 0 15895232 2033714368
======================
   8      32 sdc 1117381 9 206144456 5912756 9849321 17396169 4013730328 2026983872 0 15895232 2033714368
======================
   8      32 sdc 1117381 9 206144456 5912756 9849321 17396169 4013730328 2026983872 0 15895232 2033714368
======================
   8      32 sdc 1117381 9 206144456 5912756 9849321 17396169 4013730328 2026983872 0 15895232 2033714368
======================
   8      32 sdc 1117381 9 206144456 5912756 9849321 17396169 4013730328 2026983872 0 15895232 2033714368
======================
   8      32 sdc 1117381 9 206144456 5912756 9849321 17396169 4013730328 2026983872 0 15895232 2033714368
======================
   8      32 sdc 1117381 9 206144456 5912756 9849321 17396169 4013730328 2026983872 0 15895232 2033714368
======================
   8      32 sdc 1117381 9 206144456 5912756 9849321 17396169 4013730328 2026983872 0 15895232 2033714368
======================
   8      32 sdc 1117381 9 206144456 5912756 9849321 17396169 4013730328 2026983872 0 15895232 2033714368
======================
   8      32 sdc 1117381 9 206144456 5912756 9849321 17396169 4013730328 2026983872 0 15895232 2033714368
======================
   8      32 sdc 1117381 9 206144456 5912756 9849321 17396169 4013730328 2026983872 0 15895232 2033714368
======================
   8      32 sdc 1117381 9 206144456 5912756 9849321 17396169 4013730328 2026983872 0 15895232 2033714368
======================
   8      32 sdc 1117381 9 206144456 5912756 9849321 17396169 4013730328 2026983872 0 15895232 2033714368
======================
   8      32 sdc 1117381 9 206144456 5912756 9849321 17396169 4013730328 2026983872 0 15895232 2033714368
======================
   8      32 sdc 1117381 9 206144456 5912756 9849321 17396169 4013730328 2026983872 0 15895232 2033714368
======================
   8      32 sdc 1117381 9 206144456 5912756 9849321 17396169 4013730328 2026983872 0 15895232 2033714368
======================
   8      32 sdc 1117381 9 206144456 5912756 9849321 17396169 4013730328 2026983872 0 15895232 2033714368
======================
   8      32 sdc 1117381 9 206144456 5912756 9849321 17396169 4013730328 2026983872 0 15895232 2033714368
======================
   8      32 sdc 1117381 9 206144456 5912756 9849321 17396169 4013730328 2026983872 0 15895232 2033714368
======================
   8      32 sdc 1117381 9 206144456 5912756 9849321 17396169 4013730328 2026983872 0 15895232 2033714368
======================
   8      32 sdc 1117381 9 206144456 5912756 9849321 17396169 4013730328 2026983872 0 15895232 2033714368
======================
   8      32 sdc 1117381 9 206144456 5912756 9849321 17396169 4013730328 2026983872 0 15895232 2033714368
