======================
   8      16 sdb 12909223 213697 1452571202 31779952 23665191 231825797 7159224608 1037204772 0 9092296 1068938100
======================
   8      16 sdb 12909223 213697 1452571202 31779952 23665191 231825797 7159224608 1037204772 0 9092296 1068938100
======================
   8      16 sdb 12909225 213697 1452571218 31779952 23665191 231825797 7159224608 1037204772 0 9092296 1068938100
======================
   8      16 sdb 12909225 213697 1452571218 31779952 23665191 231825797 7159224608 1037204772 0 9092296 1068938100
======================
   8      16 sdb 12909225 213697 1452571218 31779952 23665191 231825797 7159224608 1037204772 0 9092296 1068938100
======================
   8      16 sdb 12909225 213697 1452571218 31779952 23665191 231825797 7159224608 1037204772 0 9092296 1068938100
======================
   8      16 sdb 12909225 213697 1452571218 31779952 23665191 231825797 7159224608 1037204772 0 9092296 1068938100
======================
started
   8      16 sdb 12909225 213697 1452571218 31779952 23665202 231825806 7159224760 1037204772 0 9092296 1068938100
======================
   8      16 sdb 12909225 213697 1452571218 31779952 23665202 231825806 7159224760 1037204772 0 9092296 1068938100
======================
   8      16 sdb 12909226 213697 1452571226 31779952 23665202 231825806 7159224760 1037204772 0 9092296 1068938100
======================
   8      16 sdb 12909226 213697 1452571226 31779952 23665202 231825806 7159224760 1037204772 0 9092296 1068938100
======================
   8      16 sdb 12909227 213697 1452571234 31779952 23667122 231825806 7160207800 1037210908 0 9092512 1068944224
======================
   8      16 sdb 12909227 213697 1452571234 31779952 23668918 231825806 7161127352 1037266996 146 9092960 1069005288
======================
   8      16 sdb 12909227 213697 1452571234 31779952 23670849 231825826 7162116024 1037409760 82 9093968 1069147224
======================
   8      16 sdb 12909228 213697 1452571242 31780040 23672775 231825826 7163101288 1037542604 145 9094976 1069277552
======================
   8      16 sdb 12909228 213697 1452571242 31780040 23674725 231825836 7164096744 1037679732 147 9095984 1069418512
======================
   8      16 sdb 12909228 213697 1452571242 31780040 23676654 231825836 7165084392 1037821608 138 9096988 1069560348
======================
   8      16 sdb 12909228 213697 1452571242 31780040 23678584 231825836 7166072552 1037964068 128 9097992 1069702544
======================
   8      16 sdb 12909229 213697 1452571250 31780112 23680500 231825859 7167053544 1038099376 39 9098996 1069835264
======================
   8      16 sdb 12909229 213697 1452571250 31780112 23682378 231825859 7168014760 1038235984 153 9099996 1069974612
======================
   8      16 sdb 12909229 213697 1452571250 31780112 23684328 231825859 7169013672 1038378692 139 9101000 1070117328
======================
   8      16 sdb 12909229 213697 1452571250 31780112 23686255 231825859 7169999784 1038520964 152 9102004 1070259776
======================
   8      16 sdb 12909230 213697 1452571258 31780196 23688181 231825859 7170985392 1038656536 127 9103004 1070395004
======================
   8      16 sdb 12909230 213697 1452571258 31780196 23690088 231825899 7171960904 1038797728 23 9104008 1070532788
======================
   8      16 sdb 12909230 213697 1452571258 31780196 23691978 231825899 7172928264 1038932228 133 9105012 1070673160
======================
   8      16 sdb 12909230 213697 1452571258 31780196 23693902 231825899 7173913352 1039076916 155 9106012 1070815352
======================
   8      16 sdb 12909231 213697 1452571266 31780272 23695774 231825899 7174871312 1039214648 132 9107016 1070951428
======================
   8      16 sdb 12909231 213697 1452571266 31780272 23697699 231825916 7175856040 1039355440 143 9108016 1071093892
======================
   8      16 sdb 12909231 213697 1452571266 31780272 23699607 231825939 7176832936 1039498316 12 9109020 1071232632
======================
   8      16 sdb 12909231 213697 1452571266 31780272 23701521 231825939 7177812584 1039635032 146 9110024 1071373796
======================
   8      16 sdb 12909232 213697 1452571274 31780356 23703440 231825939 7178794608 1039772712 141 9111024 1071509260
======================
   8      16 sdb 12909232 213697 1452571274 31780356 23705323 231825955 7179757320 1039912228 146 9112028 1071651872
======================
   8      16 sdb 12909232 213697 1452571274 31780356 23707242 231825955 7180739848 1040054992 147 9113032 1071793888
======================
   8      16 sdb 12909232 213697 1452571274 31780356 23709159 231825978 7181721544 1040195444 136 9114036 1071930804
======================
   8      16 sdb 12909233 213697 1452571282 31780440 23711083 231825978 7182705616 1040330280 151 9115040 1072066128
======================
   8      16 sdb 12909233 213697 1452571282 31780440 23713000 231825995 7183686248 1040470208 154 9116048 1072209084
======================
   8      16 sdb 12909233 213697 1452571282 31780440 23714914 231825995 7184666216 1040611832 128 9117048 1072350336
======================
   8      16 sdb 12909233 213697 1452571282 31780440 23716824 231825995 7185644136 1040753492 138 9118052 1072492144
======================
   8      16 sdb 12909234 213697 1452571290 31780460 23718735 231826017 7186621736 1040891168 153 9119052 1072625532
======================
   8      16 sdb 12909234 213697 1452571290 31780460 23720652 231826033 7187602360 1041029348 156 9120056 1072768388
======================
   8      16 sdb 12909234 213697 1452571290 31780460 23722411 231826033 7188502968 1041171832 157 9121056 1072910908
======================
   8      16 sdb 12909234 213697 1452571290 31780460 23724218 231826033 7189428152 1041314624 142 9122060 1073053808
======================
   8      16 sdb 12909234 213697 1452571290 31780460 23725942 231826033 7190310840 1041456992 146 9123064 1073196696
======================
   8      16 sdb 12909235 213697 1452571298 31780544 23727780 231826056 7191251576 1041587724 150 9124068 1073325748
======================
   8      16 sdb 12909235 213697 1452571298 31780544 23729668 231826056 7192218232 1041729188 150 9125068 1073467420
======================
   8      16 sdb 12909235 213697 1452571298 31780544 23731601 231826056 7193207928 1041871588 137 9126072 1073610316
======================
   8      16 sdb 12909235 213697 1452571298 31780544 23733505 231826056 7194182776 1042014308 153 9127076 1073753056
======================
   8      16 sdb 12909236 213697 1452571306 31780632 23735367 231826056 7195135616 1042148848 134 9128080 1073888668
======================
   8      16 sdb 12909236 213697 1452571306 31780632 23737096 231826093 7196018640 1042287728 144 9129080 1074025740
======================
   8      16 sdb 12909236 213697 1452571306 31780632 23738792 231826093 7196886992 1042425868 144 9130084 1074169116
======================
   8      16 sdb 12909236 213697 1452571306 31780632 23740557 231826093 7197790672 1042571116 151 9131088 1074311068
======================
   8      16 sdb 12909237 213697 1452571314 31780724 23742322 231826093 7198693848 1042706012 130 9132092 1074445580
======================
   8      16 sdb 12909237 213697 1452571314 31780724 23744098 231826109 7199602280 1042849164 146 9133096 1074588516
======================
   8      16 sdb 12909237 213697 1452571314 31780724 23745826 231826130 7200486680 1042985748 154 9134100 1074725164
======================
   8      16 sdb 12909237 213697 1452571314 31780724 23747551 231826130 7201369880 1043127912 157 9135104 1074867544
======================
   8      16 sdb 12909237 213697 1452571314 31780724 23749265 231826130 7202247448 1043269384 138 9136108 1075010212
======================
   8      16 sdb 12909238 213697 1452571322 31780816 23750994 231826145 7203132192 1043406320 128 9137108 1075145152
======================
   8      16 sdb 12909238 213697 1452571322 31780816 23752747 231826145 7204028840 1043548836 135 9138112 1075287816
======================
   8      16 sdb 12909238 213697 1452571322 31780816 23754438 231826166 7204894296 1043683588 131 9139116 1075424012
======================
   8      16 sdb 12909238 213697 1452571322 31780816 23756193 231826166 7205792856 1043827212 136 9140120 1075567168
======================
   8      16 sdb 12909239 213697 1452571330 31780904 23757900 231826166 7206666336 1043962592 141 9141120 1075702104
======================
   8      16 sdb 12909239 213697 1452571330 31780904 23759616 231826181 7207544040 1044105756 153 9142124 1075845280
======================
   8      16 sdb 12909239 213697 1452571330 31780904 23761408 231826181 7208461544 1044248900 153 9143128 1075987920
======================
   8      16 sdb 12909239 213697 1452571330 31780904 23763160 231826203 7209358240 1044387148 136 9144136 1076126112
======================
   8      16 sdb 12909240 213697 1452571338 31780980 23764929 231826203 7210263464 1044521996 154 9145144 1076261860
======================
   8      16 sdb 12909240 213697 1452571338 31780980 23766659 231826218 7211147832 1044664328 155 9146148 1076404516
======================
   8      16 sdb 12909240 213697 1452571338 31780980 23768409 231826218 7212043832 1044808532 133 9147152 1076547556
======================
   8      16 sdb 12909240 213697 1452571338 31780980 23770149 231826218 7212934712 1044950724 153 9148160 1076690680
======================
   8      16 sdb 12909240 213697 1452571338 31780980 23771894 231826239 7213827816 1045089196 149 9149160 1076828016
======================
   8      16 sdb 12909241 213697 1452571346 31781080 23773670 231826239 7214736624 1045223136 128 9150164 1076961832
