======================
   8      16 sdb 19843441 215197 1826279384 41877128 37233744 327804987 10793546064 1568019112 0 13411384 1609858404
======================
   8      16 sdb 19843472 215197 1826280512 41877128 37233744 327804987 10793546064 1568019112 0 13411384 1609858404
======================
   8      16 sdb 19843473 215197 1826280520 41877132 37233744 327804987 10793546064 1568019112 0 13411388 1609858408
======================
   8      16 sdb 19843475 215197 1826280536 41877136 37233744 327804987 10793546064 1568019112 0 13411392 1609858412
======================
   8      16 sdb 19843475 215197 1826280536 41877136 37233744 327804987 10793546064 1568019112 0 13411392 1609858412
======================
   8      16 sdb 19843475 215197 1826280536 41877136 37233744 327804987 10793546064 1568019112 0 13411392 1609858412
======================
   8      16 sdb 19843475 215197 1826280536 41877136 37233744 327804987 10793546064 1568019112 0 13411392 1609858412
======================
   8      16 sdb 19843475 215197 1826280536 41877136 37233744 327804987 10793546064 1568019112 0 13411392 1609858412
======================
   8      16 sdb 19843475 215197 1826280536 41877136 37233909 327815203 10793629112 1568019196 0 13411420 1609858496
======================
   8      16 sdb 19843475 215197 1826280536 41877136 37233909 327815203 10793629112 1568019196 0 13411420 1609858496
======================
   8      16 sdb 19843475 215197 1826280536 41877136 37233909 327815203 10793629112 1568019196 0 13411420 1609858496
======================
   8      16 sdb 19843475 215197 1826280536 41877136 37233909 327815203 10793629112 1568019196 0 13411420 1609858496
======================
   8      16 sdb 19843475 215197 1826280536 41877136 37233909 327815203 10793629112 1568019196 0 13411420 1609858496
======================
   8      16 sdb 19843475 215197 1826280536 41877136 37234407 327844559 10793866696 1568019424 3 13411484 1609858724
======================
   8      16 sdb 19843475 215197 1826280536 41877136 37235300 327893634 10794267688 1568021100 0 13412208 1609860396
======================
   8      16 sdb 19843475 215197 1826280536 41877136 37235300 327893634 10794267688 1568021100 0 13412208 1609860396
======================
   8      16 sdb 19843475 215197 1826280536 41877136 37235300 327893634 10794267688 1568021100 0 13412208 1609860396
======================
   8      16 sdb 19843475 215197 1826280536 41877136 37235300 327893634 10794267688 1568021100 0 13412208 1609860396
======================
   8      16 sdb 19843475 215197 1826280536 41877136 37235504 327906375 10794371248 1568021232 0 13412264 1609860524
======================
   8      16 sdb 19843475 215197 1826280536 41877136 37235826 327925000 10794522000 1568021684 2 13412452 1609860968
======================
   8      16 sdb 19843475 215197 1826280536 41877136 37237550 328021728 10795309568 1568024052 2 13413456 1609863328
======================
   8      16 sdb 19843475 215197 1826280536 41877136 37239280 328119046 10796102008 1568026416 2 13414460 1609865668
======================
   8      16 sdb 19843475 215197 1826280536 41877136 37239830 328152258 10796372920 1568026908 0 13414796 1609866156
======================
   8      16 sdb 19843475 215197 1826280536 41877136 37240266 328179660 10796595624 1568027204 0 13414956 1609866452
======================
   8      16 sdb 19843475 215197 1826280536 41877136 37240266 328179660 10796595624 1568027204 0 13414956 1609866452
======================
   8      16 sdb 19843475 215197 1826280536 41877136 37240266 328179660 10796595624 1568027204 0 13414956 1609866452
======================
   8      16 sdb 19843475 215197 1826280536 41877136 37240266 328179660 10796595624 1568027204 0 13414956 1609866452
======================
   8      16 sdb 19843475 215197 1826280536 41877136 37240266 328179660 10796595624 1568027204 0 13414956 1609866452
======================
   8      16 sdb 19843475 215197 1826280536 41877136 37240459 328191756 10796693936 1568027292 0 13414988 1609866540
======================
   8      16 sdb 19843475 215197 1826280536 41877136 37240459 328191756 10796693936 1568027292 0 13414988 1609866540
======================
   8      16 sdb 19843475 215197 1826280536 41877136 37240459 328191756 10796693936 1568027292 0 13414988 1609866540
======================
   8      16 sdb 19843475 215197 1826280536 41877136 37240459 328191756 10796693936 1568027292 0 13414988 1609866540
======================
   8      16 sdb 19843475 215197 1826280536 41877136 37240459 328191756 10796693936 1568027292 0 13414988 1609866540
======================
   8      16 sdb 19843475 215197 1826280536 41877136 37240652 328203850 10796792232 1568027380 0 13415020 1609866628
======================
   8      16 sdb 19843475 215197 1826280536 41877136 37240652 328203850 10796792232 1568027380 0 13415020 1609866628
======================
   8      16 sdb 19843475 215197 1826280536 41877136 37240652 328203850 10796792232 1568027380 0 13415020 1609866628
======================
   8      16 sdb 19843475 215197 1826280536 41877136 37240652 328203850 10796792232 1568027380 0 13415020 1609866628
======================
   8      16 sdb 19843475 215197 1826280536 41877136 37240652 328203850 10796792232 1568027380 0 13415020 1609866628
======================
   8      16 sdb 19843475 215197 1826280536 41877136 37240851 328216265 10796893144 1568027468 0 13415056 1609866716
======================
   8      16 sdb 19843475 215197 1826280536 41877136 37240851 328216265 10796893144 1568027468 0 13415056 1609866716
======================
   8      16 sdb 19843475 215197 1826280536 41877136 37240851 328216265 10796893144 1568027468 0 13415056 1609866716
======================
   8      16 sdb 19843475 215197 1826280536 41877136 37241351 328246033 10797135288 1568027896 0 13415368 1609867144
======================
   8      16 sdb 19843475 215197 1826280536 41877136 37242373 328307096 10797631792 1568029276 1 13416176 1609868504
======================
   8      16 sdb 19843475 215197 1826280536 41877136 37244900 328456069 10798843464 1568034812 1 13417176 1609874016
======================
   8      16 sdb 19843475 215197 1826280536 41877136 37246553 328557560 10799668512 1568036224 2 13418180 1609875420
======================
   8      16 sdb 19843475 215197 1826280536 41877136 37248234 328659377 10800496536 1568037572 2 13419184 1609876760
======================
   8      16 sdb 19843475 215197 1826280536 41877136 37249902 328761060 10801323416 1568039284 1 13420188 1609878464
======================
   8      16 sdb 19843475 215197 1826280536 41877136 37251580 328863012 10802152448 1568040852 1 13421192 1609880004
======================
   8      16 sdb 19843475 215197 1826280536 41877136 37253247 328965319 10802984520 1568051436 1 13422172 1609890580
======================
   8      16 sdb 19843475 215197 1826280536 41877136 37254924 329060893 10803762752 1568052580 0 13422692 1609891704
======================
   8      16 sdb 19843475 215197 1826280536 41877136 37254924 329060893 10803762752 1568052580 0 13422692 1609891704
======================
   8      16 sdb 19843475 215197 1826280536 41877136 37254925 329060893 10803762752 1568052580 0 13422692 1609891704
======================
   8      16 sdb 19843475 215197 1826280536 41877136 37254925 329060893 10803762752 1568052580 0 13422692 1609891704
======================
   8      16 sdb 19843475 215197 1826280536 41877136 37254925 329060893 10803762752 1568052580 0 13422692 1609891704
======================
   8      16 sdb 19843475 215197 1826280536 41877136 37254938 329060893 10803762800 1568052584 0 13422696 1609891708
started
======================
   8      16 sdb 19843597 215197 1826281506 41877604 37254940 329060893 10803762808 1568052584 0 13422700 1609892176
======================
   8      16 sdb 19863906 253318 1826752034 41893484 37254940 329060893 10803762808 1568052584 31 13423180 1609908012
======================
   8      16 sdb 19934014 254135 1827319722 41916352 37254940 329060893 10803762808 1568052584 16 13424184 1609931512
======================
   8      16 sdb 20010561 254135 1827932098 41939992 37254940 329060893 10803762808 1568052584 28 13425184 1609954624
======================
   8      16 sdb 20080288 254135 1828489914 41962116 37254940 329060893 10803762808 1568052584 32 13426188 1609978688
======================
   8      16 sdb 20155466 254152 1829091474 41986540 37254940 329060893 10803762808 1568052584 19 13427192 1610000528
======================
   8      16 sdb 20220207 254152 1829609402 42011160 37255787 329114097 10804195216 1568052980 26 13428196 1610026384
======================
   8      16 sdb 20297274 254152 1830225946 42036936 37255787 329114097 10804195216 1568052980 20 13429196 1610050176
======================
   8      16 sdb 20360665 259961 1830779970 42062632 37255787 329114097 10804195216 1568052980 18 13430200 1610075740
======================
   8      16 sdb 20434315 259961 1831369170 42083444 37255787 329114097 10804195216 1568052980 28 13431204 1610096176
======================
   8      16 sdb 20511813 259961 1831989154 42106476 37255787 329114097 10804195216 1568052980 26 13432208 1610118980
======================
   8      16 sdb 20556714 259961 1832348362 42120424 37256767 329175759 10804696352 1568053468 3 13433208 1610133460
======================
   8      16 sdb 20604455 259961 1832730298 42130496 37256767 329175759 10804696352 1568053468 28 13434200 1610143376
======================
   8      16 sdb 20680905 259961 1833341890 42153744 37256767 329175759 10804696352 1568053468 19 13435216 1610166660
======================
   8      16 sdb 20758456 259961 1833962298 42177516 37256767 329175759 10804696352 1568053468 24 13436224 1610190248
======================
   8      16 sdb 20834658 259961 1834571922 42200584 37256767 329175759 10804696352 1568053468 28 13437232 1610213168
======================
   8      16 sdb 20868352 259961 1834841466 42210808 37256767 329175759 10804696352 1568053468 0 13437664 1610223292
======================
   8      16 sdb 20868352 259961 1834841466 42210808 37257616 329229120 10805130032 1568053820 0 13437824 1610223640
