======================
   8      32 sdc 850843 12278 225274630 22313152 10552921 239829302 5261066480 2902924312 0 20171312 2926216716
======================
   8      32 sdc 850843 12278 225274630 22313152 10552921 239829302 5261066480 2902924312 0 20171312 2926216716
======================
   8      32 sdc 850844 12278 225274638 22313172 10552921 239829302 5261066480 2902924312 0 20171332 2926216736
======================
   8      32 sdc 850844 12278 225274638 22313172 10552921 239829302 5261066480 2902924312 0 20171332 2926216736
======================
   8      32 sdc 850844 12278 225274638 22313172 10552921 239829302 5261066480 2902924312 0 20171332 2926216736
======================
   8      32 sdc 850852 12278 225274702 22313228 10552921 239829302 5261066480 2902924312 0 20171388 2926216792
======================
   8      32 sdc 850852 12278 225274702 22313228 10552921 239829302 5261066480 2902924312 0 20171388 2926216792
======================
   8      32 sdc 850852 12278 225274702 22313228 10552921 239829302 5261066480 2902924312 0 20171388 2926216792
======================
   8      32 sdc 850852 12278 225274702 22313228 10552921 239829302 5261066480 2902924312 0 20171388 2926216792
======================
   8      32 sdc 850852 12278 225274702 22313228 10552921 239829302 5261066480 2902924312 0 20171388 2926216792
======================
   8      32 sdc 850852 12278 225274702 22313228 10552991 239833549 5261101016 2902926692 0 20171460 2926219172
======================
   8      32 sdc 850852 12278 225274702 22313228 10552991 239833549 5261101016 2902926692 0 20171460 2926219172
======================
   8      32 sdc 850852 12278 225274702 22313228 10552991 239833549 5261101016 2902926692 0 20171460 2926219172
======================
   8      32 sdc 850852 12278 225274702 22313228 10552991 239833549 5261101016 2902926692 0 20171460 2926219172
======================
   8      32 sdc 850852 12278 225274702 22313228 10552991 239833549 5261101016 2902926692 0 20171460 2926219172
======================
   8      32 sdc 850852 12278 225274702 22313228 10552991 239833549 5261101016 2902926692 0 20171460 2926219172
======================
   8      32 sdc 850852 12278 225274702 22313228 10553088 239837750 5261135400 2902926708 0 20171468 2926219188
======================
   8      32 sdc 850852 12278 225274702 22313228 10553088 239837750 5261135400 2902926708 0 20171468 2926219188
======================
   8      32 sdc 850852 12278 225274702 22313228 10553089 239837750 5261135400 2902926708 0 20171468 2926219188
started
======================
   8      32 sdc 850917 12278 225275222 22313252 10553089 239837750 5261135400 2902926708 0 20171492 2926219212
======================
   8      32 sdc 850958 12278 225275550 22313252 10553089 239837750 5261135400 2902926708 0 20171492 2926219212
======================
   8      32 sdc 850989 12278 225275798 22313256 10553089 239837750 5261135400 2902926708 0 20171496 2926219216
======================
   8      32 sdc 851022 12278 225276062 22313256 10553089 239837750 5261135400 2902926708 0 20171496 2926219216
======================
   8      32 sdc 851052 12278 225276302 22313260 10553089 239837750 5261135400 2902926708 0 20171500 2926219220
======================
   8      32 sdc 851080 12278 225276526 22313412 10553246 239847575 5261215256 2902927044 0 20171660 2926219704
======================
   8      32 sdc 851110 12278 225276766 22313432 10553405 239857012 5261292024 2902927176 0 20171784 2926219856
======================
   8      32 sdc 851140 12278 225277006 22313432 10553405 239857012 5261292024 2902927176 0 20171784 2926219856
======================
   8      32 sdc 851170 12278 225277246 22313452 10553405 239857012 5261292024 2902927176 0 20171804 2926219876
======================
   8      32 sdc 851193 12278 225277430 22313456 10553405 239857012 5261292024 2902927176 0 20171808 2926219880
======================
   8      32 sdc 851217 12278 225277622 22313456 10553405 239857012 5261292024 2902927176 0 20171808 2926219880
======================
   8      32 sdc 851223 12278 225277670 22313456 10554655 239932736 5261907704 2902929396 1 20172704 2926222088
======================
   8      32 sdc 851230 12278 225277726 22314036 10555198 239974918 5262177544 2903017044 144 20173708 2926325840
======================
   8      32 sdc 851246 12278 225277854 22314684 10555927 240010398 5262539288 2903059112 0 20174384 2926353032
======================
   8      32 sdc 851266 12278 225278014 22314988 10555927 240010398 5262539288 2903059112 0 20174688 2926353336
======================
   8      32 sdc 851288 12278 225278190 22315160 10555927 240010398 5262539288 2903059112 1 20174864 2926353512
======================
   8      32 sdc 851308 12278 225278350 22315512 10556141 240023763 5262647920 2903059212 0 20175220 2926353960
======================
   8      32 sdc 851327 12278 225278502 22315624 10556141 240023763 5262647920 2903059212 0 20175332 2926354072
======================
   8      32 sdc 851382 12278 225278942 22315840 10556141 240023763 5262647920 2903059212 0 20175444 2926354288
======================
   8      32 sdc 851405 12278 225279126 22315840 10556141 240023763 5262647920 2903059212 0 20175444 2926354288
======================
   8      32 sdc 851425 12278 225279286 22315852 10556141 240023763 5262647920 2903059212 0 20175456 2926354300
======================
   8      32 sdc 851430 12278 225279326 22315944 10556252 240030677 5262704120 2903059264 0 20175560 2926354440
======================
   8      32 sdc 851453 12278 225279510 22316128 10556252 240030677 5262704120 2903059264 0 20175744 2926354624
======================
   8      32 sdc 851477 12278 225279702 22316272 10556252 240030677 5262704120 2903059264 0 20175888 2926354768
======================
   8      32 sdc 851500 12278 225279886 22316272 10556252 240030677 5262704120 2903059264 0 20175888 2926354768
======================
   8      32 sdc 851523 12278 225280070 22316272 10556252 240030677 5262704120 2903059264 0 20175888 2926354768
======================
   8      32 sdc 851543 12278 225280230 22316440 10556378 240038545 5262768072 2903059308 0 20176072 2926354976
======================
   8      32 sdc 851565 12278 225280406 22316444 10556378 240038545 5262768072 2903059308 0 20176076 2926354980
======================
   8      32 sdc 851590 12278 225280606 22316620 10556378 240038545 5262768072 2903059308 0 20176252 2926355156
======================
   8      32 sdc 851608 12278 225280750 22316784 10556378 240038545 5262768072 2903059308 0 20176416 2926355320
======================
   8      32 sdc 851624 12278 225280878 22316812 10556378 240038545 5262768072 2903059308 0 20176444 2926355348
======================
   8      32 sdc 851630 12278 225280926 22316892 10556473 240044413 5262815776 2903059816 0 20176540 2926355932
======================
   8      32 sdc 851650 12278 225281086 22316996 10556473 240044413 5262815776 2903059816 0 20176644 2926356036
======================
   8      32 sdc 851666 12278 225281214 22317092 10556643 240059227 5262900552 2903060552 71 20176864 2926358388
======================
   8      32 sdc 851686 12278 225281374 22317452 10556892 240070482 5263027680 2903081276 0 20177240 2926377952
======================
   8      32 sdc 851706 12278 225281534 22317588 10556892 240070482 5263027680 2903081276 0 20177376 2926378088
======================
   8      32 sdc 851727 12278 225281702 22317792 10557026 240078798 5263095280 2903081332 0 20177604 2926378348
======================
   8      32 sdc 851750 12278 225281886 22317800 10557026 240078798 5263095280 2903081332 0 20177612 2926378356
======================
   8      32 sdc 851780 12278 225282126 22317816 10557026 240078798 5263095280 2903081332 0 20177628 2926378372
======================
   8      32 sdc 851791 12278 225282214 22318288 10557886 240141763 5263528608 2903119060 155 20178520 2926426208
======================
   8      32 sdc 851798 12278 225282270 22318988 10558547 240182593 5263861704 2903208500 152 20179520 2926526208
======================
   8      32 sdc 851799 12278 225282278 22319604 10558955 240208390 5264070512 2903324988 154 20180524 2926674636
======================
   8      32 sdc 851802 12278 225282302 22321036 10559393 240226509 5264293088 2903515008 7 20181704 2926842744
======================
   8      32 sdc 851807 12278 225282342 22321240 10559921 240268806 5264558872 2903524968 159 20182708 2926943636
======================
   8      32 sdc 851816 12278 225282414 22322296 10560969 240333929 5265090256 2903675804 155 20183716 2927038660
======================
   8      32 sdc 851817 12278 225282422 22322744 10561130 240344019 5265172688 2903740380 155 20184716 2927187216
======================
   8      32 sdc 851831 12278 225282534 22323888 10562315 240417266 5265767720 2903874868 155 20185720 2927232444
======================
   8      32 sdc 851832 12278 225282542 22324212 10562564 240431880 5265895192 2903882800 138 20186724 2927375220
======================
   8      32 sdc 851832 12278 225282542 22324212 10562564 240431880 5265895192 2903882800 138 20187724 2927513220
======================
   8      32 sdc 851839 12278 225282598 22326632 10563333 240481130 5266284736 2904261748 160 20188728 2927609012
======================
   8      32 sdc 851846 12278 225282654 22327516 10564031 240515770 5266634664 2904378212 26 20189732 2927713192
======================
   8      32 sdc 851858 12278 225282750 22328056 10565041 240586039 5267138664 2904427608 158 20190732 2927774984
======================
   8      32 sdc 851858 12278 225282750 22328056 10565226 240597598 5267233120 2904428776 157 20191740 2927934280
======================
   8      32 sdc 851864 12278 225282798 22329868 10565821 240629870 5267531808 2904702664 86 20192748 2928042488
======================
   8      32 sdc 851870 12278 225282846 22330476 10566696 240685599 5267961528 2904787316 141 20193764 2928170288
======================
   8      32 sdc 851876 12278 225282894 22331284 10566994 240695043 5268104992 2904901392 1 20194624 2928240688
======================
   8      32 sdc 851881 12278 225282934 22332352 10566994 240695043 5268104992 2904901392 0 20195456 2928241520
======================
   8      32 sdc 851935 12278 225283366 22332536 10566994 240695043 5268104992 2904901392 0 20195568 2928241704
======================
   8      32 sdc 851956 12278 225283534 22332808 10567105 240701946 5268161104 2904901444 0 20195872 2928242028
======================
   8      32 sdc 851979 12278 225283718 22332812 10567105 240701946 5268161104 2904901444 1 20195876 2928242032
======================
   8      32 sdc 851991 12278 225283814 22332812 10567105 240701946 5268161104 2904901444 0 20195876 2928242032
======================
   8      32 sdc 851991 12278 225283814 22332812 10567105 240701946 5268161104 2904901444 0 20195876 2928242032
