======================
   8      32 sdc 814894 11276 218309150 21672880 7268986 177631732 3704491032 2028613144 2 14284132 2050985280
======================
   8      32 sdc 816147 11276 218625310 21674672 7268986 177631732 3704491032 2028613144 2 14285120 2050987064
======================
   8      32 sdc 817371 11277 218930734 21676380 7268986 177631732 3704491032 2028613144 1 14286112 2050988772
======================
   8      32 sdc 818616 11277 219240014 21678084 7268986 177631732 3704491032 2028613144 1 14287104 2050990480
======================
   8      32 sdc 819817 11300 219548486 21679692 7269797 177631732 3704906264 2028722832 149 14288108 2051112720
======================
   8      32 sdc 820171 11314 219640150 21681156 7270334 177631748 3705180832 2028868632 154 14289108 2051260048
======================
   8      32 sdc 820510 11328 219727718 21682528 7270864 177631748 3705452192 2029006152 134 14290112 2051406176
======================
   8      32 sdc 820840 11341 219815278 21683904 7271341 177631748 3705696416 2029141312 136 14291116 2051548256
======================
   8      32 sdc 821012 11352 219860590 21685484 7271757 177631748 3705909408 2029290236 136 14292120 2051691792
======================
   8      32 sdc 821074 11354 219876462 21685924 7271821 177631748 3705942176 2029315704 137 14293124 2051829044
======================
   8      32 sdc 821074 11354 219876462 21685924 7271821 177631748 3705942176 2029315704 137 14294128 2051966592
======================
   8      32 sdc 821092 11357 219881334 21691088 7271929 177631748 3705997472 2029624120 131 14295132 2052102008
======================
   8      32 sdc 821230 11366 219917430 21692368 7272281 177631748 3706177696 2029828024 131 14296132 2052241636
======================
   8      32 sdc 821478 11376 219982462 21693824 7272623 177631748 3706352800 2029967108 141 14297136 2052387284
======================
   8      32 sdc 821782 11390 220063878 21695288 7273166 177631748 3706630816 2030121912 143 14298140 2052538904
======================
   8      32 sdc 822054 11408 220134294 21696780 7273847 177631748 3706979488 2030280324 133 14299144 2052688360
======================
   8      32 sdc 822343 11424 220210078 21698312 7274445 177631748 3707285664 2030414444 143 14300148 2052833040
======================
   8      32 sdc 822636 11440 220287142 21699720 7275062 177631748 3707601568 2030567596 134 14301152 2052983212
======================
   8      32 sdc 822876 11454 220348078 21701092 7275558 177631748 3707855520 2030704532 150 14302156 2053124224
======================
   8      32 sdc 823008 11462 220383470 21702312 7275862 177631748 3708011168 2030837112 135 14303160 2053269292
======================
   8      32 sdc 823276 11472 220454070 21703816 7276215 177631748 3708191904 2030980096 133 14304164 2053412008
======================
   8      32 sdc 823510 11482 220513734 21705284 7276569 177631748 3708373152 2031124720 131 14305164 2053553956
======================
   8      32 sdc 823791 11491 220587982 21706552 7276902 177631748 3708543648 2031257108 151 14306168 2053694076
======================
   8      32 sdc 823992 11501 220640974 21707836 7277270 177631748 3708732064 2031402244 134 14307172 2053834752
======================
   8      32 sdc 824263 11511 220709590 21709276 7277623 177631748 3708912800 2031543944 133 14308176 2053980084
======================
   8      32 sdc 824576 11521 220792030 21710616 7277938 177631748 3709074592 2031678112 138 14309180 2054122180
======================
   8      32 sdc 824833 11530 220858078 21711864 7278304 177631748 3709261472 2031826096 157 14310184 2054272628
======================
   8      32 sdc 825052 11540 220915430 21713352 7278671 177631748 3709449376 2031973772 141 14311184 2054420580
======================
   8      32 sdc 825316 11548 220983278 21714556 7279007 177631748 3709621408 2032121824 158 14312188 2054570812
======================
   8      32 sdc 825521 11558 221037294 21716088 7279391 177631748 3709818016 2032275824 157 14313192 2054720008
======================
   8      32 sdc 825757 11567 221097718 21717636 7279760 177631748 3710006944 2032419272 139 14314196 2054871120
======================
   8      32 sdc 825906 11577 221135102 21719280 7280158 177631748 3710210720 2032569084 159 14315200 2055021712
======================
   8      32 sdc 826149 11585 221196806 21720564 7280501 177631748 3710386336 2032710932 136 14316200 2055171892
======================
   8      32 sdc 826330 11595 221243910 21721760 7280869 177631748 3710574752 2032865372 151 14317204 2055317144
======================
   8      32 sdc 826545 11605 221300494 21723384 7281238 177631748 3710763680 2033018340 134 14318208 2055463488
======================
   8      32 sdc 826784 11615 221361686 21724728 7281586 177631748 3710941856 2033158164 138 14319212 2055608712
======================
   8      32 sdc 827043 11624 221430550 21726092 7281906 177631748 3711105696 2033293308 139 14320216 2055754032
======================
   8      32 sdc 827179 11631 221465118 21727304 7282207 177631748 3711259808 2033439648 157 14321220 2055901772
======================
   8      32 sdc 827511 11641 221550886 21728680 7282559 177631748 3711440032 2033595016 157 14322224 2056051496
======================
   8      32 sdc 827815 11651 221630502 21729996 7282927 177631748 3711628448 2033746348 141 14323228 2056203288
======================
   8      32 sdc 828078 11660 221697070 21731316 7283247 177631748 3711792288 2033889260 142 14324228 2056348440
======================
   8      32 sdc 828314 11670 221759030 21732716 7283605 177631748 3711975584 2034032308 136 14325232 2056498520
======================
   8      32 sdc 828538 11680 221816382 21733936 7283975 177631748 3712165024 2034178328 151 14326236 2056642108
======================
   8      32 sdc 828860 11690 221900358 21735520 7284327 177631748 3712345248 2034324784 150 14327240 2056785028
======================
   8      32 sdc 829084 11699 221958222 21736848 7284670 177631748 3712520864 2034456184 159 14328244 2056926532
======================
   8      32 sdc 829363 11709 222031702 21738144 7285023 177631748 3712701600 2034608920 157 14329248 2057078048
======================
   8      32 sdc 829503 11718 222069334 21739620 7285359 177631748 3712873632 2034766096 142 14330252 2057230448
======================
   8      32 sdc 829689 11728 222116254 21740928 7285756 177631748 3713076896 2034918824 160 14331256 2057384516
======================
   8      32 sdc 829937 11736 222179942 21742452 7286092 177631748 3713248928 2035060040 145 14332260 2057537560
======================
   8      32 sdc 830175 11747 222241894 21743804 7286508 177631748 3713461920 2035224432 144 14333260 2057689140
======================
   8      32 sdc 830348 11756 222288494 21745312 7286844 177631748 3713633952 2035365248 161 14334264 2057841924
======================
   8      32 sdc 830461 11767 222318966 21746748 7287217 177631748 3713824928 2035516944 139 14335268 2057991812
======================
   8      32 sdc 830756 11776 222395774 21748232 7287586 177631748 3714013856 2035667552 154 14336272 2058140620
======================
   8      32 sdc 831019 11785 222463358 21749452 7287906 177631748 3714177696 2035806076 155 14337276 2058288592
======================
   8      32 sdc 831263 11795 222525830 21750904 7288274 177631748 3714366112 2035955324 139 14338280 2058432844
======================
   8      32 sdc 831440 11805 222570382 21752352 7288643 177631748 3714555040 2036099292 154 14339284 2058584172
======================
   8      32 sdc 831655 11815 222627726 21753944 7289027 177631748 3714751648 2036256744 153 14340288 2058725600
======================
   8      32 sdc 831865 11825 222681494 21755256 7289357 177631748 3714920608 2036388108 143 14341292 2058877220
======================
   8      32 sdc 832186 11834 222764990 21756672 7289682 177631748 3715087008 2036533808 138 14342296 2059027728
======================
   8      32 sdc 832426 11842 222826142 21757960 7290045 177631748 3715272864 2036693052 159 14343300 2059181156
======================
   8      32 sdc 832616 11852 222875110 21759500 7290429 177631748 3715469472 2036847412 159 14344304 2059330776
======================
   8      32 sdc 832880 11862 222943406 21760900 7290783 177631748 3715650720 2036994760 158 14345308 2059475588
======================
   8      32 sdc 833131 11872 223009198 21762424 7291130 177631748 3715828384 2037135548 130 14346308 2059626432
======================
   8      32 sdc 833380 11881 223074998 21763692 7291471 177631748 3716002976 2037278880 141 14347312 2059774828
======================
   8      32 sdc 833569 11889 223121094 21765044 7291810 177631748 3716176544 2037431860 154 14348320 2059924368
======================
   8      32 sdc 833831 11899 223189710 21766288 7292167 177631748 3716359328 2037582816 149 14349324 2060071496
======================
   8      32 sdc 834072 11908 223252430 21767696 7292487 177631748 3716523168 2037714068 150 14350328 2060216348
======================
   8      32 sdc 834296 11918 223311830 21768964 7292864 177631748 3716716192 2037866472 156 14351332 2060359776
======================
   8      32 sdc 834547 11928 223377630 21770168 7293204 177631748 3716890272 2038006012 136 14352336 2060504932
======================
   8      32 sdc 834758 11938 223432670 21771532 7293588 177631748 3717086880 2038153448 136 14353336 2060648620
======================
   8      32 sdc 835052 11948 223509478 21772880 7293939 177631748 3717266592 2038294688 137 14354340 2060793440
======================
   8      32 sdc 835319 11956 223577326 21774156 7294259 177631748 3717430432 2038432216 139 14355344 2060938256
======================
   8      32 sdc 835595 11965 223649006 21775444 7294595 177631748 3717602464 2038571904 156 14356348 2061085716
======================
   8      32 sdc 835823 11975 223708662 21776736 7294959 177631748 3717788832 2038726228 141 14357352 2061233404
======================
   8      32 sdc 836039 11985 223763198 21778232 7295322 177631748 3717974688 2038878176 130 14358356 2061376780
======================
   8      32 sdc 836275 11994 223823102 21779484 7295658 177631748 3718146720 2039007576 147 14359360 2061517244
======================
   8      32 sdc 836502 12005 223883782 21781048 7296047 177631748 3718345888 2039162388 142 14360364 2061666616
======================
   8      32 sdc 836647 12015 223922446 21782656 7296443 177631748 3718548640 2039310020 130 14361368 2061811232
======================
   8      32 sdc 836882 12025 223984662 21784112 7296811 177631748 3718737056 2039435304 145 14362368 2061949464
======================
   8      32 sdc 837135 12035 224051990 21785496 7297179 177631748 3718925472 2039582132 129 14363372 2062087804
======================
   8      32 sdc 837366 12044 224111646 21786848 7297525 177631748 3719102624 2039719276 135 14364376 2062230176
======================
   8      32 sdc 837659 12053 224188198 21788200 7297830 177631748 3719258784 2039847708 151 14365380 2062375432
======================
   8      32 sdc 837929 12062 224256550 21789400 7298166 177631748 3719430816 2039993696 135 14366384 2062520984
======================
   8      32 sdc 838141 12073 224310830 21790896 7298559 177631748 3719632032 2040149840 157 14367388 2062665968
======================
   8      32 sdc 838399 12083 224377142 21792128 7298917 177631748 3719815328 2040289904 152 14368392 2062816280
======================
   8      32 sdc 838555 12093 224416062 21793464 7299305 177631748 3720013984 2040445396 148 14369396 2062962292
======================
   8      32 sdc 838902 12103 224506438 21794800 7299641 177631748 3720186016 2040579552 131 14370396 2063101420
======================
   8      32 sdc 839144 12113 224570446 21796212 7300014 177631748 3720376992 2040724620 142 14371400 2063247232
======================
   8      32 sdc 839288 12121 224609614 21797640 7300307 177631748 3720527008 2040859968 138 14372404 2063391880
======================
   8      32 sdc 839565 12131 224681046 21799068 7300674 177631748 3720714912 2041022616 154 14373408 2063538536
======================
   8      32 sdc 839799 12140 224739934 21800276 7300991 177631748 3720877216 2041156944 157 14374412 2063686788
======================
   8      32 sdc 840032 12150 224800614 21801748 7301359 177631748 3721065632 2041303816 142 14375416 2063834972
======================
   8      32 sdc 840238 12159 224854118 21803008 7301695 177631748 3721237664 2041452740 158 14376420 2063985832
======================
   8      32 sdc 840465 12169 224912750 21804284 7302078 177631748 3721433760 2041611912 158 14377424 2064136908
======================
   8      32 sdc 840708 12178 224976246 21805616 7302399 177631748 3721598112 2041747140 157 14378428 2064288200
======================
   8      32 sdc 840967 12187 225043574 21806920 7302719 177631748 3721761952 2041894244 158 14379432 2064440632
======================
   8      32 sdc 841257 12197 225119102 21808248 7303086 177631748 3721949856 2042050240 142 14380436 2064589680
======================
   8      32 sdc 841463 12207 225173638 21809832 7303455 177631748 3722138784 2042211200 158 14381436 2064737612
======================
   8      32 sdc 841538 12210 225193110 21810368 7304895 177631748 3722876064 2042358620 156 14382440 2064884032
======================
   8      32 sdc 841540 12210 225193126 21810484 7305079 177631748 3722970272 2042410740 133 14383444 2065022284
======================
   8      32 sdc 841573 12210 225193390 21812028 7305191 177631748 3723027616 2042594616 149 14384448 2065158264
======================
   8      32 sdc 841678 12210 225194230 21813004 7305546 177631748 3723209376 2042761280 146 14385452 2065298916
======================
   8      32 sdc 841785 12210 225195086 21814032 7305946 177631748 3723414176 2042899976 130 14386456 2065435652
======================
   8      32 sdc 841906 12210 225196054 21815040 7306348 177631748 3723620000 2043049332 144 14387460 2065586584
======================
   8      32 sdc 842026 12210 225197014 21816032 7307001 177631748 3723954336 2043213096 131 14388464 2065730520
======================
   8      32 sdc 842029 12210 225197038 21816788 7307971 177631748 3724450976 2043330000 153 14389468 2065861956
======================
   8      32 sdc 842029 12210 225197038 21816788 7307971 177631748 3724450976 2043330000 153 14390472 2066015568
======================
   8      32 sdc 842030 12210 225197046 21818180 7308483 177631748 3724713120 2043553320 153 14391476 2066168160
======================
   8      32 sdc 842033 12210 225197070 21818928 7310002 177631748 3725490848 2043778360 137 14392480 2066312676
======================
   8      32 sdc 842035 12210 225197086 21818992 7310645 177631748 3725820064 2043933468 134 14393480 2066466224
======================
   8      32 sdc 842036 12210 225197094 21819044 7311262 177631748 3726135968 2044074620 157 14394488 2066609544
======================
   8      32 sdc 842037 12210 225197102 21819092 7311898 177631748 3726461600 2044219392 129 14395492 2066753224
======================
   8      32 sdc 842038 12210 225197110 21819140 7312568 177631748 3726804640 2044362912 131 14396496 2066896912
======================
   8      32 sdc 842040 12210 225197126 21819272 7313198 177631748 3727127200 2044504068 139 14397500 2067039220
======================
   8      32 sdc 842040 12210 225197126 21819272 7313692 177631748 3727380128 2044615236 64 14398504 2067160252
======================
   8      32 sdc 842040 12210 225197126 21819272 7313692 177631748 3727380128 2044615236 64 14399508 2067224508
======================
   8      32 sdc 842044 12210 225197158 21820840 7315112 177631748 3728107168 2044816632 147 14400512 2067353544
======================
   8      32 sdc 842046 12210 225197174 21820896 7315731 177631748 3728424096 2044968768 138 14401516 2067499860
======================
   8      32 sdc 842047 12210 225197182 21820940 7316375 177631748 3728753824 2045106540 132 14402520 2067643356
======================
   8      32 sdc 842048 12210 225197190 21821004 7317012 177631748 3729079968 2045249848 139 14403524 2067786928
======================
   8      32 sdc 842048 12210 225197190 21821004 7317226 177631748 3729189536 2045301684 114 14404528 2067914380
======================
   8      32 sdc 842049 12210 225197198 21822712 7317412 177631748 3729284768 2045505328 139 14405532 2068029584
======================
   8      32 sdc 842050 12210 225197206 21822736 7318211 177631748 3729693856 2045526752 153 14406536 2068181044
======================
   8      32 sdc 842051 12210 225197214 21824120 7318723 177631748 3729956000 2045749036 153 14407540 2068333588
======================
   8      32 sdc 842054 12210 225197238 21824884 7320060 177631748 3730640544 2045940524 129 14408544 2068480364
======================
   8      32 sdc 842055 12210 225197246 21824916 7320682 177631748 3730959008 2046082656 145 14409548 2068624228
======================
   8      32 sdc 842056 12210 225197254 21824960 7321300 177631748 3731275424 2046226028 136 14410552 2068767816
======================
   8      32 sdc 842058 12210 225197270 21825044 7321954 177631748 3731610272 2046371436 153 14411556 2068911516
======================
   8      32 sdc 842060 12210 225197286 21825124 7322582 177631748 3731931808 2046513452 155 14412560 2069051576
======================
   8      32 sdc 842061 12210 225197294 21825184 7323266 177631748 3732282016 2046654724 158 14413560 2069194544
======================
   8      32 sdc 842063 12210 225197310 21825288 7323904 177631748 3732608672 2046795660 129 14414564 2069337352
======================
   8      32 sdc 842064 12210 225197318 21825416 7324502 177631748 3732914848 2046937044 130 14415568 2069477664
======================
   8      32 sdc 842065 12210 225197326 21825448 7325141 177631748 3733242016 2047080000 140 14416572 2069620456
======================
   8      32 sdc 842066 12210 225197334 21825476 7325785 177631748 3733571744 2047222832 130 14417576 2069763800
======================
   8      32 sdc 842067 12210 225197342 21825524 7326407 177631748 3733890208 2047371340 149 14418580 2069909176
======================
   8      32 sdc 842069 12210 225197358 21825608 7327072 177631748 3734230688 2047512120 155 14419584 2070052624
======================
   8      32 sdc 842070 12210 225197366 21825652 7327725 177631748 3734565024 2047655224 142 14420588 2070196436
======================
   8      32 sdc 842071 12210 225197374 21825704 7328361 177631748 3734890656 2047798332 146 14421592 2070340048
======================
   8      32 sdc 842071 12210 225197374 21825704 7328506 177631748 3734964896 2047830888 98 14422596 2070447088
======================
   8      32 sdc 842073 12210 225197390 21827272 7329446 177631748 3735446176 2048008980 150 14423600 2070561040
======================
   8      32 sdc 842073 12210 225197390 21827272 7329446 177631748 3735446176 2048008980 150 14424604 2070711640
======================
   8      32 sdc 842077 12210 225197422 21828648 7330885 177631748 3736182944 2048312288 150 14425608 2070856252
======================
   8      32 sdc 842078 12210 225197430 21828872 7331394 177631748 3736443552 2048456888 153 14426612 2071001352
======================
   8      32 sdc 842079 12210 225197438 21828900 7332012 177631748 3736759968 2048595980 144 14427616 2071145176
======================
   8      32 sdc 842080 12210 225197446 21829792 7332520 177631748 3737020064 2048747188 148 14428620 2071289708
======================
   8      32 sdc 842080 12210 225197446 21829792 7332520 177631748 3737020064 2048747188 148 14429624 2071438300
======================
   8      32 sdc 842083 12210 225197470 21831108 7333924 177631748 3737738912 2049035420 151 14430628 2071582936
======================
   8      32 sdc 842084 12210 225197478 21831144 7334573 177631748 3738071200 2049180496 143 14431632 2071726932
======================
   8      32 sdc 842086 12210 225197494 21831224 7335221 177631748 3738402976 2049324028 134 14432636 2071870636
======================
   8      32 sdc 842087 12210 225197502 21831296 7335875 177631748 3738737824 2049467708 157 14433640 2072014176
======================
   8      32 sdc 842088 12210 225197510 21831340 7336514 177631748 3739064992 2049614496 154 14434644 2072159240
======================
   8      32 sdc 842089 12210 225197518 21831384 7337146 177631748 3739388576 2049755724 130 14435644 2072301852
======================
   8      32 sdc 842091 12210 225197534 21831624 7337698 177631748 3739671200 2049880032 90 14436648 2072435192
======================
   8      32 sdc 842091 12210 225197534 21831624 7337698 177631748 3739671200 2049880032 90 14437652 2072525552
======================
   8      32 sdc 842094 12210 225197558 21833032 7339050 177631748 3740363424 2050105704 145 14438656 2072654576
======================
   8      32 sdc 842094 12210 225197558 21833032 7339173 177631748 3740426400 2050133248 151 14439660 2072804620
======================
   8      32 sdc 842096 12210 225197574 21834692 7340177 177631748 3740940448 2050418248 138 14440664 2072954240
======================
   8      32 sdc 842097 12210 225197582 21834924 7340705 177631748 3741210784 2050526392 155 14441668 2073102332
======================
   8      32 sdc 842097 12210 225197582 21834924 7340705 177631748 3741210784 2050526392 155 14442672 2073257952
======================
   8      32 sdc 842100 12210 225197606 21836396 7342088 177631748 3741918880 2050852204 147 14443676 2073404364
======================
   8      32 sdc 842101 12210 225197614 21836424 7342725 177631748 3742245024 2050995968 150 14444680 2073548120
======================
   8      32 sdc 842103 12210 225197630 21836492 7343364 177631748 3742572192 2051139328 151 14445684 2073691640
======================
   8      32 sdc 842104 12210 225197638 21836548 7344012 177631748 3742903968 2051285436 145 14446688 2073835144
======================
   8      32 sdc 842105 12210 225197646 21836600 7344659 177631748 3743235232 2051426300 138 14447692 2073978828
======================
   8      32 sdc 842106 12210 225197654 21836620 7345299 177631748 3743562912 2051571132 140 14448700 2074120764
======================
   8      32 sdc 842109 12210 225197678 21837068 7345947 177631748 3743894688 2051694324 128 14449704 2074247260
======================
   8      32 sdc 842110 12210 225197686 21837096 7346592 177631748 3744224928 2051836928 155 14450708 2074391068
======================
   8      32 sdc 842111 12210 225197694 21837140 7347212 177631748 3744542368 2051980836 143 14451712 2074534976
======================
   8      32 sdc 842112 12210 225197702 21837188 7347858 177631748 3744873120 2052128152 141 14452716 2074678456
======================
   8      32 sdc 842113 12210 225197710 21837412 7348387 177631748 3745143968 2052267976 153 14453720 2074821184
======================
   8      32 sdc 842114 12210 225197718 21837444 7348907 177631748 3745410208 2052379732 145 14454724 2074965592
======================
   8      32 sdc 842114 12210 225197718 21837444 7348907 177631748 3745410208 2052379732 145 14455728 2075111172
======================
   8      32 sdc 842117 12210 225197742 21839044 7350285 177631748 3746115744 2052699288 142 14456732 2075255532
======================
   8      32 sdc 842118 12210 225197750 21839072 7350928 177631748 3746444960 2052842452 139 14457732 2075400300
======================
   8      32 sdc 842120 12210 225197766 21839152 7351603 177631748 3746790560 2052988916 136 14458744 2075544524
======================
   8      32 sdc 842120 12210 225197766 21839152 7351997 177631748 3746992288 2053077284 127 14459784 2075686480
======================
   8      32 sdc 842120 12210 225197766 21839152 7351997 177631748 3746992288 2053077284 127 14460792 2075814496
======================
   8      32 sdc 842123 12210 225197790 21840700 7352997 177631748 3747504288 2053300892 151 14461812 2075966416
======================
   8      32 sdc 842126 12210 225197814 21842100 7354190 177631748 3748115104 2053555960 141 14462816 2076114200
======================
   8      32 sdc 842127 12210 225197822 21842132 7354822 177631748 3748438688 2053699664 149 14463820 2076257988
======================
   8      32 sdc 842127 12210 225197822 21842132 7355054 177631748 3748557472 2053762172 142 14464824 2076399592
======================
   8      32 sdc 842129 12210 225197838 21843000 7356059 177631748 3749072032 2053974080 128 14465828 2076541664
======================
   8      32 sdc 842131 12210 225197854 21843068 7356725 177631748 3749413024 2054124956 134 14466828 2076683592
======================
   8      32 sdc 842131 12210 225197854 21843068 7357107 177631748 3749608608 2054209268 137 14467832 2076824820
======================
   8      32 sdc 842131 12210 225197854 21843068 7357107 177631748 3749608608 2054209268 137 14468836 2076962368
======================
   8      32 sdc 842134 12210 225197878 21844576 7358629 177631748 3750387872 2054542108 151 14469836 2077105588
======================
   8      32 sdc 842134 12210 225197878 21844576 7358629 177631748 3750387872 2054542108 151 14470840 2077257192
======================
   8      32 sdc 842137 12210 225197902 21846140 7359902 177631748 3751039648 2054842092 157 14471844 2077404556
======================
   8      32 sdc 842138 12210 225197910 21846164 7360545 177631748 3751368864 2054989508 154 14472852 2077551156
======================
   8      32 sdc 842140 12210 225197926 21846252 7361198 177631748 3751703200 2055132284 142 14473856 2077694336
======================
   8      32 sdc 842140 12210 225197926 21846252 7361210 177631748 3751709344 2055135016 130 14474864 2077825564
======================
   8      32 sdc 842143 12210 225197950 21847708 7362513 177631748 3752376480 2055400696 138 14475868 2077964220
======================
   8      32 sdc 842143 12210 225197950 21847708 7362726 177631748 3752485536 2055448280 150 14476872 2078112588
======================
   8      32 sdc 842145 12210 225197966 21849208 7363645 177631748 3752956064 2055709412 134 14477872 2078261148
======================
   8      32 sdc 842147 12210 225197982 21849264 7364418 177631748 3753351840 2055838716 153 14478876 2078405036
======================
   8      32 sdc 842148 12210 225197990 21849292 7365054 177631748 3753677472 2055982112 157 14479876 2078548056
======================
   8      32 sdc 842149 12210 225197998 21849336 7365699 177631748 3754007712 2056126452 152 14480880 2078692020
======================
   8      32 sdc 842150 12210 225198006 21849372 7366341 177631748 3754336416 2056267524 119 14481888 2078835512
======================
   8      32 sdc 842150 12210 225198006 21849372 7366341 177631748 3754336416 2056267524 119 14482892 2078954988
======================
   8      32 sdc 842153 12210 225198030 21851176 7367472 177631748 3754915488 2056521248 139 14483896 2079087756
======================
   8      32 sdc 842154 12210 225198038 21851204 7368109 177631748 3755241632 2056665492 142 14484900 2079233920
======================
   8      32 sdc 842156 12210 225198054 21851264 7368729 177631748 3755559072 2056808844 130 14485900 2079376280
======================
   8      32 sdc 842157 12210 225198062 21851316 7369374 177631748 3755889312 2056952244 158 14486904 2079519808
======================
   8      32 sdc 842159 12210 225198078 21851384 7370022 177631748 3756221088 2057095304 149 14487908 2079663540
======================
   8      32 sdc 842159 12210 225198078 21851384 7370444 177631748 3756437152 2057188796 112 14488908 2079795356
======================
   8      32 sdc 842161 12210 225198094 21852324 7371304 177631748 3756877472 2057355860 147 14489912 2079923116
======================
   8      32 sdc 842163 12210 225198110 21852380 7371966 177631748 3757216416 2057497412 157 14490920 2080067780
======================
   8      32 sdc 842164 12210 225198118 21852428 7372586 177631748 3757533856 2057641572 145 14491924 2080211832
======================
   8      32 sdc 842165 12210 225198126 21852452 7373215 177631748 3757855904 2057786836 156 14492928 2080355492
======================
   8      32 sdc 842166 12210 225198134 21852484 7373889 177631748 3758200992 2057931108 154 14493936 2080499824
======================
   8      32 sdc 842167 12210 225198142 21852556 7374561 177631748 3758545056 2058073788 91 14494940 2080639748
======================
   8      32 sdc 842169 12210 225198158 21852680 7375226 177631748 3758885536 2058211972 140 14495944 2080780856
======================
   8      32 sdc 842170 12210 225198166 21852724 7375852 177631748 3759206048 2058353700 148 14496948 2080924244
======================
   8      32 sdc 842172 12210 225198182 21852864 7376453 177631748 3759513760 2058493392 155 14497948 2081062572
======================
   8      32 sdc 842174 12210 225198198 21852936 7377116 177631748 3759853216 2058638096 159 14498952 2081207784
======================
   8      32 sdc 842175 12210 225198206 21852964 7377755 177631748 3760180384 2058778260 128 14499956 2081351792
======================
   8      32 sdc 842176 12210 225198214 21853012 7378353 177631748 3760486560 2058913636 138 14500956 2081494656
======================
   8      32 sdc 842177 12210 225198222 21853084 7379034 177631748 3760835232 2059065600 141 14501960 2081636576
======================
   8      32 sdc 842177 12210 225198222 21853084 7379159 177631748 3760899232 2059101768 101 14502960 2081746052
======================
   8      32 sdc 842180 12210 225198246 21854560 7380299 177631748 3761482912 2059292696 144 14503964 2081863536
======================
   8      32 sdc 842180 12210 225198246 21854560 7380645 177631748 3761660064 2059369392 151 14504976 2082011988
======================
   8      32 sdc 842181 12210 225198254 21856020 7380807 177631748 3761743008 2059604932 148 14505980 2082163312
======================
   8      32 sdc 842183 12210 225198270 21856068 7382181 177631748 3762446496 2059726340 151 14506984 2082307540
======================
   8      32 sdc 842185 12210 225198286 21856320 7382735 177631748 3762730144 2059878708 140 14507988 2082452456
======================
   8      32 sdc 842186 12210 225198294 21856364 7383373 177631748 3763056800 2060022620 142 14508992 2082596212
======================
   8      32 sdc 842187 12210 225198302 21856428 7383742 177631748 3763245728 2060105528 126 14509992 2082732088
======================
   8      32 sdc 842187 12210 225198302 21856428 7383742 177631748 3763245728 2060105528 126 14510996 2082858592
======================
   8      32 sdc 842190 12210 225198326 21858000 7385205 177631748 3763994784 2060401264 134 14511996 2082998148
======================
   8      32 sdc 842192 12210 225198342 21858052 7385929 177631748 3764365472 2060565296 146 14513000 2083140464
======================
   8      32 sdc 842193 12210 225198350 21858084 7386563 177631748 3764690080 2060709920 152 14514004 2083284472
======================
   8      32 sdc 842194 12210 225198358 21858120 7387244 177631748 3765038752 2060854536 143 14515020 2083428624
======================
   8      32 sdc 842195 12210 225198366 21858276 7387791 177631748 3765318816 2060969980 141 14516028 2083569572
======================
   8      32 sdc 842195 12210 225198366 21858276 7387791 177631748 3765318816 2060969980 141 14517040 2083712264
======================
   8      32 sdc 842196 12210 225198374 21859820 7388293 177631748 3765575840 2061210088 151 14518044 2083859440
======================
   8      32 sdc 842199 12210 225198398 21860516 7389809 177631748 3766352032 2061426048 138 14519048 2084003200
======================
   8      32 sdc 842201 12210 225198414 21860584 7390472 177631748 3766691488 2061569148 147 14520052 2084147064
======================
   8      32 sdc 842202 12210 225198422 21860632 7391108 177631748 3767017120 2061712220 151 14521056 2084290588
======================
   8      32 sdc 842204 12210 225198438 21860712 7391725 177631748 3767333024 2061854576 132 14522056 2084432440
======================
   8      32 sdc 842205 12210 225198446 21860744 7392392 177631748 3767674528 2061997684 149 14523060 2084575376
======================
   8      32 sdc 842205 12210 225198446 21860744 7392439 177631748 3767698592 2062008108 101 14524064 2084678660
======================
   8      32 sdc 842208 12210 225198470 21862292 7393656 177631748 3768321696 2062221424 131 14525068 2084801120
======================
   8      32 sdc 842209 12210 225198478 21862528 7394147 177631748 3768573088 2062366200 152 14526068 2084946200
======================
   8      32 sdc 842210 12210 225198486 21862556 7394785 177631748 3768899744 2062510336 154 14527072 2085090228
======================
   8      32 sdc 842211 12210 225198494 21862592 7395444 177631748 3769237152 2062654004 135 14528072 2085233224
======================
   8      32 sdc 842211 12210 225198494 21862592 7395475 177631748 3769253024 2062660552 137 14529076 2085371144
======================
   8      32 sdc 842213 12210 225198510 21864076 7396483 177631748 3769769120 2062895244 153 14530080 2085515020
======================
   8      32 sdc 842213 12210 225198510 21864076 7396483 177631748 3769769120 2062895244 153 14531084 2085668632
======================
   8      32 sdc 842215 12210 225198526 21865480 7397508 177631748 3770293920 2063132912 152 14532088 2085819356
======================
   8      32 sdc 842218 12210 225198550 21866936 7398635 177631748 3770870944 2063384380 144 14533088 2085967900
======================
   8      32 sdc 842218 12210 225198550 21866936 7399046 177631748 3771081376 2063487924 150 14534092 2086112300
======================
   8      32 sdc 842218 12210 225198550 21866936 7399046 177631748 3771081376 2063487924 150 14535096 2086262900
======================
   8      32 sdc 842222 12210 225198582 21868336 7400581 177631748 3771867296 2063821276 151 14536096 2086405840
======================
   8      32 sdc 842224 12210 225198598 21868412 7401245 177631748 3772207264 2063964688 158 14537100 2086549472
======================
   8      32 sdc 842225 12210 225198606 21868452 7401875 177631748 3772529824 2064108440 136 14538104 2086694984
======================
   8      32 sdc 842226 12210 225198614 21868480 7402527 177631748 3772863648 2064254688 156 14539104 2086839340
======================
   8      32 sdc 842228 12210 225198630 21868600 7403187 177631748 3773201568 2064396284 136 14540108 2086981056
======================
   8      32 sdc 842229 12210 225198638 21868668 7403826 177631748 3773529248 2064536868 136 14541112 2087122480
======================
   8      32 sdc 842230 12210 225198646 21868700 7404465 177631748 3773855904 2064679668 155 14542120 2087265688
======================
   8      32 sdc 842231 12210 225198654 21868776 7405118 177631748 3774190240 2064821176 158 14543124 2087407428
======================
   8      32 sdc 842232 12210 225198662 21868832 7405766 177631748 3774522016 2064963156 86 14544124 2087547708
======================
   8      32 sdc 842234 12210 225198678 21869020 7406395 177631748 3774844064 2065114020 156 14545128 2087700276
======================
   8      32 sdc 842236 12210 225198694 21869224 7406962 177631748 3775134368 2065230636 155 14546132 2087829572
======================
   8      32 sdc 842237 12210 225198702 21869252 7407650 177631748 3775487136 2065388348 153 14547132 2087975560
======================
   8      32 sdc 842239 12210 225198718 21869324 7408295 177631748 3775816864 2065531192 148 14548136 2088119144
======================
   8      32 sdc 842240 12210 225198726 21869360 7408953 177631748 3776153760 2065675488 130 14549136 2088262044
======================
   8      32 sdc 842240 12210 225198726 21869360 7409315 177631748 3776339104 2065767708 121 14550140 2088397932
======================
   8      32 sdc 842241 12210 225198734 21870112 7409808 177631748 3776591520 2065875208 140 14551144 2088532256
======================
   8      32 sdc 842243 12210 225198750 21871440 7410824 177631748 3777111712 2066083696 148 14552152 2088674436
======================
   8      32 sdc 842243 12210 225198750 21871440 7410824 177631748 3777111712 2066083696 148 14553152 2088822436
======================
   8      32 sdc 842246 12210 225198774 21872944 7412124 177631748 3777777312 2066377876 135 14554156 2088967600
======================
   8      32 sdc 842247 12210 225198782 21872968 7412794 177631748 3778120352 2066521476 129 14555160 2089111360
======================
   8      32 sdc 842249 12210 225198798 21873036 7413450 177631748 3778456224 2066665284 145 14556164 2089254424
======================
   8      32 sdc 842250 12210 225198806 21873100 7414128 177631748 3778803360 2066807068 145 14557164 2089397288
======================
   8      32 sdc 842251 12210 225198814 21873204 7414454 177631748 3778970272 2066878620 102 14558168 2089519384
======================
   8      32 sdc 842251 12210 225198814 21873204 7414454 177631748 3778970272 2066878620 102 14559172 2089621792
======================
   8      32 sdc 842253 12210 225198830 21874720 7415430 177631748 3779469984 2067070744 150 14560176 2089769420
======================
   8      32 sdc 842256 12210 225198854 21876060 7416655 177631748 3780097184 2067322812 140 14561180 2089916608
======================
   8      32 sdc 842257 12210 225198862 21876276 7417154 177631748 3780352672 2067467960 153 14562184 2090061996
======================
   8      32 sdc 842258 12210 225198870 21876304 7417810 177631748 3780688544 2067612196 137 14563188 2090205692
======================
   8      32 sdc 842259 12210 225198878 21876332 7418461 177631748 3781021856 2067755632 158 14564192 2090349068
======================
   8      32 sdc 842261 12210 225198894 21876408 7419092 177631748 3781344928 2067897560 135 14565196 2090492584
======================
   8      32 sdc 842262 12210 225198902 21876480 7419692 177631748 3781652128 2068033268 155 14566196 2090634920
======================
   8      32 sdc 842263 12210 225198910 21876536 7420347 177631748 3781987488 2068181520 142 14567200 2090778552
======================
   8      32 sdc 842264 12210 225198918 21876604 7421003 177631748 3782323360 2068327496 150 14568204 2090919784
======================
   8      32 sdc 842266 12210 225198934 21876800 7421641 177631748 3782650016 2068463832 146 14569204 2091061196
======================
   8      32 sdc 842267 12210 225198942 21876856 7422099 177631748 3782884512 2068564956 137 14570208 2091203136
======================
   8      32 sdc 842267 12210 225198942 21876856 7422099 177631748 3782884512 2068564956 137 14571212 2091340684
======================
   8      32 sdc 842269 12210 225198958 21878988 7423025 177631748 3783358624 2068906672 138 14572212 2091489168
======================
   8      32 sdc 842271 12210 225198974 21879688 7424135 177631748 3783926944 2069041764 149 14573216 2091639944
======================
   8      32 sdc 842272 12210 225198982 21880592 7424643 177631748 3784187040 2069186972 153 14574220 2091789256
======================
   8      32 sdc 842272 12210 225198982 21880592 7424643 177631748 3784187040 2069186972 153 14575224 2091942868
======================
   8      32 sdc 842275 12210 225199006 21881860 7426135 177631748 3784950944 2069488372 132 14576228 2092087336
======================
   8      32 sdc 842277 12210 225199022 21881916 7426800 177631748 3785291424 2069631708 139 14577232 2092231124
======================
   8      32 sdc 842278 12210 225199030 21882168 7427306 177631748 3785550496 2069760428 145 14578232 2092372720
======================
   8      32 sdc 842279 12210 225199038 21882200 7427921 177631748 3785865376 2069916144 138 14579240 2092517188
======================
   8      32 sdc 842280 12210 225199046 21882236 7428564 177631748 3786194592 2070060216 135 14580240 2092659404
======================
   8      32 sdc 842280 12210 225199046 21882236 7428757 177631748 3786293408 2070110392 135 14581244 2092796580
======================
   8      32 sdc 842283 12210 225199070 21883668 7429768 177631748 3786811040 2070330680 148 14582248 2092934908
======================
   8      32 sdc 842283 12210 225199070 21883668 7429768 177631748 3786811040 2070330680 148 14583248 2093082908
======================
   8      32 sdc 842286 12210 225199094 21885180 7431123 177631748 3787504800 2070626056 136 14584252 2093228568
======================
   8      32 sdc 842287 12210 225199102 21885204 7431780 177631748 3787841184 2070769204 151 14585256 2093372108
======================
   8      32 sdc 842289 12210 225199118 21885264 7432396 177631748 3788156576 2070921368 147 14586260 2093523448
======================
   8      32 sdc 842290 12210 225199126 21885296 7433042 177631748 3788487328 2071064364 137 14587264 2093667836
======================
   8      32 sdc 842291 12210 225199134 21885376 7433638 177631748 3788792480 2071198836 131 14588264 2093809044
======================
   8      32 sdc 842291 12210 225199134 21885376 7433897 177631748 3788925088 2071312408 83 14589268 2093925688
======================
   8      32 sdc 842294 12210 225199158 21886460 7434958 177631748 3789468320 2071426944 141 14590272 2094024580
======================
   8      32 sdc 842295 12210 225199166 21886688 7435456 177631748 3789723296 2071550960 155 14591272 2094169200
======================
   8      32 sdc 842296 12210 225199174 21886712 7436107 177631748 3790056608 2071709320 144 14592276 2094312988
======================
   8      32 sdc 842296 12210 225199174 21886712 7436397 177631748 3790205088 2071785896 143 14593284 2094457876
======================
   8      32 sdc 842298 12210 225199190 21888084 7437272 177631748 3790653088 2072009600 131 14594288 2094601272
======================
   8      32 sdc 842301 12210 225199214 21888148 7438002 177631748 3791027360 2072138016 137 14595292 2094745244
======================
   8      32 sdc 842302 12210 225199222 21888180 7438661 177631748 3791364256 2072283400 150 14596296 2094888964
======================
   8      32 sdc 842303 12210 225199230 21888224 7439274 177631748 3791678112 2072415736 145 14597300 2095032620
======================
   8      32 sdc 842304 12210 225199238 21888276 7439991 177631748 3792045216 2072570440 133 14598300 2095175392
======================
   8      32 sdc 842306 12210 225199254 21888368 7440603 177631748 3792358560 2072710492 132 14599304 2095317276
======================
   8      32 sdc 842307 12210 225199262 21888420 7441237 177631748 3792683168 2072854996 137 14600308 2095460700
======================
   8      32 sdc 842308 12210 225199270 21888460 7441899 177631748 3793022112 2072999204 149 14601308 2095604480
======================
   8      32 sdc 842309 12210 225199278 21888520 7442531 177631748 3793345696 2073141104 129 14602316 2095747908
======================
   8      32 sdc 842311 12210 225199294 21888624 7443160 177631748 3793667744 2073284664 138 14603320 2095891460
======================
   8      32 sdc 842311 12210 225199294 21888624 7443620 177631748 3793903264 2073384592 56 14604320 2096002392
======================
   8      32 sdc 842311 12210 225199294 21888624 7443620 177631748 3793903264 2073384592 56 14605324 2096058616
======================
   8      32 sdc 842314 12210 225199318 21890576 7444954 177631748 3794586272 2073573324 129 14606328 2096181908
======================
   8      32 sdc 842316 12210 225199334 21890808 7445570 177631748 3794901664 2073716672 154 14607332 2096327832
======================
   8      32 sdc 842318 12210 225199350 21890872 7446208 177631748 3795228320 2073861820 155 14608332 2096471064
======================
   8      32 sdc 842318 12210 225199350 21890872 7446610 177631748 3795434144 2073951612 138 14609336 2096613208
======================
   8      32 sdc 842318 12210 225199350 21890872 7446610 177631748 3795434144 2073951612 138 14610344 2096752312
======================
   8      32 sdc 842321 12210 225199374 21892500 7448121 177631748 3796207776 2074289240 130 14611344 2096896740
======================
   8      32 sdc 842321 12210 225199374 21892500 7448131 177631748 3796212896 2074290932 153 14612348 2097050296
======================
   8      32 sdc 842322 12210 225199382 21893972 7448644 177631748 3796475552 2074536148 152 14613352 2097202392
======================
   8      32 sdc 842325 12210 225199406 21894628 7450062 177631748 3797201568 2074732356 141 14614352 2097346488
======================
   8      32 sdc 842326 12210 225199414 21894668 7450686 177631748 3797521056 2074877144 158 14615356 2097490328
======================
   8      32 sdc 842328 12210 225199430 21894744 7451344 177631748 3797857952 2075020340 142 14616356 2097633384
======================
   8      32 sdc 842329 12210 225199438 21894792 7451976 177631748 3798181536 2075155600 147 14617360 2097777044
======================
   8      32 sdc 842330 12210 225199446 21894820 7452666 177631748 3798534816 2075304420 158 14618364 2097921292
======================
   8      32 sdc 842331 12210 225199454 21894912 7452826 177631748 3798616736 2075350424 66 14619368 2098005788
======================
   8      32 sdc 842333 12210 225199470 21896372 7453763 177631748 3799096480 2075476188 153 14620372 2098095112
======================
   8      32 sdc 842333 12210 225199470 21896372 7453763 177631748 3799096480 2075476188 153 14621376 2098248724
======================
   8      32 sdc 842336 12210 225199494 21897696 7455214 177631748 3799839392 2075777052 141 14622380 2098393200
======================
   8      32 sdc 842337 12210 225199502 21897928 7455710 177631748 3800093344 2075922504 157 14623388 2098539084
======================
   8      32 sdc 842338 12210 225199510 21897960 7456273 177631748 3800381600 2076047916 138 14624392 2098682412
======================
   8      32 sdc 842340 12210 225199526 21898032 7457008 177631748 3800757920 2076209288 145 14625396 2098824676
======================
   8      32 sdc 842341 12210 225199534 21898096 7457610 177631748 3801066144 2076347632 151 14626400 2098965100
======================
   8      32 sdc 842342 12210 225199542 21898168 7458274 177631748 3801406112 2076490028 139 14627400 2099106996
======================
   8      32 sdc 842343 12210 225199550 21898240 7458911 177631748 3801732256 2076631508 125 14628404 2099248196
======================
   8      32 sdc 842345 12210 225199566 21898376 7459545 177631748 3802056864 2076771920 148 14629408 2099389068
======================
   8      32 sdc 842346 12210 225199574 21898504 7460204 177631748 3802394272 2076910168 147 14630412 2099527136
======================
   8      32 sdc 842346 12210 225199574 21898504 7460422 177631748 3802505888 2076957236 150 14631416 2099675288
======================
   8      32 sdc 842349 12210 225199598 21900004 7461443 177631748 3803028640 2077217760 153 14632416 2099824184
======================
   8      32 sdc 842351 12210 225199614 21900056 7462126 177631748 3803378336 2077349368 141 14633420 2099968116
======================
   8      32 sdc 842352 12210 225199622 21900092 7462795 177631748 3803720864 2077492616 144 14634424 2100111888
======================
   8      32 sdc 842353 12210 225199630 21900132 7463408 177631748 3804034720 2077634872 139 14635424 2100255148
======================
   8      32 sdc 842354 12210 225199638 21900184 7464037 177631748 3804356768 2077772840 119 14636428 2100397532
======================
   8      32 sdc 842356 12210 225199654 21900492 7464729 177631748 3804711072 2077918296 130 14637428 2100536324
======================
   8      32 sdc 842357 12210 225199662 21900524 7465363 177631748 3805035680 2078053176 136 14638432 2100678668
======================
   8      32 sdc 842358 12210 225199670 21900548 7465965 177631748 3805343904 2078185248 142 14639432 2100821380
======================
   8      32 sdc 842360 12210 225199686 21900624 7466636 177631748 3805687456 2078342816 143 14640436 2100964832
======================
   8      32 sdc 842360 12210 225199686 21900624 7467114 177631748 3805932192 2078450632 114 14641440 2101100144
======================
   8      32 sdc 842360 12210 225199686 21900624 7467114 177631748 3805932192 2078450632 114 14642440 2101214144
======================
   8      32 sdc 842364 12210 225199718 21902116 7468548 177631748 3806666400 2078732564 151 14643444 2101354532
======================
   8      32 sdc 842365 12210 225199726 21902152 7469133 177631748 3806965920 2078865948 143 14644448 2101498428
======================
   8      32 sdc 842367 12210 225199742 21902416 7469672 177631748 3807241888 2079021548 147 14645448 2101641492
======================
   8      32 sdc 842368 12210 225199750 21902444 7470321 177631748 3807574176 2079163084 138 14646452 2101785164
======================
   8      32 sdc 842369 12210 225199758 21902468 7470956 177631748 3807899296 2079307936 143 14647464 2101930308
======================
   8      32 sdc 842370 12210 225199766 21902524 7471587 177631748 3808222368 2079451204 152 14648464 2102073152
======================
   8      32 sdc 842371 12210 225199774 21902588 7472221 177631748 3808546976 2079591256 127 14649476 2102216876
======================
   8      32 sdc 842373 12210 225199790 21903544 7472890 177631748 3808890016 2079717420 150 14650480 2102327064
======================
   8      32 sdc 842374 12210 225199798 21903572 7473526 177631748 3809215136 2079848132 141 14651484 2102471500
======================
   8      32 sdc 842375 12210 225199806 21903600 7474164 177631748 3809541792 2079992136 135 14652488 2102615148
======================
   8      32 sdc 842377 12210 225199822 21903700 7474817 177631748 3809876128 2080133460 154 14653488 2102757168
======================
   8      32 sdc 842378 12210 225199830 21903764 7475466 177631748 3810208416 2080276980 153 14654492 2102900672
======================
   8      32 sdc 842380 12210 225199846 21903884 7476063 177631748 3810514080 2080417348 158 14655492 2103040832
======================
   8      32 sdc 842381 12210 225199854 21903972 7476702 177631748 3810841248 2080563276 133 14656496 2103184780
======================
   8      32 sdc 842382 12210 225199862 21904036 7477367 177631748 3811181728 2080703548 102 14657500 2103325044
======================
   8      32 sdc 842384 12210 225199878 21904264 7478031 177631748 3811521696 2080836876 150 14658504 2103459156
======================
   8      32 sdc 842385 12210 225199886 21904476 7478552 177631748 3811788448 2080978124 131 14659508 2103602700
======================
   8      32 sdc 842385 12210 225199886 21904476 7478852 177631748 3811942048 2081047032 152 14660512 2103751164
======================
   8      32 sdc 842386 12210 225199894 21905920 7479363 177631748 3812203680 2081290604 153 14661512 2103902152
======================
   8      32 sdc 842389 12210 225199918 21905996 7480480 177631748 3812775584 2081420628 155 14662516 2104045756
======================
   8      32 sdc 842390 12210 225199926 21906020 7481118 177631748 3813102240 2081564000 157 14663520 2104189432
======================
   8      32 sdc 842391 12210 225199934 21906060 7481752 177631748 3813426848 2081707876 131 14664524 2104332984
======================
   8      32 sdc 842392 12210 225199942 21906124 7482374 177631748 3813745312 2081844580 155 14665524 2104476676
======================
   8      32 sdc 842394 12210 225199958 21906188 7483044 177631748 3814088352 2081996128 155 14666528 2104621788
======================
   8      32 sdc 842396 12210 225199974 21906312 7483664 177631748 3814405792 2082135744 148 14667528 2104761828
======================
   8      32 sdc 842397 12210 225199982 21906384 7484295 177631748 3814728864 2082278804 148 14668532 2104904504
======================
   8      32 sdc 842398 12210 225199990 21906456 7484931 177631748 3815054496 2082420464 145 14669536 2105046780
======================
   8      32 sdc 842400 12210 225200006 21906620 7485572 177631748 3815382688 2082555696 151 14670540 2105182584
======================
   8      32 sdc 842401 12210 225200014 21906648 7486222 177631748 3815715488 2082699496 141 14671540 2105325784
======================
   8      32 sdc 842402 12210 225200022 21906692 7486859 177631748 3816041632 2082843148 144 14672544 2105469472
======================
   8      32 sdc 842403 12210 225200030 21906720 7487525 177631748 3816382624 2082991356 150 14673548 2105615396
======================
   8      32 sdc 842405 12210 225200046 21906852 7488178 177631748 3816716960 2083130544 156 14674552 2105757424
======================
   8      32 sdc 842406 12210 225200054 21906960 7488797 177631748 3817033888 2083270516 146 14675556 2105897580
======================
   8      32 sdc 842406 12210 225200054 21906960 7489166 177631748 3817222816 2083355696 78 14676560 2106011044
======================
   8      32 sdc 842407 12210 225200062 21908444 7489286 177631748 3817284256 2083476808 131 14677560 2106090424
======================
   8      32 sdc 842410 12210 225200086 21908516 7490708 177631748 3818012320 2083608332 135 14678564 2106233812
======================
   8      32 sdc 842411 12210 225200094 21908572 7491162 177631748 3818244768 2083697636 130 14679564 2106372096
======================
   8      32 sdc 842411 12210 225200094 21908572 7491162 177631748 3818244768 2083697636 130 14680568 2106502616
======================
   8      32 sdc 842414 12210 225200118 21910064 7492624 177631748 3818993312 2084014976 139 14681572 2106645112
======================
   8      32 sdc 842416 12210 225200134 21910124 7493211 177631748 3819293856 2084143396 128 14682576 2106787156
======================
   8      32 sdc 842417 12210 225200142 21910348 7493756 177631748 3819572896 2084271796 159 14683576 2106927260
======================
   8      32 sdc 842417 12210 225200142 21910348 7494262 177631748 3819831968 2084392960 102 14684580 2107088840
======================
   8      32 sdc 842417 12210 225200142 21910348 7494262 177631748 3819831968 2084392960 102 14685584 2107191248
======================
   8      32 sdc 842418 12210 225200150 21912124 7494863 177631748 3820139680 2084581200 13 14686596 2107230672
======================
   8      32 sdc 842422 12210 225200182 21913760 7496348 177631748 3820900000 2084604128 161 14687600 2107256528
======================
   8      32 sdc 842423 12210 225200190 21913828 7496989 177631748 3821228192 2084768352 139 14688612 2107401900
======================
   8      32 sdc 842424 12210 225200198 21913900 7497630 177631748 3821556384 2084911424 149 14689620 2107544608
======================
   8      32 sdc 842424 12210 225200198 21913900 7497948 177631748 3821718696 2084983076 1 14690628 2107601168
======================
   8      32 sdc 842426 12210 225200214 21915532 7498934 177632693 3822223024 2084990468 55 14691636 2107611784
======================
   8      32 sdc 842429 12210 225200238 21915832 7499564 177632693 3822545584 2085097692 157 14692644 2107733120
======================
   8      32 sdc 842430 12210 225200246 21915904 7500203 177632693 3822872752 2085238724 137 14693652 2107874516
======================
   8      32 sdc 842431 12210 225200254 21915972 7500873 177632693 3823215792 2085382676 150 14694660 2108017584
======================
   8      32 sdc 842432 12210 225200262 21916040 7501526 177632693 3823550128 2085522656 23 14695660 2108147076
======================
   8      32 sdc 842433 12210 225200270 21916272 7502060 177632693 3823823536 2085627052 1 14696664 2108247140
======================
   8      32 sdc 842433 12210 225200270 21916272 7502060 177632693 3823823536 2085627052 1 14697668 2108248144
======================
   8      32 sdc 842436 12210 225200294 21918356 7503459 177632705 3824538912 2085651252 128 14698672 2108287940
======================
   8      32 sdc 842438 12210 225200310 21918680 7504124 177632705 3824879392 2085785644 98 14699672 2108407960
======================
   8      32 sdc 842439 12210 225200318 21918904 7504763 177632705 3825206560 2085897152 143 14700680 2108535896
======================
   8      32 sdc 842440 12210 225200326 21918976 7505382 177632705 3825523488 2086038048 143 14701684 2108676956
======================
   8      32 sdc 842441 12210 225200334 21919040 7506037 177632705 3825858848 2086181720 122 14702688 2108818960
======================
   8      32 sdc 842444 12210 225200358 21919188 7506685 177632717 3826189712 2086311284 139 14703692 2108934428
======================
   8      32 sdc 842444 12210 225200358 21919188 7507184 177632717 3826445200 2086409704 1 14704696 2109032752
======================
   8      32 sdc 842444 12210 225200358 21919188 7507184 177632717 3826445200 2086409704 1 14705696 2109033752
======================
   8      32 sdc 842445 12210 225200366 21921524 7507696 177632717 3826707344 2086413088 1 14706700 2109038108
======================
   8      32 sdc 842448 12210 225200390 21921952 7509110 177632717 3827431312 2086501688 123 14707704 2109142924
======================
   8      32 sdc 842449 12210 225200398 21922176 7509742 177632727 3827753968 2086632748 5 14708704 2109258528
======================
   8      32 sdc 842450 12210 225200406 21922232 7510258 177632727 3828018160 2086731816 1 14709708 2109357880
======================
   8      32 sdc 842450 12210 225200406 21922232 7510258 177632727 3828018160 2086731816 1 14710712 2109358884
======================
   8      32 sdc 842453 12210 225200430 21923952 7511650 177632727 3828730864 2086815372 145 14711716 2109459076
======================
   8      32 sdc 842454 12210 225200438 21924032 7512274 177632727 3829050352 2086956924 33 14712716 2109591112
======================
   8      32 sdc 842454 12210 225200438 21924032 7512306 177632727 3829066736 2086964376 1 14713720 2109592976
======================
   8      32 sdc 842455 12210 225200446 21925660 7512820 177632737 3829328976 2086967168 1 14714724 2109596740
======================
   8      32 sdc 842456 12210 225200454 21926436 7513332 177632737 3829591120 2086969748 1 14715732 2109600292
======================
   8      32 sdc 842458 12210 225200470 21928052 7514356 177632737 3830115408 2086976220 1 14716740 2109607708
======================
   8      32 sdc 842459 12210 225200478 21928848 7514859 177633659 3830336456 2086980732 0 14717552 2109612960
======================
   8      32 sdc 842459 12210 225200478 21928848 7514859 177633659 3830336456 2086980732 0 14717552 2109612960
======================
   8      32 sdc 842459 12210 225200478 21928848 7514859 177633659 3830336456 2086980732 0 14717552 2109612960
======================
   8      32 sdc 842459 12210 225200478 21928848 7514859 177633659 3830336456 2086980732 0 14717552 2109612960
======================
   8      32 sdc 842459 12210 225200478 21928848 7514859 177633659 3830336456 2086980732 0 14717552 2109612960
======================
   8      32 sdc 842459 12210 225200478 21928848 7514859 177633659 3830336456 2086980732 0 14717552 2109612960
started
======================
   8      32 sdc 842697 12210 225202376 21930128 7514882 177633659 3830336544 2086980732 0 14717576 2109614240
======================
   8      32 sdc 842697 12210 225202376 21930128 7514882 177633659 3830336544 2086980732 0 14717576 2109614240
======================
   8      32 sdc 842703 12210 225202424 21930128 7514882 177633659 3830336544 2086980732 0 14717576 2109614240
======================
   8      32 sdc 842703 12210 225202424 21930128 7514882 177633659 3830336544 2086980732 0 14717576 2109614240
======================
   8      32 sdc 842703 12210 225202424 21930128 7514882 177633659 3830336544 2086980732 0 14717576 2109614240
======================
   8      32 sdc 842703 12210 225202424 21930128 7514882 177633659 3830336544 2086980732 0 14717576 2109614240
======================
   8      32 sdc 842703 12210 225202424 21930128 7529362 177633659 3830458704 2087101128 157 14718476 2109741040
======================
   8      32 sdc 842703 12210 225202424 21930128 7530664 177633661 3830469856 2087245108 138 14719480 2109883404
======================
   8      32 sdc 842703 12210 225202424 21930128 7532045 177633661 3830481768 2087386548 133 14720484 2110027164
======================
   8      32 sdc 842703 12210 225202424 21930128 7533530 177633661 3830494624 2087531012 152 14721488 2110171784
======================
   8      32 sdc 842703 12210 225202424 21930128 7534730 177633661 3830505136 2087675344 136 14722492 2110317908
======================
   8      32 sdc 842703 12210 225202424 21930128 7536377 177633661 3830519576 2087815672 153 14723496 2110461476
======================
   8      32 sdc 842703 12210 225202424 21930128 7537892 177633662 3830532616 2087961464 144 14724500 2110603896
======================
   8      32 sdc 842703 12210 225202424 21930128 7539438 177633662 3830546240 2088105624 134 14725504 2110747248
======================
   8      32 sdc 842703 12210 225202424 21930128 7540947 177633662 3830559656 2088253388 129 14726524 2110895052
======================
   8      32 sdc 842703 12210 225202424 21930128 7542444 177633662 3830572912 2088395908 136 14727540 2111041464
======================
   8      32 sdc 842703 12210 225202424 21930128 7544028 177633662 3830586752 2088547004 152 14728548 2111186156
======================
   8      32 sdc 842703 12210 225202424 21930128 7545690 177633663 3830601368 2088690928 156 14729552 2111330316
======================
   8      32 sdc 842703 12210 225202424 21930128 7547222 177633663 3830614704 2088833832 128 14730556 2111474196
======================
   8      32 sdc 842703 12210 225202424 21930128 7548751 177633663 3830628144 2088973772 135 14731560 2111616024
======================
   8      32 sdc 842703 12210 225202424 21930128 7550329 177633663 3830642032 2089118072 157 14732564 2111760412
======================
   8      32 sdc 842703 12210 225202424 21930128 7551815 177633663 3830655216 2089254764 143 14733572 2111904492
======================
   8      32 sdc 842703 12210 225202424 21930128 7553418 177633664 3830669408 2089398356 142 14734580 2112046544
======================
   8      32 sdc 842703 12210 225202424 21930128 7555067 177633664 3830683960 2089541728 157 14735580 2112187840
======================
   8      32 sdc 842703 12210 225202424 21930128 7556628 177633664 3830697744 2089692044 132 14736584 2112332556
======================
   8      32 sdc 842703 12210 225202424 21930128 7558035 177633664 3830709992 2089836600 133 14737584 2112475976
======================
   8      32 sdc 842703 12210 225202424 21930128 7559549 177633664 3830723256 2089967384 155 14738596 2112621288
======================
   8      32 sdc 842703 12210 225202424 21930128 7560985 177633665 3830735920 2090128732 129 14739604 2112768136
======================
   8      32 sdc 842703 12210 225202424 21930128 7562479 177633665 3830749104 2090274084 139 14740624 2112916128
======================
   8      32 sdc 842703 12210 225202424 21930128 7564029 177633665 3830762832 2090416924 157 14741640 2113062796
======================
   8      32 sdc 842703 12210 225202424 21930128 7565537 177633665 3830776104 2090566164 153 14742652 2113206588
======================
   8      32 sdc 842703 12210 225202424 21930128 7566918 177633666 3830788368 2090691152 148 14743660 2113352344
======================
   8      32 sdc 842703 12210 225202424 21930128 7568799 177633667 3830804912 2090857304 157 14744672 2113499824
======================
   8      32 sdc 842703 12210 225202424 21930128 7570336 177633668 3830818632 2090989336 156 14745680 2113645056
======================
   8      32 sdc 842703 12210 225202424 21930128 7572138 177633668 3830834536 2091154812 146 14746692 2113796484
======================
   8      32 sdc 842703 12210 225202424 21930128 7573743 177633668 3830848592 2091293444 141 14747696 2113935320
======================
   8      32 sdc 842703 12210 225202424 21930128 7575335 177633668 3830862624 2091432920 149 14748700 2114075156
======================
   8      32 sdc 842703 12210 225202424 21930128 7576817 177633669 3830875824 2091578992 141 14749704 2114221112
======================
   8      32 sdc 842703 12210 225202424 21930128 7578293 177633670 3830888960 2091722084 137 14750704 2114364368
======================
   8      32 sdc 842703 12210 225202424 21930128 7579784 177633670 3830902256 2091862044 150 14751708 2114508188
======================
   8      32 sdc 842703 12210 225202424 21930128 7581365 177633670 3830916272 2092011680 137 14752712 2114652924
======================
   8      32 sdc 842703 12210 225202424 21930128 7582574 177633670 3830926840 2092159648 144 14753716 2114799544
======================
   8      32 sdc 842703 12210 225202424 21930128 7584144 177633671 3830940704 2092301316 144 14754716 2114942808
======================
   8      32 sdc 842703 12210 225202424 21930128 7585653 177633671 3830954152 2092443768 139 14755720 2115086624
======================
   8      32 sdc 842703 12210 225202424 21930128 7587198 177633671 3830967792 2092591360 130 14756724 2115231908
======================
   8      32 sdc 842703 12210 225202424 21930128 7588687 177633671 3830981016 2092733284 145 14757728 2115374676
======================
   8      32 sdc 842703 12210 225202424 21930128 7590162 177633671 3830993968 2092883264 142 14758728 2115520688
======================
   8      32 sdc 842703 12210 225202424 21930128 7591755 177633672 3831008064 2093007056 151 14759732 2115665668
======================
   8      32 sdc 842703 12210 225202424 21930128 7593453 177633672 3831023232 2093172524 158 14760736 2115814736
======================
   8      32 sdc 842703 12210 225202424 21930128 7594893 177633672 3831035864 2093314096 158 14761740 2115958236
======================
   8      32 sdc 842703 12210 225202424 21930128 7596463 177633672 3831049752 2093462136 156 14762752 2116102844
======================
   8      32 sdc 842703 12210 225202424 21930128 7597997 177633672 3831063200 2093602152 158 14763756 2116246560
======================
   8      32 sdc 842703 12210 225202424 21930128 7599439 177633673 3831076056 2093745588 158 14764760 2116389784
======================
   8      32 sdc 842703 12210 225202424 21930128 7600096 177633673 3831081928 2093840444 141 14765764 2116529672
======================
   8      32 sdc 842703 12210 225202424 21930128 7601980 177633673 3831098560 2094026732 145 14766768 2116673352
======================
   8      32 sdc 842703 12210 225202424 21930128 7603528 177633673 3831112192 2094172952 133 14767768 2116815524
======================
   8      32 sdc 842703 12210 225202424 21930128 7605005 177633673 3831125216 2094317888 128 14768772 2116959332
======================
   8      32 sdc 842703 12210 225202424 21930128 7606563 177633674 3831138872 2094461828 140 14769776 2117104040
======================
   8      32 sdc 842703 12210 225202424 21930128 7608071 177633674 3831152192 2094603448 136 14770780 2117246972
======================
   8      32 sdc 842703 12210 225202424 21930128 7609582 177633675 3831165552 2094736164 140 14771780 2117386952
======================
   8      32 sdc 842703 12210 225202424 21930128 7611289 177633676 3831180760 2094889008 129 14772784 2117529508
======================
   8      32 sdc 842703 12210 225202424 21930128 7612860 177633676 3831194592 2095032340 158 14773788 2117674768
======================
   8      32 sdc 842703 12210 225202424 21930128 7614390 177633677 3831207976 2095174628 134 14774792 2117818712
