======================
   8      16 sdb 12910654 213697 1452588936 31792020 24986918 259934646 7830205768 1139032812 0 9780872 1170780968
======================
   8      16 sdb 12910654 213697 1452588936 31792020 24986918 259934646 7830205768 1139032812 0 9780872 1170780968
======================
   8      16 sdb 12910656 213697 1452588952 31792020 24986918 259934646 7830205768 1139032812 0 9780872 1170780968
======================
   8      16 sdb 12910656 213697 1452588952 31792020 24986918 259934646 7830205768 1139032812 0 9780872 1170780968
======================
   8      16 sdb 12910657 213697 1452588960 31792024 24990164 259934646 7831867720 1139077284 132 9781336 1170830668
======================
   8      16 sdb 12910657 213697 1452588960 31792024 24991785 259934646 7832697672 1139209396 143 9782340 1170972348
======================
   8      16 sdb 12910657 213697 1452588960 31792024 24993674 259934646 7833664840 1139362864 142 9783344 1171114776
======================
   8      16 sdb 12910658 213697 1452588968 31792304 24995593 259934675 7834646592 1139480472 127 9784348 1171236164
======================
   8      16 sdb 12910658 213697 1452588968 31792304 24997355 259934675 7835548736 1139625044 149 9785348 1171377112
======================
   8      16 sdb 12910658 213697 1452588968 31792304 24999337 259934675 7836563520 1139766536 127 9786352 1171519356
======================
   8      16 sdb 12910658 213697 1452588968 31792304 25000880 259934675 7837353536 1139889416 151 9787356 1171660208
======================
   8      16 sdb 12910659 213697 1452588976 31792328 25002222 259934675 7838040640 1140050160 143 9788360 1171802764
======================
   8      16 sdb 12910659 213697 1452588976 31792328 25004808 259934675 7839364672 1140191080 149 9789364 1171943756
======================
   8      16 sdb 12910659 213697 1452588976 31792328 25006250 259934675 7840102976 1140335836 147 9790368 1172088176
======================
   8      16 sdb 12910659 213697 1452588976 31792328 25008607 259934675 7841310272 1140475748 137 9791372 1172229556
======================
   8      16 sdb 12910660 213697 1452588984 31792376 25010451 259934675 7842253888 1140614240 149 9792376 1172368300
======================
   8      16 sdb 12910660 213697 1452588984 31792376 25012297 259934675 7843199040 1140756936 136 9793380 1172510812
======================
   8      16 sdb 12910660 213697 1452588984 31792376 25014157 259934675 7844151360 1140899696 132 9794384 1172653508
======================
   8      16 sdb 12910660 213697 1452588984 31792376 25016030 259934675 7845110336 1141041372 147 9795388 1172795272
======================
   8      16 sdb 12910661 213697 1452588992 31792448 25017862 259934675 7846048320 1141178428 133 9796392 1172932772
======================
   8      16 sdb 12910661 213697 1452588992 31792448 25019733 259934675 7847006272 1141320816 150 9797396 1173074700
======================
   8      16 sdb 12910661 213697 1452588992 31792448 25021580 259934675 7847951936 1141463104 132 9798400 1173217124
======================
   8      16 sdb 12910661 213697 1452588992 31792448 25023445 259934675 7848906816 1141605756 150 9799404 1173359712
======================
   8      16 sdb 12910662 213697 1452589000 31792536 25025341 259934738 7849876560 1141739672 134 9800408 1173493580
======================
   8      16 sdb 12910662 213697 1452589000 31792536 25027242 259934754 7850845464 1141881068 144 9801412 1173635032
======================
   8      16 sdb 12910662 213697 1452589000 31792536 25029153 259934754 7851823896 1142022660 152 9802416 1173776548
======================
   8      16 sdb 12910662 213697 1452589000 31792536 25031042 259934754 7852791064 1142164512 151 9803420 1173918556
======================
   8      16 sdb 12910663 213697 1452589008 31792624 25032843 259934754 7853712672 1142300440 137 9804424 1174053760
======================
   8      16 sdb 12910663 213697 1452589008 31792624 25034711 259934831 7854666680 1142435956 135 9805424 1174189924
======================
   8      16 sdb 12910663 213697 1452589008 31792624 25036572 259934831 7855619512 1142578228 130 9806428 1174331860
======================
   8      16 sdb 12910663 213697 1452589008 31792624 25038406 259934831 7856558520 1142720208 152 9807432 1174473976
======================
   8      16 sdb 12910663 213697 1452589008 31792624 25040249 259934831 7857502136 1142862624 133 9808436 1174616564
======================
   8      16 sdb 12910664 213697 1452589016 31792712 25042117 259934847 7858457680 1142998416 153 9809440 1174752352
======================
   8      16 sdb 12910664 213697 1452589016 31792712 25043959 259934869 7859399944 1143136544 145 9810444 1174890488
======================
   8      16 sdb 12910664 213697 1452589016 31792712 25045801 259934869 7860343048 1143278880 134 9811448 1175032776
======================
   8      16 sdb 12910664 213697 1452589016 31792712 25047643 259934869 7861286152 1143421144 141 9812452 1175175508
======================
   8      16 sdb 12910665 213697 1452589024 31792800 25049471 259934885 7862220704 1143556136 135 9813456 1175310492
======================
   8      16 sdb 12910665 213697 1452589024 31792800 25051331 259934885 7863173024 1143698876 131 9814460 1175453120
======================
   8      16 sdb 12910665 213697 1452589024 31792800 25053214 259934908 7864136800 1143836188 142 9815464 1175590416
======================
   8      16 sdb 12910665 213697 1452589024 31792800 25055051 259934908 7865077344 1143978864 129 9816468 1175733040
======================
   8      16 sdb 12910666 213697 1452589032 31792888 25056942 259934908 7866045032 1144113444 144 9817472 1175867864
======================
   8      16 sdb 12910666 213697 1452589032 31792888 25058798 259934924 7866993920 1144255436 144 9818476 1176009532
======================
   8      16 sdb 12910666 213697 1452589032 31792888 25060671 259934924 7867952896 1144397352 128 9819480 1176151308
======================
   8      16 sdb 12910666 213697 1452589032 31792888 25062599 259934946 7868939704 1144533492 138 9820484 1176287744
======================
   8      16 sdb 12910667 213697 1452589040 31792972 25064527 259934946 7869926336 1144669284 147 9821488 1176423640
======================
   8      16 sdb 12910667 213697 1452589040 31792972 25066457 259934962 7870913616 1144810344 137 9822488 1176564040
======================
   8      16 sdb 12910667 213697 1452589040 31792972 25068386 259934962 7871901264 1144951744 128 9823496 1176705820
======================
   8      16 sdb 12910667 213697 1452589040 31792972 25070314 259934962 7872888912 1145092428 152 9824500 1176846776
======================
   8      16 sdb 12910668 213697 1452589048 31793048 25072219 259934985 7873863440 1145221744 129 9825500 1176975552
======================
   8      16 sdb 12910668 213697 1452589048 31793048 25074124 259934985 7874838800 1145363152 142 9826504 1177117000
======================
   8      16 sdb 12910668 213697 1452589048 31793048 25076051 259934985 7875825424 1145505012 135 9827508 1177258852
======================
   8      16 sdb 12910668 213697 1452589048 31793048 25077978 259934985 7876812048 1145646408 128 9828512 1177400232
======================
   8      16 sdb 12910669 213697 1452589056 31793128 25079907 259934985 7877799192 1145781212 133 9829516 1177535172
======================
   8      16 sdb 12910669 213697 1452589056 31793128 25081837 259935025 7878785656 1145918280 145 9830520 1177672440
======================
   8      16 sdb 12910669 213697 1452589056 31793128 25083765 259935025 7879772792 1146060000 137 9831524 1177814084
======================
   8      16 sdb 12910669 213697 1452589056 31793128 25085670 259935025 7880748152 1146202344 153 9832528 1177956384
======================
   8      16 sdb 12910670 213697 1452589064 31793208 25087575 259935025 7881723008 1146336888 151 9833532 1178091076
======================
   8      16 sdb 12910670 213697 1452589064 31793208 25089481 259935042 7882697504 1146479296 133 9834536 1178233636
======================
   8      16 sdb 12910670 213697 1452589064 31793208 25091410 259935064 7883684824 1146617104 134 9835540 1178371464
======================
   8      16 sdb 12910670 213697 1452589064 31793208 25093336 259935064 7884670936 1146760196 128 9836544 1178514420
======================
   8      16 sdb 12910671 213697 1452589072 31793292 25095263 259935064 7885657056 1146895084 149 9837544 1178649104
======================
   8      16 sdb 12910671 213697 1452589072 31793292 25097191 259935081 7886643320 1147037184 141 9838548 1178791536
======================
   8      16 sdb 12910671 213697 1452589072 31793292 25099119 259935081 7887630456 1147179480 133 9839552 1178933684
======================
   8      16 sdb 12910671 213697 1452589072 31793292 25101008 259935103 7888597296 1147315204 154 9840556 1179070836
======================
   8      16 sdb 12910672 213697 1452589080 31793372 25102989 259935103 7889611064 1147455844 136 9841592 1179210324
======================
   8      16 sdb 12910672 213697 1452589080 31793372 25104917 259935119 7890597320 1147597864 128 9842592 1179351744
======================
   8      16 sdb 12910672 213697 1452589080 31793372 25106844 259935119 7891583944 1147739728 153 9843596 1179493852
======================
   8      16 sdb 12910672 213697 1452589080 31793372 25108771 259935119 7892570568 1147881576 146 9844600 1179635864
======================
   8      16 sdb 12910673 213697 1452589088 31793448 25110699 259935143 7893557392 1148010368 131 9845604 1179764616
======================
   8      16 sdb 12910673 213697 1452589088 31793448 25112625 259935143 7894543504 1148152312 141 9846608 1179906756
======================
   8      16 sdb 12910673 213697 1452589088 31793448 25114549 259935143 7895528592 1148294276 153 9847612 1180048728
======================
   8      16 sdb 12910673 213697 1452589088 31793448 25116455 259935143 7896504464 1148436824 151 9848616 1180191452
======================
   8      16 sdb 12910674 213697 1452589096 31793532 25118387 259935159 7897493144 1148574020 133 9849620 1180328656
======================
   8      16 sdb 12910674 213697 1452589096 31793532 25120319 259935182 7898480120 1148710176 155 9850624 1180464404
======================
   8      16 sdb 12910674 213697 1452589096 31793532 25122158 259935182 7899421688 1148844420 140 9851624 1180604920
======================
   8      16 sdb 12910674 213697 1452589096 31793532 25124171 259935182 7900452856 1148986644 150 9852628 1180741016
======================
   8      16 sdb 12910675 213697 1452589104 31793604 25126100 259935199 7901440000 1149121088 141 9853632 1180875724
======================
   8      16 sdb 12910675 213697 1452589104 31793604 25128010 259935199 7902416536 1149263260 151 9854636 1181017808
======================
   8      16 sdb 12910675 213697 1452589104 31793604 25129916 259935221 7903392080 1149399908 156 9855640 1181154364
======================
   8      16 sdb 12910675 213697 1452589104 31793604 25131839 259935221 7904377168 1149541440 145 9856640 1181295688
======================
   8      16 sdb 12910676 213697 1452589112 31793680 25133767 259935238 7905363288 1149675508 128 9857640 1181429856
======================
   8      16 sdb 12910676 213697 1452589112 31793680 25135696 259935238 7906350064 1149817276 151 9858644 1181571652
======================
   8      16 sdb 12910676 213697 1452589112 31793680 25137625 259935238 7907337712 1149958984 142 9859648 1181713296
======================
   8      16 sdb 12910676 213697 1452589112 31793680 25139554 259935260 7908325032 1150095312 150 9860652 1181849612
======================
   8      16 sdb 12910677 213697 1452589120 31793760 25141458 259935276 7909299376 1150229620 148 9861656 1181984752
======================
   8      16 sdb 12910677 213697 1452589120 31793760 25143390 259935276 7910287680 1150372152 136 9862660 1182126572
======================
   8      16 sdb 12910677 213697 1452589120 31793760 25145293 259935276 7911262016 1150513660 153 9863664 1182268184
======================
   8      16 sdb 12910677 213697 1452589120 31793760 25147222 259935276 7912249664 1150654800 144 9864668 1182409304
======================
   8      16 sdb 12910678 213697 1452589128 31793836 25149150 259935300 7913236488 1150783780 128 9865672 1182538084
======================
   8      16 sdb 12910678 213697 1452589128 31793836 25151076 259935300 7914222600 1150924504 140 9866672 1182678616
======================
   8      16 sdb 12910678 213697 1452589128 31793836 25153005 259935300 7915210248 1151061764 145 9867680 1182816352
======================
   8      16 sdb 12910678 213697 1452589128 31793836 25154933 259935300 7916197384 1151202196 137 9868680 1182956436
======================
   8      16 sdb 12910679 213697 1452589136 31793916 25156839 259935316 7917172752 1151336908 140 9869684 1183091320
======================
   8      16 sdb 12910679 213697 1452589136 31793916 25158754 259935339 7918151024 1151471492 151 9870688 1183225892
======================
   8      16 sdb 12910679 213697 1452589136 31793916 25160681 259935339 7919137648 1151613688 144 9871692 1183368240
======================
   8      16 sdb 12910679 213697 1452589136 31793916 25162609 259935339 7920124784 1151755996 136 9872696 1183510584
======================
   8      16 sdb 12910680 213697 1452589144 31794000 25164539 259935356 7921112440 1151891756 148 9873700 1183646460
======================
   8      16 sdb 12910680 213697 1452589144 31794000 25166470 259935356 7922100240 1152033340 137 9874704 1183787924
======================
   8      16 sdb 12910680 213697 1452589144 31794000 25168395 259935379 7923085016 1152168996 128 9875704 1183923536
======================
   8      16 sdb 12910680 213697 1452589144 31794000 25170304 259935395 7924061040 1152310548 138 9876708 1184065240
======================
   8      16 sdb 12910681 213697 1452589152 31794080 25172209 259935395 7925036400 1152447992 130 9877712 1184202628
======================
   8      16 sdb 12910681 213697 1452589152 31794080 25174137 259935395 7926023536 1152590052 154 9878716 1184344768
======================
   8      16 sdb 12910681 213697 1452589152 31794080 25176065 259935395 7927010672 1152732156 146 9879720 1184486976
======================
   8      16 sdb 12910681 213697 1452589152 31794080 25177995 259935419 7927998016 1152868612 128 9880724 1184623268
======================
   8      16 sdb 12910682 213697 1452589160 31794160 25179926 259935436 7928985312 1153003968 136 9881728 1184758876
======================
   8      16 sdb 12910682 213697 1452589160 31794160 25181854 259935436 7929972448 1153150972 131 9882732 1184905644
======================
   8      16 sdb 12910682 213697 1452589160 31794160 25183757 259935436 7930946784 1153292064 148 9883732 1185046348
======================
   8      16 sdb 12910682 213697 1452589160 31794160 25185679 259935436 7931930848 1153432692 146 9884736 1185187184
======================
   8      16 sdb 12910683 213697 1452589168 31794232 25187603 259935459 7932916128 1153560668 129 9885740 1185315484
======================
   8      16 sdb 12910683 213697 1452589168 31794232 25189534 259935459 7933904288 1153700812 139 9886744 1185455704
======================
   8      16 sdb 12910683 213697 1452589168 31794232 25191460 259935459 7934890400 1153838240 148 9887744 1185592456
======================
   8      16 sdb 12910683 213697 1452589168 31794232 25193387 259935459 7935877024 1153978440 141 9888748 1185732992
======================
   8      16 sdb 12910684 213697 1452589176 31794308 25195315 259935475 7936863656 1154111028 142 9889752 1185865708
======================
   8      16 sdb 12910684 213697 1452589176 31794308 25197221 259935497 7937837816 1154247952 136 9890756 1186002792
======================
   8      16 sdb 12910684 213697 1452589176 31794308 25199132 259935497 7938816248 1154389832 145 9891760 1186144780
======================
   8      16 sdb 12910684 213697 1452589176 31794308 25201058 259935497 7939802360 1154523056 147 9892764 1186277992
======================
   8      16 sdb 12910685 213697 1452589184 31794392 25202985 259935513 7940788480 1154658228 131 9893764 1186412928
======================
   8      16 sdb 12910685 213697 1452589184 31794392 25204917 259935513 7941776784 1154799116 141 9894768 1186553760
======================
   8      16 sdb 12910685 213697 1452589184 31794392 25206846 259935537 7942764120 1154935548 135 9895776 1186690548
======================
   8      16 sdb 12910685 213697 1452589184 31794392 25208766 259935537 7943747160 1155077420 131 9896776 1186831964
======================
   8      16 sdb 12910686 213697 1452589192 31794472 25210663 259935554 7944717920 1155213432 133 9897780 1186968024
======================
   8      16 sdb 12910686 213697 1452589192 31794472 25212558 259935554 7945686784 1155356832 146 9898784 1187111432
======================
   8      16 sdb 12910686 213697 1452589192 31794472 25214476 259935554 7946668800 1155498360 148 9899788 1187253040
======================
   8      16 sdb 12910686 213697 1452589192 31794472 25216395 259935577 7947650504 1155633972 155 9900792 1187388600
======================
   8      16 sdb 12910687 213697 1452589200 31794556 25218314 259935577 7948633032 1155768576 138 9901796 1187523916
======================
   8      16 sdb 12910687 213697 1452589200 31794556 25220234 259935577 7949616072 1155911768 138 9902800 1187666832
======================
   8      16 sdb 12910687 213697 1452589200 31794556 25222150 259935577 7950597064 1156054760 142 9903804 1187809788
======================
   8      16 sdb 12910687 213697 1452589200 31794556 25224040 259935577 7951564744 1156197500 140 9904808 1187952428
======================
   8      16 sdb 12910688 213697 1452589208 31794644 25225937 259935600 7952535184 1156327056 152 9905812 1188081924
======================
   8      16 sdb 12910688 213697 1452589208 31794644 25227860 259935600 7953520272 1156468988 148 9906816 1188224080
======================
   8      16 sdb 12910688 213697 1452589208 31794644 25229780 259935600 7954502800 1156611148 148 9907820 1188366056
======================
   8      16 sdb 12910688 213697 1452589208 31794644 25231697 259935600 7955484304 1156752872 151 9908824 1188507696
======================
   8      16 sdb 12910689 213697 1452589216 31794652 25232802 259935667 7956044032 1156831844 0 9909400 1188581564
======================
   8      16 sdb 12910689 213697 1452589216 31794652 25232802 259935667 7956044032 1156831844 0 9909400 1188581564
======================
   8      16 sdb 12910689 213697 1452589216 31794652 25232802 259935667 7956044032 1156831844 0 9909400 1188581564
======================
   8      16 sdb 12910689 213697 1452589216 31794652 25232802 259935667 7956044032 1156831844 0 9909400 1188581564
======================
   8      16 sdb 12910689 213697 1452589216 31794652 25232802 259935667 7956044032 1156831844 0 9909400 1188581564
======================
   8      16 sdb 12910689 213697 1452589216 31794652 25232802 259935667 7956044032 1156831844 0 9909400 1188581564
started
======================
   8      16 sdb 12913508 213697 1453278578 31796076 25232817 259935667 7956044088 1156831848 1 9910068 1188582992
======================
   8      16 sdb 12918406 213700 1454120786 31797768 25232817 259935667 7956044088 1156831848 2 9911068 1188584692
======================
   8      16 sdb 12924362 213705 1454668210 31799956 25232817 259935667 7956044088 1156831848 3 9912072 1188586880
======================
   8      16 sdb 12930294 213709 1455218586 31802180 25232817 259935667 7956044088 1156831848 3 9913076 1188589100
======================
   8      16 sdb 12936285 213714 1455765546 31804440 25232817 259935667 7956044088 1156831848 3 9914076 1188591352
======================
   8      16 sdb 12942154 213719 1456300250 31806756 25232817 259935667 7956044088 1156831848 2 9915080 1188593668
======================
   8      16 sdb 12947807 213725 1456871554 31808952 25232820 259935669 7956044128 1156831888 2 9916084 1188595940
======================
   8      16 sdb 12953828 213730 1457420034 31811152 25232820 259935669 7956044128 1156831888 2 9917088 1188598136
======================
   8      16 sdb 12959977 213735 1457970810 31813412 25232820 259935669 7956044128 1156831888 2 9918092 1188600396
======================
   8      16 sdb 12966015 213740 1458517354 31815732 25232820 259935669 7956044128 1156831888 2 9919096 1188602708
======================
   8      16 sdb 12972250 213745 1459066546 31818244 25232820 259935669 7956044128 1156831888 2 9920100 1188605212
======================
   8      16 sdb 12978303 213750 1459614498 31820480 25232820 259935669 7956044128 1156831888 2 9921100 1188607452
======================
   8      16 sdb 12984336 213754 1460147674 31823020 25232820 259935669 7956044128 1156831888 2 9922104 1188609988
======================
   8      16 sdb 12990435 213759 1460695746 31825308 25232820 259935669 7956044128 1156831888 2 9923108 1188612272
======================
   8      16 sdb 12996604 213764 1461235378 31827536 25232820 259935669 7956044128 1156831888 2 9924112 1188614500
======================
   8      16 sdb 13003792 213765 1461438218 31828808 25232820 259935669 7956044128 1156831888 1 9925028 1188615728
======================
   8      16 sdb 13011625 213765 1461500898 31829692 25232820 259935669 7956044128 1156831888 1 9925912 1188616612
======================
   8      16 sdb 13019116 213765 1461560842 31830524 25232820 259935669 7956044128 1156831888 0 9926736 1188617436
======================
   8      16 sdb 13026628 213765 1461620938 31831336 25232820 259935669 7956044128 1156831888 1 9927548 1188618248
======================
   8      16 sdb 13033952 213765 1461679546 31832184 25232820 259935669 7956044128 1156831888 1 9928392 1188619092
======================
   8      16 sdb 13041693 213765 1461741474 31833040 25232820 259935669 7956044128 1156831888 1 9929240 1188619940
======================
   8      16 sdb 13049218 213765 1461801674 31833836 25232820 259935669 7956044128 1156831888 1 9930036 1188620736
======================
   8      16 sdb 13056707 213765 1461861586 31834652 25232820 259935669 7956044128 1156831888 1 9930844 1188621544
======================
   8      16 sdb 13064260 213765 1461922010 31835496 25232820 259935669 7956044128 1156831888 1 9931684 1188622384
======================
   8      16 sdb 13071746 213765 1461981898 31836284 25232820 259935669 7956044128 1156831888 0 9932468 1188623168
======================
   8      16 sdb 13079545 213765 1462044290 31837140 25232820 259935669 7956044128 1156831888 1 9933316 1188624016
======================
   8      16 sdb 13087075 213765 1462104546 31838036 25232820 259935669 7956044128 1156831888 1 9934204 1188624904
======================
   8      16 sdb 13094669 213765 1462165298 31838880 25232820 259935669 7956044128 1156831888 1 9935048 1188625748
======================
   8      16 sdb 13102107 213765 1462224818 31839712 25232820 259935669 7956044128 1156831888 1 9935876 1188626576
======================
   8      16 sdb 13109530 213765 1462284226 31840564 25232820 259935669 7956044128 1156831888 1 9936724 1188627424
======================
   8      16 sdb 13116979 213765 1462343826 31841392 25232820 259935669 7956044128 1156831888 1 9937552 1188628252
======================
   8      16 sdb 13124329 213765 1462402658 31842240 25232820 259935669 7956044128 1156831888 1 9938396 1188629096
======================
   8      16 sdb 13131827 213765 1462462658 31843084 25232820 259935669 7956044128 1156831888 1 9939236 1188629936
======================
   8      16 sdb 13138718 213765 1462517802 31843896 25232820 259935669 7956044128 1156831888 1 9940048 1188630748
======================
   8      16 sdb 13145966 213765 1462575818 31844760 25232820 259935669 7956044128 1156831888 1 9940904 1188631604
======================
   8      16 sdb 13153094 213765 1462632874 31845596 25232820 259935669 7956044128 1156831888 1 9941740 1188632440
======================
   8      16 sdb 13160635 213765 1462693266 31846444 25232822 259935669 7956044144 1156831888 1 9942584 1188633284
======================
   8      16 sdb 13168466 213765 1462755946 31847288 25232822 259935669 7956044144 1156831888 1 9943424 1188634124
======================
   8      16 sdb 13176126 213765 1462817258 31848168 25232822 259935669 7956044144 1156831888 1 9944304 1188635004
======================
   8      16 sdb 13183713 213765 1462877986 31848988 25232822 259935669 7956044144 1156831888 1 9945124 1188635824
======================
   8      16 sdb 13191153 213765 1462937506 31849776 25232822 259935669 7956044144 1156831888 1 9945908 1188636608
======================
   8      16 sdb 13198830 213765 1462998938 31850648 25232822 259935669 7956044144 1156831888 1 9946780 1188637480
======================
   8      16 sdb 13206385 213765 1463059378 31851484 25232822 259935669 7956044144 1156831888 0 9947612 1188638312
======================
   8      16 sdb 13214026 213765 1463120522 31852308 25232822 259935669 7956044144 1156831888 1 9948436 1188639136
======================
   8      16 sdb 13221474 213765 1463180106 31853172 25232822 259935669 7956044144 1156831888 1 9949292 1188639992
======================
   8      16 sdb 13228917 213765 1463239714 31854012 25232822 259935669 7956044144 1156831888 1 9950132 1188640832
======================
   8      16 sdb 13236324 213765 1463299002 31854832 25232822 259935669 7956044144 1156831888 1 9950948 1188641648
======================
   8      16 sdb 13243784 213765 1463358698 31855688 25232822 259935669 7956044144 1156831888 1 9951800 1188642500
======================
   8      16 sdb 13251459 213765 1463420114 31856600 25232822 259935669 7956044144 1156831888 1 9952708 1188643408
======================
   8      16 sdb 13259288 213765 1463482794 31857468 25232822 259935669 7956044144 1156831888 1 9953564 1188644264
======================
   8      16 sdb 13267048 213765 1463544906 31858300 25232822 259935669 7956044144 1156831888 0 9954392 1188645092
======================
   8      16 sdb 13274461 213765 1463604258 31859108 25232822 259935669 7956044144 1156831888 1 9955196 1188645896
======================
   8      16 sdb 13281930 213765 1463664026 31859892 25232822 259935669 7956044144 1156831888 1 9955976 1188646676
======================
   8      16 sdb 13289272 213765 1463722810 31860736 25232822 259935669 7956044144 1156831888 0 9956816 1188647516
======================
   8      16 sdb 13296484 213765 1463780570 31861548 25232822 259935669 7956044144 1156831888 1 9957624 1188648324
======================
   8      16 sdb 13304272 213765 1463843018 31862424 25232822 259935669 7956044144 1156831888 1 9958488 1188649188
======================
   8      16 sdb 13312170 213765 1463906218 31863328 25232822 259935669 7956044144 1156831888 1 9959384 1188650084
======================
   8      16 sdb 13320076 213765 1463969546 31864208 25232822 259935669 7956044144 1156831888 1 9960248 1188650948
======================
   8      16 sdb 13327979 213765 1464032866 31865112 25232822 259935669 7956044144 1156831888 1 9961152 1188651852
======================
   8      16 sdb 13335803 213765 1464095538 31865952 25232822 259935669 7956044144 1156831888 1 9961976 1188652676
======================
   8      16 sdb 13343766 213765 1464159418 31866836 25232822 259935669 7956044144 1156831888 1 9962856 1188653556
======================
   8      16 sdb 13351644 213765 1464222570 31867732 25232822 259935669 7956044144 1156831888 1 9963732 1188654432
