======================
   8      32 sdc 1799335 73981 220891698 13845776 13540098 34259049 4213758064 2393684200 0 19119476 2408930272
======================
   8      32 sdc 1799335 73981 220891698 13845776 13540098 34259049 4213758064 2393684200 0 19119476 2408930272
======================
   8      32 sdc 1799335 73981 220891698 13845776 13540110 34259088 4213758472 2393684200 0 19119476 2408930272
======================
   8      32 sdc 1799341 73981 220891746 13845812 13540110 34259088 4213758472 2393684200 0 19119512 2408930308
======================
   8      32 sdc 1799345 73981 220891778 13845812 13540172 34262927 4213789680 2393684228 0 19119524 2408930336
======================
   8      32 sdc 1799349 73981 220891810 13845812 13540172 34262927 4213789680 2393684228 0 19119524 2408930336
======================
   8      32 sdc 1799352 73981 220891834 13845812 13540172 34262927 4213789680 2393684228 0 19119524 2408930336
======================
   8      32 sdc 1799358 73981 220891882 13845816 13540303 34270406 4213850560 2393684524 0 19119632 2408930632
======================
   8      32 sdc 1799361 73981 220891906 13845832 13540303 34270406 4213850560 2393684524 0 19119648 2408930648
======================
   8      32 sdc 1799365 73981 220891938 13845832 13540475 34281174 4213938080 2393685004 0 19119684 2408931124
======================
   8      32 sdc 1799368 73981 220891962 13845832 13540475 34281174 4213938080 2393685004 0 19119684 2408931124
======================
   8      32 sdc 1799372 73981 220891994 13845840 13540475 34281174 4213938080 2393685004 0 19119692 2408931132
======================
   8      32 sdc 1799373 73981 220892002 13845840 13540475 34281174 4213938080 2393685004 1 19119824 2408931264
======================
   8      32 sdc 1799375 73981 220892018 13846520 13541377 34332641 4214356584 2393749772 2 19120824 2408996568
======================
   8      32 sdc 1799378 73981 220892042 13846692 13542273 34395584 4214798344 2393796688 139 19122004 2409084532
======================
   8      32 sdc 1799378 73981 220892042 13846692 13542273 34395584 4214798344 2393796688 139 19123020 2409225756
======================
   8      32 sdc 1799383 73981 220892082 13848048 13543023 34433326 4215175680 2394012756 0 19123888 2409261080
======================
   8      32 sdc 1799385 73981 220892098 13848096 13543023 34433326 4215175680 2394012756 0 19123936 2409261128
======================
   8      32 sdc 1799388 73981 220892122 13848152 13543023 34433326 4215175680 2394012756 0 19123992 2409261184
======================
   8      32 sdc 1799391 73981 220892146 13848168 13543186 34443520 4215258536 2394012960 0 19124056 2409261400
======================
   8      32 sdc 1799394 73981 220892170 13848172 13543186 34443520 4215258536 2394012960 0 19124060 2409261404
======================
   8      32 sdc 1799397 73981 220892194 13848176 13543433 34458222 4215376672 2394013344 5 19124220 2409262256
======================
   8      32 sdc 1799400 73981 220892218 13848268 13543856 34482719 4215577488 2394017408 0 19124716 2409265940
======================
   8      32 sdc 1799403 73981 220892242 13848268 13543856 34482719 4215577488 2394017408 0 19124716 2409265940
======================
   8      32 sdc 1799406 73981 220892266 13848292 13544063 34495651 4215682600 2394017516 0 19124800 2409266068
======================
   8      32 sdc 1799409 73981 220892290 13848324 13544063 34495651 4215682600 2394017516 0 19124832 2409266100
======================
   8      32 sdc 1799412 73981 220892314 13848324 13544063 34495651 4215682600 2394017516 0 19124832 2409266100
======================
   8      32 sdc 1799417 73981 220892354 13848404 13544536 34522561 4215901064 2394020972 2 19125176 2409269628
======================
   8      32 sdc 1799421 73981 220892386 13848500 13545706 34588598 4216439024 2394024244 1 19126184 2409272980
======================
   8      32 sdc 1799424 73981 220892410 13848824 13547372 34669352 4217098352 2394050116 1 19127180 2409299164
======================
   8      32 sdc 1799427 73981 220892434 13848892 13548033 34709423 4217424536 2394051728 2 19128184 2409301164
======================
   8      32 sdc 1799427 73981 220892434 13848892 13548033 34709423 4217424536 2394051728 2 19129188 2409303172
======================
   8      32 sdc 1799431 73981 220892466 13851972 13548526 34742615 4217670800 2394052848 49 19130188 2409324656
======================
   8      32 sdc 1799435 73981 220892498 13852340 13549462 34795631 4218125632 2394074432 0 19130944 2409326956
======================
   8      32 sdc 1799437 73981 220892514 13852476 13549736 34812823 4218265360 2394074584 0 19131176 2409327240
======================
   8      32 sdc 1799440 73981 220892538 13852516 13549736 34812823 4218265360 2394074584 0 19131216 2409327280
======================
   8      32 sdc 1799444 73981 220892570 13852524 13549736 34812823 4218265360 2394074584 0 19131224 2409327288
======================
   8      32 sdc 1799446 73981 220892586 13852532 13549736 34812823 4218265360 2394074584 0 19131232 2409327296
======================
   8      32 sdc 1799448 73981 220892602 13852540 13549736 34812823 4218265360 2394074584 1 19131556 2409327620
======================
   8      32 sdc 1799449 73981 220892610 13853380 13549903 34823277 4218350328 2394074656 1 19132260 2409328360
======================
   8      32 sdc 1799450 73981 220892618 13853548 13549903 34823277 4218350328 2394074656 1 19132956 2409329056
======================
   8      32 sdc 1799451 73981 220892626 13854348 13549903 34823277 4218350328 2394074656 1 19133664 2409329764
======================
   8      32 sdc 1799454 73981 220892650 13855168 13549903 34823277 4218350328 2394074656 0 19133892 2409329992
======================
   8      32 sdc 1799456 73981 220892666 13855192 13549903 34823277 4218350328 2394074656 1 19134028 2409330128
======================
   8      32 sdc 1799459 73981 220892690 13855352 13550046 34832186 4218422744 2394074696 0 19134092 2409330216
======================
   8      32 sdc 1799463 73981 220892722 13855352 13550046 34832186 4218422744 2394074696 0 19134092 2409330216
======================
   8      32 sdc 1799466 73981 220892746 13855360 13550046 34832186 4218422744 2394074696 0 19134100 2409330224
======================
   8      32 sdc 1799469 73981 220892770 13855360 13550046 34832186 4218422744 2394074696 0 19134100 2409330224
======================
   8      32 sdc 1799471 73981 220892786 13855568 13550046 34832186 4218422744 2394074696 0 19134308 2409330432
======================
   8      32 sdc 1799474 73981 220892810 13855568 13550287 34847321 4218545160 2394074772 2 19134344 2409330504
======================
   8      32 sdc 1799476 73981 220892826 13855600 13551676 34932160 4219235536 2394076064 1 19135348 2409331828
======================
   8      32 sdc 1799478 73981 220892842 13856096 13552459 34979600 4219620904 2394077256 1 19136356 2409333504
======================
   8      32 sdc 1799480 73981 220892858 13856160 13553406 35039360 4220099976 2394078504 14 19137364 2409334884
======================
   8      32 sdc 1799480 73981 220892858 13856160 13553819 35064490 4220311360 2394078884 1 19138364 2409335944
======================
   8      32 sdc 1799481 73981 220892866 13857628 13554534 35109496 4220676624 2394081556 1 19139372 2409339308
======================
   8      32 sdc 1799483 73981 220892882 13857704 13555464 35174445 4221131584 2394168708 144 19140376 2409444600
======================
   8      32 sdc 1799484 73981 220892890 13857772 13555980 35206323 4221395776 2394303804 134 19141380 2409578348
======================
   8      32 sdc 1799485 73981 220892898 13857852 13556520 35240682 4221672256 2394439780 140 19142384 2409713952
======================
   8      32 sdc 1799486 73981 220892906 13857928 13557076 35275773 4221956616 2394574952 141 19143388 2409848736
======================
   8      32 sdc 1799487 73981 220892914 13857972 13557636 35316415 4222243336 2394703380 227 19144392 2410024844
======================
   8      32 sdc 1799488 73981 220892922 13858016 13558152 35343631 4222506072 2394891148 145 19145396 2410169576
======================
   8      32 sdc 1799488 73981 220892922 13858016 13558650 35374123 4222761048 2395020428 132 19146396 2410304236
======================
   8      32 sdc 1799488 73981 220892922 13858016 13558650 35374123 4222761048 2395020428 132 19147400 2410436764
======================
   8      32 sdc 1799489 73981 220892930 13859788 13559222 35401931 4223053912 2395269688 1 19148404 2410529584
======================
   8      32 sdc 1799490 73981 220892938 13860612 13559528 35421107 4223209712 2395270660 1 19149408 2410531380
======================
   8      32 sdc 1799490 73981 220892938 13860612 13559901 35444574 4223400688 2395270960 1 19150412 2410532456
======================
   8      32 sdc 1799491 73981 220892946 13861488 13560704 35494114 4223803424 2395274980 0 19150772 2410536568
======================
   8      32 sdc 1799491 73981 220892946 13861488 13560704 35494114 4223803424 2395274980 0 19150772 2410536568
======================
   8      32 sdc 1799491 73981 220892946 13861488 13560704 35494114 4223803424 2395274980 0 19150772 2410536568
======================
   8      32 sdc 1799491 73981 220892946 13861488 13560704 35494114 4223803424 2395274980 0 19150772 2410536568
======================
   8      32 sdc 1799491 73981 220892946 13861488 13560704 35494114 4223803424 2395274980 0 19150772 2410536568
started
======================
   8      32 sdc 1799491 73981 220892946 13861488 13560704 35494114 4223803424 2395274980 0 19150772 2410536568
======================
   8      32 sdc 1799491 73981 220892946 13861488 13560704 35494114 4223803424 2395274980 1 19151456 2410537252
======================
   8      32 sdc 1800655 73981 220902258 13875660 13560704 35494114 4223803424 2395274980 33 19152452 2410551268
======================
   8      32 sdc 1802216 73981 220914746 13896344 13560704 35494114 4223803424 2395274980 33 19153452 2410571556
======================
   8      32 sdc 1803839 73981 220927730 13917648 13560704 35494114 4223803424 2395274980 1 19154448 2410592728
======================
   8      32 sdc 1805405 73981 220940258 13938324 13560704 35494114 4223803424 2395274980 31 19155448 2410613652
======================
   8      32 sdc 1806928 73981 220952442 13958612 13560704 35494114 4223803424 2395274980 32 19156432 2410633948
======================
   8      32 sdc 1808387 73981 220964114 13978840 13560704 35494114 4223803424 2395274980 33 19157428 2410654052
======================
   8      32 sdc 1809774 73981 220975210 13997076 13560704 35494114 4223803424 2395274980 1 19158428 2410672172
======================
   8      32 sdc 1811267 73981 220987154 14015468 13560704 35494114 4223803424 2395274980 32 19159428 2410690548
======================
   8      32 sdc 1812749 73981 220999010 14034088 13560704 35494114 4223803424 2395274980 1 19160424 2410709172
======================
   8      32 sdc 1814098 73981 221009802 14052020 13560704 35494114 4223803424 2395274980 32 19161424 2410727224
======================
   8      32 sdc 1815608 73981 221021882 14071044 13560704 35494114 4223803424 2395274980 33 19162424 2410746384
======================
   8      32 sdc 1817062 73981 221033514 14089104 13560704 35494114 4223803424 2395274980 33 19163416 2410764576
======================
   8      32 sdc 1818386 73981 221044106 14106224 13560704 35494114 4223803424 2395274980 32 19164404 2410781676
======================
   8      32 sdc 1819810 73981 221055498 14124560 13560704 35494114 4223803424 2395274980 33 19165392 2410799900
======================
   8      32 sdc 1821159 73981 221066290 14143176 13560704 35494114 4223803424 2395274980 31 19166388 2410818252
======================
   8      32 sdc 1822289 73981 221075330 14159540 13560704 35494114 4223803424 2395274980 32 19167376 2410834872
======================
   8      32 sdc 1823547 73981 221085394 14175504 13560704 35494114 4223803424 2395274980 31 19168360 2410850704
======================
   8      32 sdc 1824688 73981 221094522 14188736 13560704 35494114 4223803424 2395274980 1 19169336 2410863812
======================
   8      32 sdc 1825895 73981 221104178 14205020 13560704 35494114 4223803424 2395274980 28 19170328 2410880096
======================
   8      32 sdc 1827152 73981 221114234 14220832 13560704 35494114 4223803424 2395274980 1 19171308 2410895908
======================
   8      32 sdc 1828411 73981 221124306 14237160 13560704 35494114 4223803424 2395274980 1 19172288 2410912236
======================
   8      32 sdc 1829512 73981 221133114 14251700 13560704 35494114 4223803424 2395274980 33 19173288 2410926776
======================
   8      32 sdc 1830623 73981 221142002 14267248 13560704 35494114 4223803424 2395274980 1 19174276 2410942332
======================
   8      32 sdc 1831764 73981 221151130 14281932 13560704 35494114 4223803424 2395274980 25 19175252 2410957008
======================
   8      32 sdc 1832859 73981 221159890 14295828 13560704 35494114 4223803424 2395274980 32 19176228 2410971288
======================
   8      32 sdc 1834079 73981 221169650 14310640 13560704 35494114 4223803424 2395274980 1 19177192 2410985724
======================
   8      32 sdc 1835087 73981 221177714 14322604 13560704 35494114 4223803424 2395274980 31 19178168 2410997804
======================
   8      32 sdc 1836197 73981 221186594 14335756 13560704 35494114 4223803424 2395274980 1 19179152 2411010844
======================
   8      32 sdc 1837236 73981 221194906 14348200 13560704 35494114 4223803424 2395274980 32 19180140 2411023532
======================
   8      32 sdc 1838012 73981 221201114 14358352 13560704 35494114 4223803424 2395274980 31 19181128 2411033428
======================
   8      32 sdc 1838948 73981 221208602 14370332 13560704 35494114 4223803424 2395274980 24 19182132 2411045408
======================
   8      32 sdc 1839857 73981 221215874 14382288 13560704 35494114 4223803424 2395274980 1 19183120 2411057364
======================
   8      32 sdc 1840538 73981 221221322 14390644 13560704 35494114 4223803424 2395274980 1 19184096 2411065724
======================
   8      32 sdc 1841393 73981 221228162 14402224 13560704 35494114 4223803424 2395274980 31 19185080 2411077424
======================
   8      32 sdc 1842342 73981 221235754 14414468 13560704 35494114 4223803424 2395274980 31 19186060 2411089668
======================
   8      32 sdc 1843122 73981 221241994 14423908 13560704 35494114 4223803424 2395274980 26 19187036 2411099504
======================
   8      32 sdc 1844002 73981 221249034 14435492 13560704 35494114 4223803424 2395274980 1 19187992 2411110568
======================
   8      32 sdc 1844825 73981 221255618 14445712 13560704 35494114 4223803424 2395274980 1 19188968 2411120788
======================
   8      32 sdc 1845588 73981 221261722 14455456 13560704 35494114 4223803424 2395274980 1 19189952 2411130796
======================
   8      32 sdc 1846328 73981 221267642 14464316 13560704 35494114 4223803424 2395274980 33 19190936 2411139912
======================
   8      32 sdc 1846973 73981 221272802 14471612 13560704 35494114 4223803424 2395274980 31 19191892 2411146944
======================
   8      32 sdc 1847645 73981 221278178 14479972 13560704 35494114 4223803424 2395274980 1 19192872 2411155308
======================
   8      32 sdc 1848236 73981 221282906 14486460 13560704 35494114 4223803424 2395274980 1 19193852 2411161796
======================
   8      32 sdc 1848819 73981 221287570 14493356 13560704 35494114 4223803424 2395274980 1 19194800 2411168688
======================
   8      32 sdc 1849474 73981 221292810 14500648 13560704 35494114 4223803424 2395274980 1 19195764 2411175980
======================
   8      32 sdc 1849955 73981 221296658 14505840 13560704 35494114 4223803424 2395274980 1 19196732 2411181172
======================
   8      32 sdc 1850514 73981 221301130 14511656 13560704 35494114 4223803424 2395274980 1 19197700 2411186988
======================
   8      32 sdc 1851009 73981 221305090 14517548 13560704 35494114 4223803424 2395274980 1 19198668 2411192888
======================
   8      32 sdc 1851419 73981 221308370 14521824 13560704 35494114 4223803424 2395274980 31 19199636 2411197280
======================
   8      32 sdc 1851944 73981 221312570 14528508 13560704 35494114 4223803424 2395274980 31 19200624 2411204088
======================
   8      32 sdc 1852298 73981 221315402 14532396 13560704 35494114 4223803424 2395274980 1 19201604 2411207732
======================
   8      32 sdc 1852692 73981 221318554 14535952 13560704 35494114 4223803424 2395274980 1 19202548 2411211284
======================
   8      32 sdc 1852962 73981 221320714 14538492 13560704 35494114 4223803424 2395274980 1 19203496 2411213836
======================
   8      32 sdc 1853404 73981 221324250 14543668 13560704 35494114 4223803424 2395274980 1 19204476 2411219000
======================
   8      32 sdc 1853816 73981 221327546 14548676 13560704 35494114 4223803424 2395274980 1 19205444 2411224004
======================
   8      32 sdc 1854298 73981 221331402 14553880 13560704 35494114 4223803424 2395274980 1 19206424 2411229208
======================
   8      32 sdc 1854771 73981 221335186 14559252 13560704 35494114 4223803424 2395274980 1 19207404 2411234588
======================
   8      32 sdc 1855275 73981 221339218 14564332 13560704 35494114 4223803424 2395274980 1 19208376 2411239664
======================
   8      32 sdc 1855576 73981 221341626 14567148 13560704 35494114 4223803424 2395274980 1 19209348 2411242476
======================
   8      32 sdc 1855626 73981 221342026 14567644 13560704 35494114 4223803424 2395274980 0 19209488 2411242972
======================
   8      32 sdc 1855626 73981 221342026 14567644 13560704 35494114 4223803424 2395274980 0 19209488 2411242972
