======================
   8      32 sdc 81208 100 18786174 176064 509036 15533585 252203832 143841712 0 1002776 144015588
======================
   8      32 sdc 81208 100 18786174 176064 509036 15533585 252203832 143841712 0 1002776 144015588
======================
   8      32 sdc 81210 100 18786190 176100 509036 15533585 252203832 143841712 0 1002812 144015624
======================
   8      32 sdc 81210 100 18786190 176100 509036 15533585 252203832 143841712 1 1002816 144015628
======================
   8      32 sdc 81211 100 18786198 176140 510302 15533585 252852024 143915952 153 1003700 144126168
======================
   8      32 sdc 81211 100 18786198 176140 510569 15533585 252988728 144058364 142 1004704 144270172
======================
   8      32 sdc 81211 100 18786198 176140 510755 15533585 253083960 144168708 148 1005708 144413336
======================
   8      32 sdc 81211 100 18786198 176140 511065 15533602 253241808 144346720 128 1006712 144551028
======================
   8      32 sdc 81211 100 18786198 176140 511236 15533602 253329360 144430328 149 1007716 144692772
======================
   8      32 sdc 81211 100 18786198 176140 511236 15533602 253329360 144430328 149 1008716 144841772
======================
   8      32 sdc 81211 100 18786198 176140 511236 15533602 253329360 144430328 149 1009736 144993752
======================
   8      32 sdc 81211 100 18786198 176140 512229 15533602 253837776 144956056 148 1010740 145137336
======================
   8      32 sdc 81211 100 18786198 176140 513643 15533602 254561744 145099000 142 1011744 145280180
======================
   8      32 sdc 81211 100 18786198 176140 514390 15533602 254944208 145234228 131 1012748 145423728
======================
   8      32 sdc 81211 100 18786198 176140 514893 15533602 255201744 145375488 140 1013752 145565728
======================
   8      32 sdc 81211 100 18786198 176140 515527 15533602 255526352 145517648 146 1014756 145709016
======================
   8      32 sdc 81211 100 18786198 176140 516187 15533602 255864272 145662944 147 1015756 145851848
======================
   8      32 sdc 81212 100 18786206 176312 516832 15533602 256194512 145796368 153 1016760 145986344
======================
   8      32 sdc 81212 100 18786206 176312 517474 15533602 256523216 145939964 151 1017764 146130040
======================
   8      32 sdc 81212 100 18786206 176312 518116 15533602 256851920 146083528 149 1018768 146273700
======================
   8      32 sdc 81212 100 18786206 176312 518757 15533602 257180112 146226784 148 1019772 146417268
======================
   8      32 sdc 81212 100 18786206 176312 519402 15533602 257510352 146370952 143 1020776 146560608
======================
   8      32 sdc 81212 100 18786206 176312 520049 15533602 257841616 146513828 136 1021780 146704264
======================
   8      32 sdc 81212 100 18786206 176312 520692 15533602 258170832 146657668 133 1022784 146847876
======================
   8      32 sdc 81212 100 18786206 176312 521366 15533602 258515920 146801816 131 1023784 146990776
======================
   8      32 sdc 81212 100 18786206 176312 522029 15533602 258855376 146943716 140 1024788 147134288
======================
   8      32 sdc 81212 100 18786206 176312 522654 15533602 259175376 147087480 155 1025792 147277740
======================
   8      32 sdc 81212 100 18786206 176312 523137 15533602 259422672 147201496 152 1026796 147419496
======================
   8      32 sdc 81212 100 18786206 176312 523813 15533602 259768784 147373852 148 1027800 147563252
======================
   8      32 sdc 81213 100 18786214 176528 524468 15533602 260104144 147503516 156 1028804 147693024
======================
   8      32 sdc 81213 100 18786214 176528 525137 15533602 260446672 147646044 149 1029804 147836224
======================
   8      32 sdc 81213 100 18786214 176528 525769 15533602 260770256 147789288 135 1030808 147979860
======================
   8      32 sdc 81213 100 18786214 176528 526394 15533602 261090256 147932936 150 1031812 148123460
======================
   8      32 sdc 81213 100 18786214 176528 527056 15533602 261429200 148077608 128 1032816 148267136
======================
   8      32 sdc 81213 100 18786214 176528 527698 15533602 261757904 148220568 158 1033820 148410620
======================
   8      32 sdc 81213 100 18786214 176528 528345 15533602 262089168 148364412 151 1034824 148554316
======================
   8      32 sdc 81213 100 18786214 176528 529006 15533602 262427600 148507292 130 1035828 148697936
======================
   8      32 sdc 81213 100 18786214 176528 529658 15533602 262761424 148650692 150 1036828 148840760
======================
   8      32 sdc 81213 100 18786214 176528 530300 15533602 263090128 148794412 148 1037832 148984608
======================
   8      32 sdc 81213 100 18786214 176528 530941 15533602 263418320 148937684 147 1038836 149128164
======================
   8      32 sdc 81213 100 18786214 176528 531582 15533602 263746512 149081028 146 1039840 149271832
======================
   8      32 sdc 81214 100 18786222 176744 532222 15533602 264074192 149213052 134 1040844 149403268
======================
   8      32 sdc 81214 100 18786222 176744 532885 15533602 264413648 149356064 143 1041844 149546160
======================
   8      32 sdc 81214 100 18786222 176744 533517 15533602 264737232 149499068 151 1042848 149689440
======================
   8      32 sdc 81214 100 18786222 176744 534162 15533602 265067472 149643408 146 1043852 149832992
======================
   8      32 sdc 81214 100 18786222 176744 534804 15533602 265396176 149785044 144 1044856 149976220
======================
   8      32 sdc 81214 100 18786222 176744 535428 15533602 265715664 149928516 128 1045860 150119444
======================
   8      32 sdc 81214 100 18786222 176744 536077 15533602 266047952 150073004 151 1046864 150262800
======================
   8      32 sdc 81214 100 18786222 176744 536753 15533602 266394064 150215980 147 1047868 150406084
======================
   8      32 sdc 81214 100 18786222 176744 537429 15533602 266740176 150359344 143 1048872 150549440
======================
   8      32 sdc 81214 100 18786222 176744 538098 15533602 267082704 150501724 146 1049872 150692452
======================
   8      32 sdc 81214 100 18786222 176744 538723 15533602 267402704 150645228 129 1050876 150835752
======================
   8      32 sdc 81214 100 18786222 176744 539355 15533602 267726288 150789284 137 1051880 150979008
======================
   8      32 sdc 81215 100 18786230 177180 539863 15533602 267986384 150889072 143 1052884 151079336
======================
   8      32 sdc 81215 100 18786230 177180 540529 15533602 268327376 151031772 149 1053888 151222784
======================
   8      32 sdc 81215 100 18786230 177180 541170 15533602 268655568 151174976 148 1054892 151366264
======================
   8      32 sdc 81215 100 18786230 177180 541824 15533602 268990416 151319312 134 1055896 151509960
======================
   8      32 sdc 81215 100 18786230 177180 542462 15533602 269317072 151462544 136 1056896 151653332
======================
   8      32 sdc 81215 100 18786230 177180 543104 15533602 269645776 151606284 134 1057900 151797012
======================
   8      32 sdc 81215 100 18786230 177180 543746 15533602 269974480 151749964 132 1058904 151940648
======================
   8      32 sdc 81215 100 18786230 177180 544387 15533602 270302672 151893256 131 1059908 152084192
======================
   8      32 sdc 81215 100 18786230 177180 545050 15533602 270642128 152037356 140 1060912 152227828
======================
   8      32 sdc 81215 100 18786230 177180 545712 15533602 270981072 152180528 150 1061916 152371584
======================
   8      32 sdc 81215 100 18786230 177180 546354 15533602 271309776 152324116 148 1062920 152515276
======================
   8      32 sdc 81215 100 18786230 177180 547007 15533602 271644112 152468416 135 1063924 152658772
======================
   8      32 sdc 81216 100 18786238 177608 547525 15533602 271909840 152568020 136 1064924 152758460
======================
   8      32 sdc 81216 100 18786238 177608 548170 15533602 272239568 152709400 131 1065928 152901628
======================
   8      32 sdc 81216 100 18786238 177608 548795 15533602 272559568 152853236 146 1066932 153044876
======================
   8      32 sdc 81216 100 18786238 177608 549471 15533602 272905680 152997276 142 1067936 153187904
======================
   8      32 sdc 81216 100 18786238 177608 550131 15533602 273243600 153140708 154 1068940 153331192
======================
   8      32 sdc 81216 100 18786238 177608 550783 15533602 273577424 153282168 142 1069944 153474284
======================
   8      32 sdc 81216 100 18786238 177608 551408 15533602 273897424 153425548 157 1070948 153617256
======================
   8      32 sdc 81216 100 18786238 177608 552063 15533602 274232784 153569716 142 1071952 153760428
======================
   8      32 sdc 81216 100 18786238 177608 552733 15533602 274575824 153712756 144 1072952 153903132
======================
   8      32 sdc 81216 100 18786238 177608 553379 15533602 274906576 153855004 138 1073956 154046224
======================
   8      32 sdc 81216 100 18786238 177608 554025 15533602 275237328 153998524 132 1074960 154189112
======================
   8      32 sdc 81216 100 18786238 177608 554689 15533602 275577296 154141320 140 1075964 154332092
======================
   8      32 sdc 81217 100 18786246 177824 555319 15533602 275899856 154265520 149 1076968 154457032
======================
   8      32 sdc 81217 100 18786246 177824 555961 15533602 276228560 154408520 147 1077972 154600132
======================
   8      32 sdc 81217 100 18786246 177824 556603 15533602 276557264 154551924 145 1078976 154743732
======================
   8      32 sdc 81217 100 18786246 177824 557244 15533602 276885456 154695416 144 1079980 154887376
======================
   8      32 sdc 81217 100 18786246 177824 557750 15533602 277144528 154842096 150 1080984 155033468
======================
   8      32 sdc 81217 100 18786246 177824 558398 15533602 277476304 154984900 142 1081984 155176368
======================
   8      32 sdc 81217 100 18786246 177824 559040 15533602 277805008 155128480 140 1082988 155319852
======================
   8      32 sdc 81217 100 18786246 177824 559715 15533602 278150608 155272464 137 1083992 155463168
======================
   8      32 sdc 81217 100 18786246 177824 560377 15533602 278489552 155414344 147 1084996 155606588
======================
   8      32 sdc 81217 100 18786246 177824 561002 15533602 278809552 155558016 130 1086000 155749684
======================
   8      32 sdc 81217 100 18786246 177824 561641 15533602 279136720 155701668 131 1087004 155893056
======================
   8      32 sdc 81217 100 18786246 177824 562307 15533602 279477712 155843396 137 1088008 156036380
======================
   8      32 sdc 81218 100 18786254 178044 562965 15533602 279814608 155969448 156 1089012 156160460
======================
   8      32 sdc 81218 100 18786254 178044 563640 15533602 280160208 156112544 153 1090012 156303468
======================
   8      32 sdc 81218 100 18786254 178044 564264 15533602 280479696 156254812 137 1091016 156446980
======================
   8      32 sdc 81218 100 18786254 178044 564897 15533602 280803792 156399520 144 1092020 156590480
======================
   8      32 sdc 81218 100 18786254 178044 565554 15533602 281140176 156542512 148 1093024 156733964
======================
   8      32 sdc 81218 100 18786254 178044 566196 15533602 281468880 156685900 157 1094028 156877500
======================
   8      32 sdc 81218 100 18786254 178044 566848 15533602 281802704 156830012 145 1095032 157021120
======================
   8      32 sdc 81218 100 18786254 178044 567507 15533602 282140112 156973548 155 1096036 157164396
======================
   8      32 sdc 81218 100 18786254 178044 568157 15533602 282472912 157116312 148 1097040 157308240
======================
   8      32 sdc 81218 100 18786254 178044 568799 15533602 282801616 157259908 146 1098044 157451916
======================
   8      32 sdc 81218 100 18786254 178044 569441 15533602 283130320 157403304 144 1099048 157595384
======================
   8      32 sdc 81218 100 18786254 178044 570084 15533602 283459536 157547188 75 1100052 157735472
======================
   8      32 sdc 81219 100 18786262 178272 570721 15533602 283785680 157678024 143 1101052 157869268
======================
   8      32 sdc 81219 100 18786262 178272 571364 15533602 284114896 157820972 140 1102056 158012948
======================
   8      32 sdc 81219 100 18786262 178272 572006 15533602 284443600 157964684 138 1103060 158156772
======================
   8      32 sdc 81219 100 18786262 178272 572657 15533602 284776912 158108196 141 1104064 158300316
======================
   8      32 sdc 81219 100 18786262 178272 573308 15533602 285110224 158251628 148 1105068 158444084
======================
   8      32 sdc 81219 100 18786262 178272 573932 15533602 285429712 158395256 132 1106072 158587688
======================
   8      32 sdc 81219 100 18786262 178272 574589 15533602 285766096 158540032 147 1107076 158731304
======================
   8      32 sdc 81219 100 18786262 178272 575265 15533602 286112208 158683416 143 1108080 158874880
======================
   8      32 sdc 81219 100 18786262 178272 575936 15533602 286455760 158826876 144 1109084 159018276
======================
   8      32 sdc 81219 100 18786262 178272 576597 15533602 286794192 158969116 155 1110088 159161752
======================
   8      32 sdc 81219 100 18786262 178272 577221 15533602 287113680 159112648 139 1111088 159304996
======================
   8      32 sdc 81220 100 18786270 178496 577839 15533602 287430096 159253204 130 1112092 159435692
======================
   8      32 sdc 81220 100 18786270 178496 578515 15533602 287776208 159387980 158 1113096 159579124
======================
   8      32 sdc 81220 100 18786270 178496 579168 15533602 288110544 159530676 145 1114100 159723072
======================
   8      32 sdc 81220 100 18786270 178496 579810 15533602 288439248 159674240 143 1115104 159866588
======================
   8      32 sdc 81220 100 18786270 178496 580457 15533602 288770512 159818688 136 1116108 160010680
======================
   8      32 sdc 81220 100 18786270 178496 581102 15533602 289100752 159962160 131 1117112 160154400
======================
   8      32 sdc 81220 100 18786270 178496 581744 15533602 289429456 160105804 129 1118116 160297996
======================
   8      32 sdc 81220 100 18786270 178496 582386 15533602 289758160 160249384 145 1119120 160441656
======================
   8      32 sdc 81220 100 18786270 178496 583034 15533602 290089936 160393268 151 1120124 160585396
======================
   8      32 sdc 81220 100 18786270 178496 583698 15533602 290429904 160536852 148 1121124 160728180
======================
   8      32 sdc 81220 100 18786270 178496 584352 15533602 290764752 160679872 145 1122128 160872036
======================
   8      32 sdc 81220 100 18786270 178496 584994 15533602 291093456 160823504 143 1123132 161015732
======================
   8      32 sdc 81221 100 18786278 178932 585490 15533602 291347408 160934968 148 1124136 161124212
======================
   8      32 sdc 81221 100 18786278 178932 586162 15533602 291691472 161076264 156 1125140 161268020
======================
   8      32 sdc 81221 100 18786278 178932 586800 15533602 292018128 161218724 129 1126144 161411692
======================
   8      32 sdc 81221 100 18786278 178932 587424 15533602 292337616 161361948 145 1127148 161555368
======================
   8      32 sdc 81221 100 18786278 178932 588082 15533602 292674512 161506104 136 1128152 161698936
======================
   8      32 sdc 81221 100 18786278 178932 588758 15533602 293020624 161650572 155 1129156 161842676
======================
   8      32 sdc 81221 100 18786278 178932 589416 15533602 293357520 161792096 137 1130156 161985608
======================
   8      32 sdc 81221 100 18786278 178932 590044 15533602 293679056 161936324 149 1131160 162129052
======================
   8      32 sdc 81221 100 18786278 178932 590690 15533602 294009808 162080648 143 1132164 162272476
======================
   8      32 sdc 81221 100 18786278 178932 591366 15533602 294355920 162224168 139 1133168 162415996
======================
   8      32 sdc 81221 100 18786278 178932 592018 15533602 294689744 162367180 132 1134172 162559424
======================
   8      32 sdc 81221 100 18786278 178932 592667 15533602 295022032 162512088 150 1135188 162704888
======================
   8      32 sdc 81222 100 18786286 179156 593308 15533602 295350224 162642880 150 1136192 162835528
======================
   8      32 sdc 81222 100 18786286 179156 593969 15533602 295688656 162786024 129 1137192 162978332
======================
   8      32 sdc 81222 100 18786286 179156 594611 15533602 296017360 162928920 155 1138196 163121396
======================
   8      32 sdc 81222 100 18786286 179156 595253 15533602 296346064 163072100 157 1139200 163264692
======================
   8      32 sdc 81222 100 18786286 179156 595891 15533602 296672720 163216084 155 1140204 163408132
======================
   8      32 sdc 81222 100 18786286 179156 596556 15533602 297013200 163359548 134 1141208 163551936
======================
   8      32 sdc 81222 100 18786286 179156 597208 15533602 297347024 163502532 154 1142212 163695432
======================
   8      32 sdc 81222 100 18786286 179156 597850 15533602 297675728 163646156 152 1143216 163839216
======================
   8      32 sdc 81222 100 18786286 179156 598518 15533602 298017744 163790620 156 1144220 163982832
======================
   8      32 sdc 81222 100 18786286 179156 599186 15533602 298359760 163933512 128 1145224 164126124
======================
   8      32 sdc 81222 100 18786286 179156 599810 15533602 298679248 164076380 144 1146224 164269532
======================
   8      32 sdc 81222 100 18786286 179156 600444 15533602 299003856 164221084 150 1147228 164413108
======================
   8      32 sdc 81222 100 18786286 179156 600839 15533602 299206096 164304964 40 1148232 164505828
======================
   8      32 sdc 81223 100 18786294 180728 600970 15533602 299273168 164368000 128 1149236 164547660
======================
   8      32 sdc 81223 100 18786294 180728 602440 15533602 300025808 164497064 130 1150240 164690240
======================
   8      32 sdc 81223 100 18786294 180728 603073 15533602 300349904 164638728 137 1151244 164833676
======================
   8      32 sdc 81223 100 18786294 180728 603571 15533602 300604880 164785524 151 1152248 164979068
======================
   8      32 sdc 81223 100 18786294 180728 604241 15533602 300947920 164929032 153 1153252 165122672
======================
   8      32 sdc 81223 100 18786294 180728 604890 15533602 301280208 165071592 144 1154256 165266120
======================
   8      32 sdc 81223 100 18786294 180728 605532 15533602 301608912 165214876 142 1155260 165409488
======================
   8      32 sdc 81223 100 18786294 180728 606197 15533602 301949392 165358876 149 1156264 165552908
======================
   8      32 sdc 81223 100 18786294 180728 606856 15533602 302286800 165501780 130 1157268 165696240
======================
   8      32 sdc 81223 100 18786294 180728 607499 15533602 302616016 165645536 131 1158272 165839696
======================
   8      32 sdc 81223 100 18786294 180728 608141 15533602 302944720 165788624 157 1159276 165982984
======================
   8      32 sdc 81224 100 18786302 180940 608761 15533602 303262160 165915616 134 1160280 166110508
======================
   8      32 sdc 81224 100 18786302 180940 609416 15533602 303597520 166059488 151 1161280 166253576
======================
   8      32 sdc 81224 100 18786302 180940 610082 15533602 303938512 166203384 157 1162284 166397128
======================
   8      32 sdc 81224 100 18786302 180940 610728 15533602 304269264 166346360 151 1163288 166540644
======================
   8      32 sdc 81224 100 18786302 180940 611371 15533602 304598480 166490508 148 1164296 166684752
======================
   8      32 sdc 81224 100 18786302 180940 612042 15533602 304942032 166633288 149 1165296 166827852
======================
   8      32 sdc 81224 100 18786302 180940 612666 15533602 305261520 166776728 133 1166300 166971600
======================
   8      32 sdc 81224 100 18786302 180940 613297 15533602 305584592 166921516 142 1167304 167115448
======================
   8      32 sdc 81224 100 18786302 180940 613968 15533602 305928144 167064928 143 1168308 167258724
======================
   8      32 sdc 81224 100 18786302 180940 614644 15533602 306274256 167208256 139 1169312 167402152
======================
   8      32 sdc 81224 100 18786302 180940 615321 15533602 306620880 167352008 134 1170316 167545736
======================
   8      32 sdc 81224 100 18786302 180940 615950 15533602 306942928 167494100 145 1171320 167689300
======================
   8      32 sdc 81225 100 18786310 181172 616554 15533602 307252176 167620360 151 1172324 167815684
======================
   8      32 sdc 81225 100 18786310 181172 617231 15533602 307598800 167764988 146 1173328 167959124
======================
   8      32 sdc 81225 100 18786310 181172 617897 15533602 307939792 167907644 152 1174332 168102476
======================
   8      32 sdc 81225 100 18786310 181172 618539 15533602 308268496 168051100 150 1175336 168246000
======================
   8      32 sdc 81225 100 18786310 181172 619182 15533602 308597712 168195136 147 1176340 168389732
======================
   8      32 sdc 81225 100 18786310 181172 619836 15533602 308932560 168338276 133 1177344 168533220
======================
   8      32 sdc 81225 100 18786310 181172 620478 15533602 309261264 168481616 132 1178344 168676288
======================
   8      32 sdc 81225 100 18786310 181172 621120 15533602 309589968 168625360 129 1179352 168820280
======================
   8      32 sdc 81225 100 18786310 181172 621762 15533602 309918672 168768920 156 1180352 168963280
======================
   8      32 sdc 81225 100 18786310 181172 622419 15533602 310255056 168912020 142 1181356 169107044
======================
   8      32 sdc 81225 100 18786310 181172 623081 15533602 310594000 169055916 152 1182360 169250364
======================
   8      32 sdc 81225 100 18786310 181172 623723 15533602 310922704 169199204 150 1183364 169393900
======================
   8      32 sdc 81226 100 18786318 181612 624208 15533602 311171024 169300656 145 1184368 169495464
======================
   8      32 sdc 81226 100 18786318 181612 624884 15533602 311517136 169444372 141 1185372 169639060
======================
   8      32 sdc 81226 100 18786318 181612 625541 15533602 311853520 169586688 156 1186376 169782144
======================
   8      32 sdc 81226 100 18786318 181612 626165 15533602 312173008 169729760 140 1187380 169925752
======================
   8      32 sdc 81226 100 18786318 181612 626809 15533602 312502736 169874596 136 1188384 170069364
======================
   8      32 sdc 81226 100 18786318 181612 627470 15533602 312841168 170016992 147 1189384 170212432
======================
   8      32 sdc 81226 100 18786318 181612 628141 15533602 313184720 170161572 148 1190388 170355724
======================
   8      32 sdc 81226 100 18786318 181612 628768 15533602 313505744 170303848 129 1191392 170499016
======================
   8      32 sdc 81226 100 18786318 181612 629397 15533602 313827792 170447776 140 1192396 170642548
======================
   8      32 sdc 81226 100 18786318 181612 630072 15533602 314173392 170591368 137 1193400 170785896
======================
   8      32 sdc 81226 100 18786318 181612 630735 15533602 314512848 170733816 146 1194404 170929284
======================
   8      32 sdc 81226 100 18786318 181612 631377 15533602 314841552 170877204 144 1195408 171072720
======================
   8      32 sdc 81226 100 18786318 181612 631541 15533602 314925520 170913916 26 1196412 171117844
======================
   8      32 sdc 81227 100 18786326 182828 632532 15533602 315432912 171030564 137 1197416 171226680
======================
   8      32 sdc 81227 100 18786326 182828 633183 15533602 315766224 171172868 151 1198416 171368844
======================
   8      32 sdc 81227 100 18786326 182828 633825 15533602 316094928 171315984 156 1199420 171512132
======================
   8      32 sdc 81227 100 18786326 182828 634456 15533602 316418000 171459236 133 1200424 171655564
======================
   8      32 sdc 81227 100 18786326 182828 635115 15533602 316755408 171602708 146 1201428 171798732
======================
   8      32 sdc 81227 100 18786326 182828 635779 15533602 317095376 171745652 154 1202432 171941548
======================
   8      32 sdc 81227 100 18786326 182828 636422 15533602 317424592 171888348 151 1203436 172084920
======================
   8      32 sdc 81227 100 18786326 182828 637071 15533602 317756880 172032324 142 1204440 172228076
======================
   8      32 sdc 81227 100 18786326 182828 637746 15533602 318102480 172175196 139 1205440 172370716
======================
   8      32 sdc 81227 100 18786326 182828 638397 15533602 318435792 172317264 128 1206444 172513672
======================
   8      32 sdc 81227 100 18786326 182828 639021 15533602 318755280 172460116 144 1207448 172657580
======================
   8      32 sdc 81228 100 18786334 183256 639515 15533602 319008208 172567672 154 1208452 172764276
======================
   8      32 sdc 81228 100 18786334 183256 640191 15533602 319354320 172710724 150 1209456 172907500
======================
   8      32 sdc 81228 100 18786334 183256 640862 15533602 319697872 172853636 151 1210460 173050388
======================
   8      32 sdc 81228 100 18786334 183256 641530 15533602 320039888 172996164 155 1211464 173193192
======================
   8      32 sdc 81228 100 18786334 183256 642139 15533602 320351696 173138036 154 1212464 173335528
======================
   8      32 sdc 81228 100 18786334 183256 642814 15533602 320697296 173282164 151 1213468 173478764
======================
   8      32 sdc 81228 100 18786334 183256 643481 15533602 321038800 173424676 156 1214472 173621748
======================
   8      32 sdc 81228 100 18786334 183256 644123 15533602 321367504 173567732 154 1215476 173765076
======================
   8      32 sdc 81228 100 18786334 183256 644776 15533602 321701840 173711128 141 1216480 173908060
======================
   8      32 sdc 81228 100 18786334 183256 645440 15533602 322041808 173854080 149 1217484 174051116
======================
   8      32 sdc 81228 100 18786334 183256 646083 15533602 322371024 173996728 146 1218484 174194000
======================
   8      32 sdc 81228 100 18786334 183256 646725 15533602 322699728 174140084 144 1219488 174337360
======================
   8      32 sdc 81228 100 18786334 183256 646890 15533602 322784208 174176852 37 1220492 174393044
======================
   8      32 sdc 81229 100 18786342 184904 647979 15533602 323341776 174263252 128 1221496 174458488
======================
   8      32 sdc 81229 100 18786342 184904 648643 15533602 323681744 174403340 136 1222500 174601996
======================
   8      32 sdc 81229 100 18786342 184904 649301 15533602 324018640 174546016 150 1223504 174745188
======================
   8      32 sdc 81229 100 18786342 184904 649789 15533602 324269008 174691888 142 1224508 174891072
======================
   8      32 sdc 81229 100 18786342 184904 650460 15533602 324612048 174835792 143 1225508 175033832
======================
   8      32 sdc 81229 100 18786342 184904 651119 15533602 324949456 174978120 156 1226512 175177132
======================
   8      32 sdc 81229 100 18786342 184904 651743 15533602 325268944 175121144 140 1227516 175320564
======================
   8      32 sdc 81229 100 18786342 184904 652392 15533602 325601232 175265876 131 1228520 175463916
======================
   8      32 sdc 81229 100 18786342 184904 653068 15533602 325947344 175408992 146 1229524 175607032
======================
   8      32 sdc 81229 100 18786342 184904 653744 15533602 326293456 175552252 155 1230528 175750496
======================
   8      32 sdc 81229 100 18786342 184904 654407 15533602 326632912 175694340 132 1231532 175893844
======================
   8      32 sdc 81230 100 18786350 185120 655011 15533602 326942160 175820180 132 1232536 176019716
======================
   8      32 sdc 81230 100 18786350 185120 655648 15533602 327268304 175964592 135 1233540 176163212
======================
   8      32 sdc 81230 100 18786350 185120 656324 15533602 327614416 176107972 131 1234540 176306108
======================
   8      32 sdc 81230 100 18786350 185120 656981 15533602 327950800 176250396 146 1235544 176449824
======================
   8      32 sdc 81230 100 18786350 185120 657619 15533602 328277456 176394756 148 1236548 176593400
======================
   8      32 sdc 81230 100 18786350 185120 658283 15533602 328617424 176538056 156 1237552 176736784
======================
   8      32 sdc 81230 100 18786350 185120 658931 15533602 328949200 176681172 148 1238556 176880544
======================
   8      32 sdc 81230 100 18786350 185120 659573 15533602 329277904 176824608 146 1239560 177024128
======================
   8      32 sdc 81230 100 18786350 185120 660205 15533602 329601488 176965928 154 1240564 177167692
======================
   8      32 sdc 81230 100 18786350 185120 660855 15533602 329934288 177112320 144 1241568 177311356
======================
   8      32 sdc 81230 100 18786350 185120 661520 15533602 330274768 177255864 151 1242572 177455008
======================
   8      32 sdc 81230 100 18786350 185120 662176 15533602 330610640 177398892 111 1243576 177597440
======================
   8      32 sdc 81230 100 18786350 185120 662268 15533602 330657744 177419360 19 1244580 177622940
======================
   8      32 sdc 81231 100 18786358 186768 663441 15533602 331258320 177489604 147 1245584 177690168
======================
   8      32 sdc 81231 100 18786358 186768 664117 15533602 331604432 177632672 143 1246584 177832520
======================
   8      32 sdc 81231 100 18786358 186768 664745 15533602 331925968 177774632 155 1247588 177975864
======================
   8      32 sdc 81231 100 18786358 186768 665400 15533602 332261328 177918988 140 1248592 178119160
======================
   8      32 sdc 81231 100 18786358 186768 666076 15533602 332607440 178062300 136 1249596 178262312
======================
   8      32 sdc 81231 100 18786358 186768 666752 15533602 332953552 178205604 132 1250600 178405656
======================
   8      32 sdc 81231 100 18786358 186768 667407 15533602 333288912 178347780 149 1251604 178549092
======================
   8      32 sdc 81231 100 18786358 186768 668031 15533602 333608400 178491108 133 1252608 178692336
======================
   8      32 sdc 81231 100 18786358 186768 668685 15533602 333943248 178635448 151 1253612 178835728
======================
   8      32 sdc 81231 100 18786358 186768 669361 15533602 334289360 178778816 147 1254616 178978952
======================
   8      32 sdc 81231 100 18786358 186768 669930 15533602 334580688 178904788 37 1255620 179101060
======================
   8      32 sdc 81231 100 18786358 186768 669930 15533602 334580688 178904788 37 1256624 179138208
======================
   8      32 sdc 81232 100 18786366 188384 671278 15533602 335270864 179042264 157 1257628 179244148
======================
   8      32 sdc 81232 100 18786366 188384 671937 15533602 335608272 179184672 138 1258632 179387396
======================
   8      32 sdc 81232 100 18786366 188384 672435 15533602 335863248 179295824 152 1259636 179532816
======================
   8      32 sdc 81232 100 18786366 188384 673077 15533602 336191952 179473428 150 1260640 179676324
======================
   8      32 sdc 81232 100 18786366 188384 673724 15533602 336523216 179617464 143 1261640 179819324
======================
   8      32 sdc 81232 100 18786366 188384 674383 15533602 336860624 179760736 156 1262644 179962396
======================
   8      32 sdc 81232 100 18786366 188384 675038 15533602 337195984 179903596 141 1263648 180105988
======================
   8      32 sdc 81232 100 18786366 188384 675669 15533602 337519056 180046824 150 1264652 180249244
======================
   8      32 sdc 81232 100 18786366 188384 676335 15533602 337860048 180190956 156 1265656 180392484
======================
   8      32 sdc 81232 100 18786366 188384 677011 15533602 338206160 180334332 152 1266660 180535856
======================
   8      32 sdc 81233 100 18786374 188584 677621 15533602 338518480 180472076 138 1267664 180663868
======================
   8      32 sdc 81233 100 18786374 188584 678249 15533602 338840016 180605088 150 1268668 180807856
======================
   8      32 sdc 81233 100 18786374 188584 678920 15533602 339183568 180749448 151 1269672 180951580
======================
   8      32 sdc 81233 100 18786374 188584 679597 15533602 339530192 180893112 146 1270676 181095308
======================
   8      32 sdc 81233 100 18786374 188584 680244 15533602 339861456 181035356 139 1271680 181238784
======================
   8      32 sdc 81233 100 18786374 188584 680865 15533602 340179408 181178996 158 1272680 181381764
======================
   8      32 sdc 81233 100 18786374 188584 681532 15533602 340520912 181323884 131 1273684 181525416
======================
   8      32 sdc 81233 100 18786374 188584 682200 15533602 340862928 181466784 135 1274688 181669104
======================
   8      32 sdc 81233 100 18786374 188584 682842 15533602 341191632 181610384 133 1275692 181812820
======================
   8      32 sdc 81233 100 18786374 188584 683486 15533602 341521360 181754460 129 1276696 181956192
======================
   8      32 sdc 81233 100 18786374 188584 684142 15533602 341857232 181897552 145 1277700 182099896
======================
   8      32 sdc 81233 100 18786374 188584 684790 15533602 342189008 182040904 137 1278704 182243560
======================
   8      32 sdc 81234 100 18786382 189040 685265 15533602 342432208 182154140 141 1279708 182345432
======================
   8      32 sdc 81234 100 18786382 189040 685907 15533602 342760912 182286004 139 1280712 182489108
======================
   8      32 sdc 81234 100 18786382 189040 686549 15533602 343089616 182429716 137 1281716 182632760
======================
   8      32 sdc 81234 100 18786382 189040 687214 15533602 343430096 182573648 144 1282720 182776428
======================
   8      32 sdc 81234 100 18786382 189040 687862 15533602 343761872 182716836 136 1283724 182920256
======================
   8      32 sdc 81234 100 18786382 189040 688507 15533602 344092112 182861560 131 1284728 183064036
======================
   8      32 sdc 81234 100 18786382 189040 689183 15533602 344438224 183005488 135 1285732 183207732
======================
   8      32 sdc 81234 100 18786382 189040 689831 15533602 344770000 183147516 151 1286736 183351388
======================
   8      32 sdc 81234 100 18786382 189040 690456 15533602 345090000 183291072 134 1287740 183494828
======================
   8      32 sdc 81234 100 18786382 189040 691115 15533602 345427408 183435696 147 1288744 183638396
======================
   8      32 sdc 81234 100 18786382 189040 691791 15533602 345773520 183579236 143 1289748 183781960
======================
   8      32 sdc 81234 100 18786382 189040 692461 15533602 346117072 183722060 145 1290748 183925188
======================
   8      32 sdc 81235 100 18786390 189456 692970 15533602 346377168 183833324 147 1291752 184030796
======================
   8      32 sdc 81235 100 18786390 189456 693595 15533602 346697168 183970376 130 1292756 184174016
======================
   8      32 sdc 81235 100 18786390 189456 694231 15533602 347022800 184114708 134 1293760 184317364
======================
   8      32 sdc 81235 100 18786390 189456 694906 15533602 347368400 184257840 131 1294764 184460420
======================
   8      32 sdc 81235 100 18786390 189456 695549 15533602 347697616 184400304 128 1295768 184603604
======================
   8      32 sdc 81235 100 18786390 189456 696202 15533602 348031952 184543800 147 1296772 184747044
======================
   8      32 sdc 81235 100 18786390 189456 696866 15533602 348371920 184686968 155 1297772 184889504
======================
   8      32 sdc 81235 100 18786390 189456 697509 15533602 348701136 184829664 152 1298776 185032856
======================
   8      32 sdc 81235 100 18786390 189456 698151 15533602 349029840 184972760 150 1299780 185176144
======================
   8      32 sdc 81235 100 18786390 189456 698793 15533602 349358544 185115956 148 1300784 185319440
======================
   8      32 sdc 81235 100 18786390 189456 699437 15533602 349688784 185259408 144 1301788 185462724
======================
   8      32 sdc 81235 100 18786390 189456 700102 15533602 350028752 185402796 151 1302792 185605788
======================
   8      32 sdc 81235 100 18786390 189456 700594 15533602 350280656 185508988 29 1303796 185709668
======================
   8      32 sdc 81236 100 18786398 189904 701235 15533602 350608848 185646812 138 1304800 185851152
======================
   8      32 sdc 81236 100 18786398 189904 701888 15533602 350943184 185791256 157 1305804 185994504
======================
   8      32 sdc 81236 100 18786398 189904 702559 15533602 351286736 185934384 143 1306808 186137460
======================
   8      32 sdc 81236 100 18786398 189904 703190 15533602 351609808 186075824 135 1307812 186280192
======================
   8      32 sdc 81236 100 18786398 189904 703842 15533602 351943632 186219992 155 1308812 186422712
======================
   8      32 sdc 81236 100 18786398 189904 704517 15533602 352289744 186362932 152 1309816 186566092
======================
   8      32 sdc 81236 100 18786398 189904 705194 15533602 352635856 186506276 147 1310820 186709384
======================
   8      32 sdc 81236 100 18786398 189904 705860 15533602 352976848 186648260 153 1311824 186852488
======================
   8      32 sdc 81236 100 18786398 189904 706484 15533602 353296336 186791408 137 1312828 186995952
======================
   8      32 sdc 81236 100 18786398 189904 707125 15533602 353625040 186935376 136 1313832 187138784
======================
   8      32 sdc 81236 100 18786398 189904 707802 15533602 353971152 187078692 131 1314836 187281740
======================
   8      32 sdc 81237 100 18786406 190132 708429 15533602 354292176 187204184 143 1315836 187408304
======================
   8      32 sdc 81237 100 18786406 190132 709071 15533602 354620880 187347456 141 1316840 187551556
======================
   8      32 sdc 81237 100 18786406 190132 709725 15533602 354955728 187491364 137 1317844 187694704
======================
   8      32 sdc 81237 100 18786406 190132 710378 15533602 355290064 187633796 146 1318848 187838204
======================
   8      32 sdc 81237 100 18786406 190132 711004 15533602 355610576 187777020 128 1319852 187981052
======================
   8      32 sdc 81237 100 18786406 190132 711645 15533602 355939280 187919988 129 1320856 188124232
======================
   8      32 sdc 81237 100 18786406 190132 712304 15533602 356276176 188063852 140 1321860 188267740
======================
   8      32 sdc 81237 100 18786406 190132 712968 15533602 356616144 188206780 148 1322864 188410804
======================
   8      32 sdc 81237 100 18786406 190132 713612 15533602 356945872 188349688 144 1323868 188554384
======================
   8      32 sdc 81237 100 18786406 190132 714258 15533602 357276624 188493852 138 1324868 188697212
======================
   8      32 sdc 81237 100 18786406 190132 714935 15533602 357623248 188637292 133 1325872 188840424
======================
   8      32 sdc 81237 100 18786406 190132 715590 15533602 357958608 188779512 150 1326876 188983960
======================
   8      32 sdc 81238 100 18786414 190364 716193 15533602 358267344 188906228 156 1327880 189110920
======================
   8      32 sdc 81238 100 18786414 190364 716844 15533602 358600656 189050644 145 1328884 189254304
======================
   8      32 sdc 81238 100 18786414 190364 717520 15533602 358946768 189193736 141 1329888 189397468
======================
   8      32 sdc 81238 100 18786414 190364 718197 15533602 359293392 189336940 136 1330892 189540448
======================
   8      32 sdc 81238 100 18786414 190364 718693 15533602 359547344 189477772 152 1331896 189682756
======================
   8      32 sdc 81238 100 18786414 190364 719317 15533602 359866832 189620916 136 1332900 189825964
======================
   8      32 sdc 81238 100 18786414 190364 719982 15533602 360207312 189765340 143 1333904 189969264
======================
   8      32 sdc 81238 100 18786414 190364 720652 15533602 360550352 189907904 145 1334908 190112688
======================
   8      32 sdc 81238 100 18786414 190364 721294 15533602 360879056 190050952 143 1335908 190255260
======================
   8      32 sdc 81238 100 18786414 190364 721944 15533602 361211856 190194460 133 1336912 190398292
======================
   8      32 sdc 81238 100 18786414 190364 722609 15533602 361552336 190337800 140 1337916 190541572
======================
   8      32 sdc 81238 100 18786414 190364 723260 15533602 361885648 190480384 129 1338920 190684540
======================
   8      32 sdc 81239 100 18786422 190596 723880 15533602 362203088 190606644 152 1339924 190811472
======================
   8      32 sdc 81239 100 18786422 190596 724522 15533602 362531792 190750240 150 1340928 190955212
======================
   8      32 sdc 81239 100 18786422 190596 725148 15533602 362852304 190890888 132 1341928 191098532
======================
   8      32 sdc 81239 100 18786422 190596 725812 15533602 363192272 191038364 140 1342932 191242264
======================
   8      32 sdc 81239 100 18786422 190596 726328 15533602 363456464 191181084 136 1343936 191385560
======================
   8      32 sdc 81239 100 18786422 190596 726969 15533602 363784656 191324464 135 1344940 191529216
======================
   8      32 sdc 81239 100 18786422 190596 727645 15533602 364130768 191469012 131 1345944 191672612
======================
   8      32 sdc 81239 100 18786422 190596 728307 15533602 364469712 191610768 141 1346948 191816196
======================
   8      32 sdc 81239 100 18786422 190596 728931 15533602 364789200 191754440 157 1347952 191959672
======================
   8      32 sdc 81239 100 18786422 190596 729576 15533602 365119440 191899236 152 1348956 192103288
======================
   8      32 sdc 81239 100 18786422 190596 730246 15533602 365462480 192042612 154 1349960 192246672
======================
   8      32 sdc 81239 100 18786422 190596 730923 15533602 365809104 192185940 149 1350960 192389528
======================
   8      32 sdc 81240 100 18786430 190820 731571 15533602 366140880 192312028 143 1351964 192515920
======================
   8      32 sdc 81240 100 18786430 190820 732194 15533602 366459856 192454084 128 1352968 192659068
======================
   8      32 sdc 81240 100 18786430 190820 732826 15533602 366783440 192598468 136 1353972 192802780
======================
   8      32 sdc 81240 100 18786430 190820 733502 15533602 367129552 192732708 255 1354976 192970952
======================
   8      32 sdc 81240 100 18786430 190820 734003 15533602 367386064 192882576 234 1355980 193207644
======================
   8      32 sdc 81240 100 18786430 190820 734650 15533602 367717328 193035660 227 1356984 193438552
======================
   8      32 sdc 81240 100 18786430 190820 735314 15533602 368057296 193201832 235 1357988 193662944
======================
   8      32 sdc 81240 100 18786430 190820 735961 15533602 368388560 193371544 228 1358992 193880700
======================
   8      32 sdc 81240 100 18786430 190820 736603 15533602 368717264 193531012 219 1359992 194092476
======================
   8      32 sdc 81240 100 18786430 190820 737245 15533602 369045968 193697924 192 1360996 194301092
======================
   8      32 sdc 81240 100 18786430 190820 737887 15533602 369374672 193868676 190 1362000 194505712
======================
   8      32 sdc 81240 100 18786430 190820 738550 15533602 369714128 194043576 199 1363004 194706264
======================
   8      32 sdc 81241 100 18786438 191076 739195 15533602 370044368 194245724 186 1364008 194880124
======================
   8      32 sdc 81241 100 18786438 191076 739837 15533602 370373072 194458672 184 1365012 195067040
======================
   8      32 sdc 81241 100 18786438 191076 740491 15533602 370707920 194646384 170 1366016 195247352
======================
   8      32 sdc 81241 100 18786438 191076 741167 15533602 371054032 194848832 166 1367020 195423328
======================
   8      32 sdc 81241 100 18786438 191076 741796 15533602 371376080 195042424 177 1368024 195594644
======================
   8      32 sdc 81241 100 18786438 191076 742450 15533602 371710928 195534372 131 1369024 195738156
======================
   8      32 sdc 81241 100 18786438 191076 743125 15533602 372057040 195677324 128 1370028 195881240
======================
   8      32 sdc 81241 100 18786438 191076 743796 15533602 372400080 195820512 129 1371032 196024564
======================
   8      32 sdc 81241 100 18786438 191076 744455 15533602 372737488 195962424 142 1372036 196167916
======================
   8      32 sdc 81241 100 18786438 191076 745079 15533602 373056976 196105776 158 1373040 196311080
======================
   8      32 sdc 81241 100 18786438 191076 745723 15533602 373386704 196250352 154 1374044 196454432
======================
   8      32 sdc 81241 100 18786438 191076 746399 15533602 373732816 196393340 150 1375048 196597604
======================
   8      32 sdc 81242 100 18786446 191572 746894 15534069 373985456 196481476 142 1376048 196687324
======================
   8      32 sdc 81242 100 18786446 191572 747536 15534069 374314160 196624960 140 1377052 196830840
======================
   8      32 sdc 81242 100 18786446 191572 748186 15534069 374646960 196769092 130 1378052 196973932
======================
   8      32 sdc 81242 100 18786446 191572 748851 15534069 374987440 196912656 137 1379056 197117500
======================
   8      32 sdc 81242 100 18786446 191572 749480 15534069 375309488 197055484 148 1380060 197261096
======================
   8      32 sdc 81242 100 18786446 191572 750122 15534069 375638192 197199060 146 1381064 197404724
======================
   8      32 sdc 81242 100 18786446 191572 750765 15534069 375967408 197342760 143 1382068 197548244
======================
   8      32 sdc 81242 100 18786446 191572 751430 15534069 376307888 197486752 150 1383072 197691732
======================
   8      32 sdc 81242 100 18786446 191572 752067 15534069 376634032 197629628 153 1384076 197835124
======================
   8      32 sdc 81242 100 18786446 191572 752703 15534069 376959664 197772768 157 1385080 197978416
======================
   8      32 sdc 81242 100 18786446 191572 753371 15534069 377301680 197917064 129 1386084 198121984
======================
   8      32 sdc 81242 100 18786446 191572 754037 15534069 377642672 198059316 135 1387088 198265488
======================
   8      32 sdc 81243 100 18786454 192084 754508 15534089 377882472 198146472 144 1388092 198350312
======================
   8      32 sdc 81243 100 18786454 192084 754858 15534551 378041160 198223512 0 1388596 198413520
======================
   8      32 sdc 81243 100 18786454 192084 754858 15534551 378041160 198223512 0 1388596 198413520
======================
   8      32 sdc 81243 100 18786454 192084 754858 15534551 378041160 198223512 0 1388596 198413520
======================
   8      32 sdc 81243 100 18786454 192084 754858 15534551 378041160 198223512 0 1388596 198413520
======================
   8      32 sdc 81243 100 18786454 192084 754858 15534551 378041160 198223512 0 1388596 198413520
started
======================
   8      32 sdc 81481 100 18788352 195808 754873 15534551 378041216 198223512 0 1388632 198417244
======================
   8      32 sdc 81481 100 18788352 195808 754873 15534551 378041216 198223512 0 1388632 198417244
======================
   8      32 sdc 82497 107 18914648 198200 754873 15534551 378041216 198223512 2 1389584 198419648
======================
   8      32 sdc 83491 115 19038888 200576 754873 15534551 378041216 198223512 2 1390588 198422020
======================
   8      32 sdc 84147 123 19127408 202020 754873 15534551 378041216 198223512 2 1391584 198424236
======================
   8      32 sdc 84149 123 19127920 204664 754873 15534551 378041216 198223512 2 1392584 198426236
======================
   8      32 sdc 84157 124 19129552 205308 754873 15534551 378041216 198223512 2 1393588 198428352
======================
   8      32 sdc 84620 133 19205080 209076 754876 15534553 378041256 198223512 16 1394588 198430544
======================
   8      32 sdc 85757 144 19339000 211660 754876 15534553 378041256 198223512 1 1395588 198433128
======================
   8      32 sdc 86707 156 19448224 214080 754876 15534553 378041256 198223512 1 1396572 198435544
======================
   8      32 sdc 87741 165 19586184 216324 754876 15534553 378041256 198223512 2 1397576 198437808
======================
   8      32 sdc 88842 186 19713864 218636 754876 15534553 378041256 198223512 2 1398560 198440112
======================
   8      32 sdc 89958 200 19842032 220964 754876 15534553 378041256 198223512 1 1399548 198442440
======================
   8      32 sdc 91129 224 19960184 224072 754876 15534553 378041256 198223512 2 1400540 198445560
======================
   8      32 sdc 92088 238 20085216 226496 754876 15534553 378041256 198223512 2 1401536 198448028
======================
   8      32 sdc 93310 248 20220992 229400 754876 15534553 378041256 198223512 2 1402532 198450972
======================
   8      32 sdc 94243 255 20334904 231848 754876 15534553 378041256 198223512 2 1403528 198453412
======================
   8      32 sdc 95386 275 20466304 234604 754876 15534553 378041256 198223512 2 1404528 198456172
======================
   8      32 sdc 96394 284 20597928 236972 754876 15534553 378041256 198223512 2 1405524 198458540
======================
   8      32 sdc 97398 299 20714920 239620 754876 15534553 378041256 198223512 1 1406512 198461208
======================
   8      32 sdc 98405 308 20846968 242400 754876 15534553 378041256 198223512 2 1407512 198463984
======================
   8      32 sdc 99416 321 20964848 244972 754876 15534553 378041256 198223512 12 1408508 198466604
======================
   8      32 sdc 100390 333 21077312 247492 754876 15534553 378041256 198223512 0 1409512 198469088
======================
   8      32 sdc 101465 348 21194968 250400 754876 15534553 378041256 198223512 2 1410508 198472012
======================
   8      32 sdc 102627 362 21332976 253168 754876 15534553 378041256 198223512 2 1411512 198474812
======================
   8      32 sdc 103712 376 21454896 255540 754876 15534553 378041256 198223512 1 1412488 198477204
======================
   8      32 sdc 104784 390 21572056 257980 754876 15534553 378041256 198223512 1 1413484 198479640
======================
   8      32 sdc 105886 409 21705448 260580 754876 15534553 378041256 198223512 4 1414480 198482232
======================
   8      32 sdc 107089 427 21830496 263328 754876 15534553 378041256 198223512 4 1415472 198485012
======================
   8      32 sdc 108146 437 21952680 266120 754876 15534553 378041256 198223512 1 1416468 198487784
======================
   8      32 sdc 109211 445 22087328 268628 754876 15534553 378041256 198223512 2 1417468 198490292
======================
   8      32 sdc 110231 450 22211248 271068 754876 15534553 378041256 198223512 2 1418448 198492732
======================
   8      32 sdc 111429 458 22334616 274120 754876 15534553 378041256 198223512 1 1419444 198495856
======================
   8      32 sdc 112377 469 22438048 276540 754876 15534553 378041256 198223512 1 1420440 198498280
======================
   8      32 sdc 113475 487 22545344 279160 754876 15534553 378041256 198223512 2 1421440 198500916
======================
   8      32 sdc 114433 502 22667960 281424 754876 15534553 378041256 198223512 2 1422440 198503184
======================
   8      32 sdc 115493 516 22781680 283948 754876 15534553 378041256 198223512 2 1423432 198505712
======================
   8      32 sdc 116626 526 22915552 286512 754876 15534553 378041256 198223512 1 1424428 198508256
======================
   8      32 sdc 117644 534 23054696 288884 754876 15534553 378041256 198223512 2 1425428 198510652
======================
   8      32 sdc 118828 553 23176584 291848 754876 15534553 378041256 198223512 2 1426432 198513616
======================
   8      32 sdc 119673 564 23284008 294292 754876 15534553 378041256 198223512 1 1427432 198516052
======================
   8      32 sdc 120535 575 23408168 296220 754876 15534553 378041256 198223512 2 1428436 198517980
======================
   8      32 sdc 121523 583 23525864 298668 754878 15534553 378041272 198223520 9 1429432 198520508
======================
   8      32 sdc 122577 595 23648048 301264 754878 15534553 378041272 198223520 2 1430428 198523032
======================
   8      32 sdc 123580 601 23768328 303484 754878 15534553 378041272 198223520 7 1431420 198525280
======================
   8      32 sdc 124662 613 23906152 305960 754878 15534553 378041272 198223520 2 1432416 198527724
======================
   8      32 sdc 125664 625 24018464 308264 754878 15534553 378041272 198223520 3 1433412 198530028
======================
   8      32 sdc 126767 645 24138648 311088 754878 15534553 378041272 198223520 2 1434412 198532868
======================
   8      32 sdc 127858 657 24271496 313644 754878 15534553 378041272 198223520 3 1435408 198535440
======================
   8      32 sdc 128639 665 24377264 315888 754878 15534553 378041272 198223520 2 1436396 198537708
======================
   8      32 sdc 129535 674 24514992 317840 754878 15534553 378041272 198223520 2 1437396 198539660
======================
   8      32 sdc 130510 684 24637736 320220 754878 15534553 378041272 198223520 2 1438392 198542056
======================
   8      32 sdc 131516 692 24772296 322504 754878 15534553 378041272 198223520 2 1439396 198544340
======================
   8      32 sdc 132463 700 24884464 325420 754878 15534553 378041272 198223520 1 1440384 198547260
======================
   8      32 sdc 133576 710 25019048 328212 754878 15534553 378041272 198223520 1 1441368 198550060
======================
   8      32 sdc 134792 720 25172280 330492 754878 15534553 378041272 198223520 5 1442360 198552376
======================
   8      32 sdc 135844 728 25316912 332776 754878 15534553 378041272 198223520 11 1443352 198554620
======================
   8      32 sdc 136837 742 25435280 335136 754878 15534553 378041272 198223520 2 1444356 198557004
======================
   8      32 sdc 137761 761 25548776 337412 754878 15534553 378041272 198223520 11 1445340 198559284
======================
   8      32 sdc 138868 774 25681136 339624 754878 15534553 378041272 198223520 2 1446332 198561500
======================
   8      32 sdc 139902 791 25800040 342028 754878 15534553 378041272 198223520 2 1447332 198563908
======================
   8      32 sdc 140961 805 25928944 344316 754878 15534553 378041272 198223520 2 1448320 198566196
======================
   8      32 sdc 141931 817 26039184 346604 754878 15534553 378041272 198223520 0 1449196 198568480
