======================
   8      16 sdb 18925437 214942 1676344204 36424748 26722884 276002462 8715813560 1268812844 0 11042304 1305173884
======================
   8      16 sdb 18931156 214942 1676799436 36426112 26722884 276002462 8715813560 1268812844 0 11043084 1305175244
======================
   8      16 sdb 18937187 214942 1677276668 36427552 26722884 276002462 8715813560 1268812844 0 11043924 1305176680
======================
   8      16 sdb 18940179 214950 1677522612 36429032 26723552 276002462 8716155576 1268916484 132 11044876 1305294412
======================
   8      16 sdb 18942937 214957 1677759012 36430592 26724230 276002462 8716502712 1269053756 161 11045880 1305436108
======================
   8      16 sdb 18945039 214960 1677944692 36432232 26725203 276002482 8717000040 1269202236 150 11046880 1305581420
======================
   8      16 sdb 18947381 214967 1678165508 36433900 26726081 276002482 8717449576 1269344612 132 11047884 1305725352
======================
   8      16 sdb 18949992 214974 1678416236 36435516 26726881 276002482 8717859176 1269487136 130 11048888 1305868416
======================
   8      16 sdb 18952266 214979 1678645004 36437272 26727773 276002482 8718315880 1269624008 130 11049892 1306010124
======================
   8      16 sdb 18955528 214987 1678975220 36439160 26728741 276002482 8718811496 1269767148 133 11050892 1306155388
======================
   8      16 sdb 18958492 214994 1679289220 36440796 26729758 276002495 8719331296 1269914500 137 11051900 1306300396
======================
   8      16 sdb 18959298 214996 1679371452 36441372 26732919 276002495 8720949728 1270044380 50 11052904 1306424196
======================
   8      16 sdb 18959302 214996 1679371484 36441604 26734945 276002495 8721987040 1270167256 40 11053904 1306547000
======================
   8      16 sdb 18959306 214996 1679371516 36441880 26736862 276002495 8722968544 1270288116 139 11054908 1306671560
======================
   8      16 sdb 18959382 214996 1679372124 36442776 26738052 276002495 8723577824 1270417596 133 11055912 1306807436
======================
   8      16 sdb 18959798 214996 1679375452 36443260 26740492 276003010 8724826184 1270537724 103 11056916 1306922272
======================
   8      16 sdb 18959802 214996 1679375484 36443568 26742414 276003010 8725810248 1270657372 142 11057912 1307042276
======================
   8      16 sdb 18959806 214996 1679375516 36443872 26744333 276003010 8726792776 1270777172 143 11058916 1307162836
======================
   8      16 sdb 18959811 214996 1679375556 36444196 26746247 276003010 8727772744 1270896208 133 11059920 1307278844
======================
   8      16 sdb 18959814 214996 1679375580 36444436 26748144 276003010 8728744008 1271015172 99 11060924 1307401036
======================
   8      16 sdb 18959817 214996 1679375604 36444680 26749562 276003033 8729469704 1271103292 131 11061928 1307522376
======================
   8      16 sdb 18959822 214996 1679375644 36444920 26751974 276003541 8730683512 1271253552 138 11062928 1307639608
======================
   8      16 sdb 18959826 214996 1679375676 36445164 26753882 276003541 8731660408 1271374204 44 11063928 1307758644
======================
   8      16 sdb 18959830 214996 1679375708 36445480 26755803 276003541 8732643960 1271488396 151 11064932 1307875792
======================
   8      16 sdb 18959834 214996 1679375740 36445768 26757727 276003541 8733629048 1271606216 147 11065928 1307993948
======================
   8      16 sdb 18959838 214996 1679375772 36446012 26759648 276003564 8734611776 1271722956 147 11066928 1308109420
======================
   8      16 sdb 18959842 214996 1679375804 36446172 26761571 276003580 8735594968 1271847588 8 11067928 1308230768
======================
   8      16 sdb 18959846 214996 1679375836 36446484 26763471 276003580 8736567768 1271963952 135 11068932 1308352116
======================
   8      16 sdb 18959850 214996 1679375868 36446784 26765373 276003580 8737541592 1272083012 141 11069932 1308471316
======================
   8      16 sdb 18959854 214996 1679375900 36447072 26767295 276003580 8738525656 1272202660 151 11070936 1308590240
======================
   8      16 sdb 18959858 214996 1679375932 36447304 26769208 276003603 8739504288 1272316160 53 11071936 1308703072
======================
   8      16 sdb 18959862 214996 1679375964 36447548 26771118 276003620 8740481336 1272437428 144 11072940 1308826432
======================
   8      16 sdb 18959866 214996 1679375996 36447844 26773038 276003620 8741464376 1272556428 139 11073936 1308945680
======================
   8      16 sdb 18959870 214996 1679376028 36448136 26774952 276003620 8742444344 1272677116 155 11074940 1309062144
======================
   8      16 sdb 18959874 214996 1679376060 36448376 26776850 276003620 8743416120 1272794968 93 11075944 1309184296
======================
   8      16 sdb 18959878 214996 1679376092 36448724 26778743 276003643 8744384512 1272906568 143 11076948 1309296916
======================
   8      16 sdb 18959882 214996 1679376124 36449024 26780669 276003659 8745369240 1273026136 129 11077952 1309416784
======================
   8      16 sdb 18959886 214996 1679376156 36449332 26782587 276003659 8746351256 1273150496 89 11078956 1309536476
======================
   8      16 sdb 18959890 214996 1679376188 36449564 26784503 276003659 8747332248 1273268456 93 11079960 1309659128
======================
   8      16 sdb 18959894 214996 1679376220 36449876 26786415 276003659 8748311192 1273384568 144 11080956 1309776176
======================
   8      16 sdb 18959898 214996 1679376252 36450180 26788337 276003683 8749294440 1273502020 144 11081956 1309893736
======================
   8      16 sdb 18959902 214996 1679376284 36450480 26790240 276003700 8750267400 1273626028 72 11082960 1310012928
======================
   8      16 sdb 18959906 214996 1679376316 36450716 26792144 276003700 8751242248 1273742604 137 11083964 1310134900
======================
   8      16 sdb 18959910 214996 1679376348 36451016 26794045 276003700 8752215560 1273861480 131 11084964 1310253648
======================
   8      16 sdb 18959914 214996 1679376380 36451312 26795987 276003700 8753209864 1273980520 143 11085968 1310373404
======================
   8      16 sdb 18959917 214996 1679376404 36451480 26797909 276003722 8754193096 1274103192 6 11086972 1310491428
======================
   8      16 sdb 18959922 214996 1679376444 36451808 26799827 276003738 8755174232 1274220672 138 11087976 1310614252
======================
   8      16 sdb 18959926 214996 1679376476 36452116 26801743 276003738 8756155224 1274337672 151 11088976 1310731676
======================
   8      16 sdb 18959930 214996 1679376508 36452420 26803587 276003738 8757099352 1274461128 132 11089976 1310851492
======================
   8      16 sdb 18959933 214996 1679376532 36452644 26805523 276003738 8758090584 1274583256 74 11090972 1310976152
======================
   8      16 sdb 18959938 214996 1679376572 36452964 26807440 276003761 8759071264 1274694704 155 11091976 1311089180
======================
   8      16 sdb 18959942 214996 1679376604 36453232 26809349 276003778 8760047800 1274816304 133 11092980 1311210892
======================
   8      16 sdb 18959946 214996 1679376636 36453540 26811264 276003778 8761028280 1274939696 138 11093980 1311331176
======================
   8      16 sdb 18959949 214996 1679376660 36453772 26813188 276003778 8762013368 1275061800 93 11094984 1311456416
======================
   8      16 sdb 18959954 214996 1679376700 36454092 26815105 276003778 8762994872 1275178808 152 11095988 1311574416
======================
   8      16 sdb 18959958 214996 1679376732 36454400 26817001 276003802 8763964808 1275293576 132 11096988 1311689936
======================
   8      16 sdb 18959961 214996 1679376756 36454620 26818905 276003818 8764937768 1275417172 14 11097988 1311809172
======================
   8      16 sdb 18959965 214996 1679376788 36454940 26820824 276003818 8765920296 1275536708 132 11098988 1311933288
======================
   8      16 sdb 18959970 214996 1679376828 36455252 26822741 276003818 8766902312 1275652028 131 11099984 1312048584
======================
   8      16 sdb 18959974 214996 1679376860 36455548 26824646 276003818 8767877160 1275770272 138 11100988 1312166008
======================
   8      16 sdb 18959977 214996 1679376884 36455732 26826578 276003840 8768865512 1275890848 23 11101992 1312284264
======================
   8      16 sdb 18959981 214996 1679376916 36456040 26828500 276003856 8769848696 1276010636 128 11102996 1312407960
======================
   8      16 sdb 18959986 214996 1679376956 36456360 26830422 276003856 8770832760 1276126916 129 11104000 1312524628
======================
   8      16 sdb 18959990 214996 1679376988 36456660 26832319 276003856 8771804024 1276245088 149 11105004 1312642064
======================
   8      16 sdb 18959993 214996 1679377012 36456892 26834208 276003856 8772771192 1276369000 75 11106004 1312766212
======================
   8      16 sdb 18959997 214996 1679377044 36457188 26836128 276003879 8773753408 1276482280 153 11107004 1312880976
======================
   8      16 sdb 18960002 214996 1679377084 36457504 26838049 276003896 8774736088 1276598348 131 11108000 1312996892
======================
   8      16 sdb 18960006 214996 1679377116 36457808 26839968 276003896 8775718616 1276716352 155 11109000 1313113112
======================
   8      16 sdb 18960009 214996 1679377140 36458032 26841887 276003896 8776701144 1276839244 48 11110004 1313236280
======================
   8      16 sdb 18960013 214996 1679377172 36458336 26843807 276003896 8777684184 1276958796 153 11111004 1313358500
======================
   8      16 sdb 18960018 214996 1679377212 36458660 26845693 276003919 8778648992 1277074200 135 11112008 1313473960
======================
   8      16 sdb 18960022 214996 1679377244 36458968 26847591 276003936 8779619896 1277193320 139 11113008 1313589316
======================
   8      16 sdb 18960025 214996 1679377268 36459184 26849508 276003936 8780601400 1277312624 111 11114008 1313712576
======================
   8      16 sdb 18960029 214996 1679377300 36459476 26851430 276003936 8781585464 1277432600 150 11115008 1313833060
======================
   8      16 sdb 18960034 214996 1679377340 36459792 26853348 276003936 8782567480 1277549464 147 11116012 1313950252
======================
   8      16 sdb 18960038 214996 1679377372 36460076 26855267 276003959 8783549184 1277666760 155 11117016 1314063508
======================
   8      16 sdb 18960041 214996 1679377396 36460308 26857192 276003974 8784532888 1277787088 113 11118020 1314188536
======================
   8      16 sdb 18960045 214996 1679377428 36460616 26859088 276003974 8785503640 1277905628 147 11119024 1314307584
======================
   8      16 sdb 18960048 214996 1679377452 36461084 26860753 276003974 8786356120 1278009384 136 11120028 1314409080
======================
   8      16 sdb 18960054 214996 1679377500 36461128 26862900 276003974 8787455384 1278148552 136 11121032 1314550928
======================
   8      16 sdb 18960057 214996 1679377524 36461152 26864815 276003997 8788435544 1278290636 139 11122036 1314693260
======================
   8      16 sdb 18960061 214996 1679377556 36461200 26866729 276003997 8789415512 1278433276 146 11123040 1314835884
======================
   8      16 sdb 18960063 214996 1679377572 36461232 26867820 276003997 8789974104 1278513580 155 11124044 1314983364
======================
   8      16 sdb 18960070 214996 1679377628 36461368 26870565 276003997 8791379544 1278716264 130 11125048 1315118056
======================
   8      16 sdb 18960073 214996 1679377652 36461460 26872454 276003997 8792346712 1278854696 147 11126052 1315257936
======================
   8      16 sdb 18960077 214996 1679377684 36461612 26874352 276003997 8793318488 1278991176 149 11127056 1315394196
======================
   8      16 sdb 18960082 214996 1679377724 36461784 26876264 276003997 8794297944 1279127008 141 11128060 1315526724
======================
   8      16 sdb 18960085 214996 1679377748 36461932 26878170 276003997 8795273304 1279257128 128 11129064 1315660024
======================
   8      16 sdb 18960089 214996 1679377780 36462132 26880106 276003997 8796264536 1279387516 131 11130068 1315790960
======================
   8      16 sdb 18960093 214996 1679377812 36462352 26882029 276003997 8797249112 1279514956 153 11131072 1315918640
======================
   8      16 sdb 18960098 214996 1679377852 36462612 26883953 276004041 8798233696 1279642740 10 11132072 1316041364
======================
   8      16 sdb 18960101 214996 1679377876 36462824 26885843 276004058 8799200352 1279758284 139 11133076 1316162064
======================
   8      16 sdb 18960105 214996 1679377908 36463096 26887644 276004058 8800121960 1279871596 144 11134080 1316283064
======================
   8      16 sdb 18960109 214996 1679377940 36463332 26889664 276004094 8801154472 1279999448 151 11135084 1316403556
======================
   8      16 sdb 18960112 214996 1679377964 36463492 26891576 276004094 8802133416 1280123780 11 11136088 1316524044
======================
   8      16 sdb 18960117 214996 1679378004 36463804 26893476 276004116 8803106216 1280237292 127 11137088 1316643168
======================
   8      16 sdb 18960121 214996 1679378036 36464048 26895422 276004132 8804100856 1280354604 147 11138092 1316759968
======================
   8      16 sdb 18960125 214996 1679378068 36464352 26897342 276004132 8805083896 1280473420 153 11139096 1316879048
======================
   8      16 sdb 18960128 214996 1679378092 36464580 26899238 276004132 8806054648 1280597876 1 11140100 1316998452
======================
   8      16 sdb 18960133 214996 1679378132 36464908 26901133 276004132 8807024888 1280711676 133 11141104 1317118056
======================
   8      16 sdb 18960137 214996 1679378164 36465304 26903054 276004156 8808008128 1280831100 135 11142108 1317237836
======================
   8      16 sdb 18960141 214996 1679378196 36465320 26904980 276004156 8808994240 1280973472 131 11143112 1317380112
======================
   8      16 sdb 18960146 214996 1679378236 36465368 26906893 276004156 8809973696 1281114840 136 11144112 1317520692
======================
   8      16 sdb 18960149 214996 1679378260 36465424 26908812 276004156 8810956224 1281255052 144 11145116 1317661452
======================
   8      16 sdb 18960153 214996 1679378292 36465496 26910730 276004156 8811938240 1281394592 142 11146120 1317801176
======================
   8      16 sdb 18960157 214996 1679378324 36465592 26912623 276004156 8812907456 1281532720 139 11147124 1317940208
======================
   8      16 sdb 18960160 214996 1679378348 36465676 26914520 276004156 8813878720 1281671928 80 11148128 1318078016
======================
   8      16 sdb 18960165 214996 1679378388 36465852 26916414 276004156 8814848960 1281804464 137 11149132 1318211324
======================
   8      16 sdb 18960169 214996 1679378420 36466024 26918318 276004156 8815823296 1281938604 139 11150136 1318345932
======================
   8      16 sdb 18960173 214996 1679378452 36466208 26920234 276004156 8816804288 1282074124 134 11151140 1318478376
======================
   8      16 sdb 18960176 214996 1679378476 36466360 26922144 276004156 8817782208 1282204732 134 11152144 1318612120
======================
   8      16 sdb 18960181 214996 1679378516 36466632 26924064 276004156 8818765248 1282326764 139 11153148 1318734620
======================
   8      16 sdb 18960185 214996 1679378548 36466880 26925981 276004156 8819746752 1282453480 130 11154148 1318861324
======================
   8      16 sdb 18960189 214996 1679378580 36467144 26927900 276004156 8820729280 1282581836 75 11155152 1318985756
======================
   8      16 sdb 18960192 214996 1679378604 36467352 26929795 276004228 8821698088 1282700632 135 11156156 1319108936
======================
   8      16 sdb 18960197 214996 1679378644 36467668 26931691 276004274 8822665672 1282812628 127 11157156 1319220952
======================
   8      16 sdb 18960201 214996 1679378676 36467976 26933614 276004274 8823650248 1282933716 143 11158160 1319340716
======================
   8      16 sdb 18960204 214996 1679378700 36468204 26935537 276004274 8824634824 1283056932 66 11159160 1319464684
======================
   8      16 sdb 18960208 214996 1679378732 36468504 26937458 276004274 8825618376 1283174788 138 11160164 1319584288
======================
   8      16 sdb 18960213 214996 1679378772 36468780 26939380 276004313 8826600232 1283284972 156 11161164 1319694368
======================
   8      16 sdb 18960217 214996 1679378804 36468976 26941296 276004313 8827581224 1283406752 146 11162160 1319814424
======================
   8      16 sdb 18960220 214996 1679378828 36469212 26943195 276004313 8828553512 1283527000 93 11163164 1319936584
======================
   8      16 sdb 18960224 214996 1679378860 36469532 26945094 276004313 8829525800 1283643964 156 11164168 1320054440
======================
   8      16 sdb 18960229 214996 1679378900 36469868 26947014 276004313 8830508840 1283757460 137 11165168 1320168416
======================
   8      16 sdb 18960233 214996 1679378932 36470164 26948935 276004336 8831491568 1283876044 83 11166172 1320282336
======================
   8      16 sdb 18960236 214996 1679378956 36470380 26950848 276004336 8832471024 1283994552 122 11167172 1320405956
======================
   8      16 sdb 18960240 214996 1679378988 36470684 26952770 276004336 8833455088 1284114100 139 11168176 1320525944
======================
   8      16 sdb 18960245 214996 1679379028 36471016 26954693 276004336 8834439664 1284227384 157 11169180 1320639664
======================
   8      16 sdb 18960249 214996 1679379060 36471320 26956611 276004336 8835421680 1284352536 126 11170176 1320759672
======================
   8      16 sdb 18960252 214996 1679379084 36471556 26958509 276004359 8836392632 1284471088 143 11171180 1320883508
======================
   8      16 sdb 18960256 214996 1679379116 36471860 26960428 276004359 8837375160 1284590332 152 11172184 1321003096
======================
   8      16 sdb 18960261 214996 1679379156 36472192 26962348 276004359 8838358200 1284705148 152 11173188 1321117976
======================
   8      16 sdb 18960264 214996 1679379180 36472428 26964254 276004359 8839334072 1284829880 30 11174192 1321239988
======================
   8      16 sdb 18960268 214996 1679379212 36472724 26966185 276004359 8840322744 1284947948 134 11175192 1321361236
======================
   8      16 sdb 18960272 214996 1679379244 36472960 26968114 276004381 8841309560 1285063688 131 11176196 1321477412
======================
   8      16 sdb 18960273 214996 1679379252 36473044 26968810 276004446 8841659864 1285107584 0 11176556 1321516272
======================
   8      16 sdb 18960273 214996 1679379252 36473044 26968810 276004446 8841659864 1285107584 0 11176556 1321516272
======================
   8      16 sdb 18960273 214996 1679379252 36473044 26968810 276004446 8841659864 1285107584 0 11176556 1321516272
======================
   8      16 sdb 18960273 214996 1679379252 36473044 26968810 276004446 8841659864 1285107584 0 11176556 1321516272
======================
   8      16 sdb 18960273 214996 1679379252 36473044 26968810 276004446 8841659864 1285107584 0 11176556 1321516272
======================
   8      16 sdb 18960273 214996 1679379252 36473044 26968810 276004446 8841659864 1285107584 0 11176556 1321516272
started
======================
   8      16 sdb 18960451 214996 1679392774 36473332 26968827 276004446 8841659928 1285107584 2 11176572 1321516560
======================
   8      16 sdb 18964912 214996 1680534278 36474840 26968827 276004446 8841659928 1285107584 1 11177680 1321518068
======================
   8      16 sdb 18968939 214999 1681565454 36506068 26968827 276004446 8841659928 1285107584 33 11178684 1321550184
======================
   8      16 sdb 18973260 215000 1682671630 36538992 26968827 276004446 8841659928 1285107584 33 11179688 1321582984
======================
   8      16 sdb 18977622 215000 1683788302 36570704 26968827 276004446 8841659928 1285107584 32 11180692 1321615688
======================
   8      16 sdb 18981972 215000 1684899598 36602488 26968827 276004446 8841659928 1285107584 33 11181696 1321648456
======================
   8      16 sdb 18986314 215000 1686011406 36637116 26968830 276004448 8841659968 1285107584 32 11182700 1321680492
======================
   8      16 sdb 18990639 215001 1687117838 36669856 26968830 276004448 8841659968 1285107584 33 11183704 1321713244
======================
   8      16 sdb 18994927 215001 1688215566 36701520 26968830 276004448 8841659968 1285107584 31 11184708 1321745904
======================
   8      16 sdb 18999212 215001 1689310478 36734316 26968830 276004448 8841659968 1285107584 33 11185712 1321778624
======================
   8      16 sdb 19003428 215002 1690386702 36766784 26968830 276004448 8841659968 1285107584 33 11186716 1321811020
======================
   8      16 sdb 19007758 215003 1691492110 36799528 26968830 276004448 8841659968 1285107584 33 11187716 1321843592
======================
   8      16 sdb 19012073 215003 1692594702 36832304 26968830 276004448 8841659968 1285107584 32 11188720 1321876312
======================
   8      16 sdb 19016394 215003 1693696526 36865140 26968830 276004448 8841659968 1285107584 33 11189724 1321909664
======================
   8      16 sdb 19020717 215003 1694799886 36898988 26968830 276004448 8841659968 1285107584 33 11190728 1321942824
======================
   8      16 sdb 19024986 215004 1695886862 36931772 26968830 276004448 8841659968 1285107584 33 11191732 1321975484
======================
   8      16 sdb 19029275 215005 1696982286 36964584 26968830 276004448 8841659968 1285107584 33 11192736 1322008216
======================
   8      16 sdb 19033600 215006 1698088718 36997348 26968830 276004448 8841659968 1285107584 32 11193740 1322040924
======================
   8      16 sdb 19037931 215007 1699193614 37030144 26968830 276004448 8841659968 1285107584 32 11194744 1322073632
======================
   8      16 sdb 19042250 215008 1700293134 37062936 26968830 276004448 8841659968 1285107584 33 11195748 1322106348
======================
   8      16 sdb 19046576 215008 1701398030 37095536 26968830 276004448 8841659968 1285107584 33 11196752 1322139012
======================
   8      16 sdb 19050922 215008 1702510606 37127332 26968830 276004448 8841659968 1285107584 32 11197756 1322171804
======================
   8      16 sdb 19055148 215009 1703578638 37159700 26968830 276004448 8841659968 1285107584 33 11198756 1322204344
======================
   8      16 sdb 19059470 215010 1704677646 37192948 26968830 276004448 8841659968 1285107584 33 11199764 1322237188
======================
   8      16 sdb 19063754 215011 1705770766 37225696 26968830 276004448 8841659968 1285107584 32 11200768 1322269864
======================
   8      16 sdb 19068068 215011 1706871854 37258428 26968830 276004448 8841659968 1285107584 33 11201772 1322302520
======================
   8      16 sdb 19072393 215012 1707976718 37291192 26968830 276004448 8841659968 1285107584 33 11202776 1322335160
======================
   8      16 sdb 19076735 215013 1709078798 37323964 26968830 276004448 8841659968 1285107584 33 11203780 1322367844
======================
   8      16 sdb 19081052 215013 1710180622 37356760 26968830 276004448 8841659968 1285107584 32 11204784 1322400572
======================
   8      16 sdb 19085365 215013 1711279662 37389472 26968830 276004448 8841659968 1285107584 33 11205784 1322433108
======================
   8      16 sdb 19089624 215014 1712365902 37422192 26968830 276004448 8841659968 1285107584 33 11206788 1322465752
======================
   8      16 sdb 19093891 215015 1713454094 37454872 26968830 276004448 8841659968 1285107584 33 11207792 1322498400
======================
   8      16 sdb 19098249 215016 1714569998 37486784 26968830 276004448 8841659968 1285107584 33 11208796 1322530264
======================
   8      16 sdb 19102564 215016 1715670574 37519396 26968830 276004448 8841659968 1285107584 33 11209800 1322562860
======================
   8      16 sdb 19106907 215016 1716769806 37552160 26968830 276004448 8841659968 1285107584 34 11210804 1322595512
======================
   8      16 sdb 19111261 215016 1717884430 37583708 26968830 276004448 8841659968 1285107584 34 11211808 1322629044
======================
   8      16 sdb 19115610 215017 1718991118 37617520 26968832 276004448 8841659984 1285107592 33 11212812 1322661772
======================
   8      16 sdb 19119888 215018 1720082190 37650180 26968832 276004448 8841659984 1285107592 33 11213816 1322694396
======================
   8      16 sdb 19124160 215018 1721169934 37682888 26968832 276004448 8841659984 1285107592 32 11214820 1322727048
======================
   8      16 sdb 19128502 215018 1722276622 37715576 26968832 276004448 8841659984 1285107592 33 11215824 1322759644
======================
   8      16 sdb 19132810 215019 1723374606 37748388 26968832 276004448 8841659984 1285107592 33 11216828 1322792344
======================
   8      16 sdb 19137113 215020 1724467790 37781060 26968832 276004448 8841659984 1285107592 32 11217832 1322824912
======================
   8      16 sdb 19141428 215020 1725567022 37813804 26968832 276004448 8841659984 1285107592 33 11218836 1322857576
======================
   8      16 sdb 19145744 215021 1726664462 37846584 26968832 276004448 8841659984 1285107592 33 11219840 1322890244
======================
   8      16 sdb 19150031 215021 1727761934 37878056 26968832 276004448 8841659984 1285107592 33 11220848 1322922844
======================
   8      16 sdb 19154378 215021 1728874766 37909620 26968832 276004448 8841659984 1285107592 32 11221852 1322955404
======================
   8      16 sdb 19158722 215021 1729986830 37941180 26968832 276004448 8841659984 1285107592 33 11222856 1322987952
======================
   8      16 sdb 19163043 215022 1731088654 37976400 26968832 276004448 8841659984 1285107592 32 11223860 1323020516
======================
   8      16 sdb 19167293 215023 1732145934 38009180 26968832 276004448 8841659984 1285107592 33 11224864 1323053124
======================
   8      16 sdb 19171654 215023 1733262350 38040848 26968832 276004448 8841659984 1285107592 32 11225868 1323085784
======================
   8      16 sdb 19176004 215023 1734375950 38072420 26968832 276004448 8841659984 1285107592 32 11226872 1323118332
======================
   8      16 sdb 19180273 215024 1735455566 38107144 26968832 276004448 8841659984 1285107592 32 11227880 1323151104
======================
   8      16 sdb 19184573 215024 1736556366 38139324 26968832 276004448 8841659984 1285107592 33 11228884 1323183748
======================
   8      16 sdb 19188848 215024 1737644078 38172012 26968832 276004448 8841659984 1285107592 32 11229888 1323216356
======================
   8      16 sdb 19193173 215025 1738745166 38204624 26968832 276004448 8841659984 1285107592 33 11230892 1323248872
======================
   8      16 sdb 19197459 215025 1739824398 38237300 26968832 276004448 8841659984 1285107592 32 11231896 1323281428
======================
   8      16 sdb 19201790 215025 1740924206 38269924 26968832 276004448 8841659984 1285107592 32 11232900 1323314084
======================
   8      16 sdb 19206127 215025 1742028814 38302492 26968832 276004448 8841659984 1285107592 33 11233904 1323347148
======================
   8      16 sdb 19210459 215025 1743130118 38336184 26968832 276004448 8841659984 1285107592 32 11234908 1323380156
======================
   8      16 sdb 19214738 215025 1744217726 38368716 26968832 276004448 8841659984 1285107592 32 11235912 1323412596
======================
   8      16 sdb 19219025 215026 1745304766 38401284 26968832 276004448 8841659984 1285107592 32 11236920 1323445204
======================
   8      16 sdb 19223346 215027 1746404542 38433808 26968832 276004448 8841659984 1285107592 31 11237920 1323477660
======================
   8      16 sdb 19227456 215028 1747353470 38460196 26968832 276004448 8841659984 1285107592 2 11238852 1323503700
