======================
   8      16 sdb 11220709 202808 955533448 21482804 20911703 195682810 5758227720 831006484 0 7170932 852448280
======================
   8      16 sdb 11220709 202808 955533448 21482804 20911703 195682810 5758227720 831006484 0 7170932 852448280
======================
   8      16 sdb 11220711 202808 955533464 21482804 20911703 195682810 5758227720 831006484 0 7170932 852448280
======================
   8      16 sdb 11220711 202808 955533464 21482804 20911703 195682810 5758227720 831006484 0 7170932 852448280
======================
   8      16 sdb 11220712 202808 955533472 21482804 20913591 195682810 5759194376 831036168 0 7171192 852477964
======================
   8      16 sdb 11220712 202808 955533472 21482804 20916424 195682810 5760644872 831148232 141 7172080 852593928
======================
   8      16 sdb 11220712 202808 955533472 21482804 20918678 195682810 5761799432 831289300 135 7173084 852736396
======================
   8      16 sdb 11220713 202808 955533480 21482880 20920599 195682839 5762781696 831424760 129 7174088 852871932
======================
   8      16 sdb 11220713 202808 955533480 21482880 20921290 195682839 5763135488 831564968 142 7175092 853012424
======================
   8      16 sdb 11220713 202808 955533480 21482880 20923360 195682839 5764195328 831707276 152 7176092 853152560
======================
   8      16 sdb 11220713 202808 955533480 21482880 20925579 195682839 5765331456 831848956 141 7177096 853294268
======================
   8      16 sdb 11220714 202808 955533488 21482932 20927479 195682839 5766303752 831984508 154 7178096 853429868
======================
   8      16 sdb 11220714 202808 955533488 21482932 20930138 195682877 5767660424 832119496 136 7179100 853566000
======================
   8      16 sdb 11220714 202808 955533488 21482932 20932093 195682877 5768661384 832260436 133 7180104 853707488
======================
   8      16 sdb 11220714 202808 955533488 21482932 20934017 195682877 5769646472 832402008 129 7181108 853849044
======================
   8      16 sdb 11220715 202808 955533496 21483008 20935946 195682893 5770632736 832536736 154 7182112 853983988
======================
   8      16 sdb 11220715 202808 955533496 21483008 20937845 195682893 5771605024 832679044 143 7183116 854126344
======================
   8      16 sdb 11220715 202808 955533496 21483008 20939743 195682916 5772576480 832815572 133 7184120 854262976
======================
   8      16 sdb 11220715 202808 955533496 21483008 20941667 195682916 5773561568 832957184 129 7185120 854403972
======================
   8      16 sdb 11220716 202808 955533504 21483080 20943584 195682933 5774542568 833092356 143 7186124 854539524
======================
   8      16 sdb 11220716 202808 955533504 21483080 20945505 195682933 5775525248 833235208 142 7187128 854682536
======================
   8      16 sdb 11220716 202808 955533504 21483080 20947428 195682933 5776509824 833378084 139 7188132 854825304
======================
   8      16 sdb 11220716 202808 955533504 21483080 20949346 195682957 5777491528 833514812 154 7189136 854961516
======================
   8      16 sdb 11220717 202808 955533512 21483164 20951250 195682957 5778465872 833649000 129 7190140 855096176
======================
   8      16 sdb 11220717 202808 955533512 21483164 20953159 195682974 5779442416 833791520 140 7191144 855238952
======================
   8      16 sdb 11220717 202808 955533512 21483164 20955084 195682974 5780427504 833933736 135 7192148 855381316
======================
   8      16 sdb 11220717 202808 955533512 21483164 20957004 195682974 5781410544 834077140 135 7193152 855524496
======================
   8      16 sdb 11220718 202808 955533520 21483252 20958898 195682996 5782379944 834206332 131 7194156 855655516
======================
   8      16 sdb 11220718 202808 955533520 21483252 20960844 195682996 5783376296 834350664 137 7195160 855798060
======================
   8      16 sdb 11220718 202808 955533520 21483252 20962765 195682996 5784359848 834492732 136 7196164 855940376
======================
   8      16 sdb 11220718 202808 955533520 21483252 20964666 195682996 5785333160 834635048 155 7197168 856082584
======================
   8      16 sdb 11220719 202808 955533528 21483340 20966590 195682996 5786317744 834770440 157 7198168 856217532
======================
   8      16 sdb 11220719 202808 955533528 21483340 20968514 195683034 5787301120 834906552 136 7199172 856353848
======================
   8      16 sdb 11220719 202808 955533528 21483340 20970434 195683034 5788284160 835048464 136 7200176 856495744
======================
   8      16 sdb 11220719 202808 955533528 21483340 20972353 195683034 5789266688 835190916 137 7201180 856638272
======================
   8      16 sdb 11220720 202808 955533536 21483420 20974278 195683034 5790251784 835325812 143 7202184 856773196
======================
   8      16 sdb 11220720 202808 955533536 21483420 20976200 195683050 5791234968 835467452 141 7203188 856914956
======================
   8      16 sdb 11220720 202808 955533536 21483420 20978098 195683074 5792206432 835604488 141 7204192 857052240
======================
   8      16 sdb 11220720 202808 955533536 21483420 20979975 195683074 5793167456 835744536 152 7205196 857194104
======================
   8      16 sdb 11220721 202808 955533544 21483504 20981917 195683074 5794161256 835881372 135 7206200 857329088
======================
   8      16 sdb 11220721 202808 955533544 21483504 20983819 195683091 5795133704 836023776 153 7207204 857471468
======================
   8      16 sdb 11220721 202808 955533544 21483504 20985744 195683091 5796119304 836166052 148 7208204 857613208
======================
   8      16 sdb 11220721 202808 955533544 21483504 20987672 195683114 5797106120 836303032 144 7209208 857750380
======================
   8      16 sdb 11220722 202808 955533552 21483592 20989588 195683114 5798086608 836437892 152 7210212 857885200
======================
   8      16 sdb 11220722 202808 955533552 21483592 20991507 195683131 5799068264 836579776 154 7211216 858027176
======================
   8      16 sdb 11220722 202808 955533552 21483592 20993429 195683131 5800052328 836721848 152 7212220 858169264
======================
   8      16 sdb 11220722 202808 955533552 21483592 20995325 195683131 5801023080 836864220 145 7213224 858311680
======================
   8      16 sdb 11220723 202808 955533560 21483676 20997222 195683153 5801994016 836993564 134 7214228 858441396
======================
   8      16 sdb 11220723 202808 955533560 21483676 20999147 195683153 5802979616 837135828 130 7215232 858583644
======================
   8      16 sdb 11220723 202808 955533560 21483676 21000889 195683153 5803871520 837265336 147 7216232 858725996
======================
   8      16 sdb 11220723 202808 955533560 21483676 21002980 195683153 5804942112 837419880 141 7217236 858867512
======================
   8      16 sdb 11220724 202808 955533568 21483760 21004904 195683153 5805926696 837554540 130 7218240 859002180
======================
   8      16 sdb 11220724 202808 955533568 21483760 21006826 195683193 5806909568 837690980 142 7219244 859139004
======================
   8      16 sdb 11220724 202808 955533568 21483760 21008729 195683193 5807883904 837833576 134 7220248 859281396
======================
   8      16 sdb 11220724 202808 955533568 21483760 21010630 195683193 5808857728 837975776 146 7221248 859423188
======================
   8      16 sdb 11220725 202808 955533576 21483840 21012558 195683193 5809843848 838110332 134 7222252 859557716
======================
   8      16 sdb 11220725 202808 955533576 21483840 21014482 195683210 5810827560 838252288 130 7223256 859699812
======================
   8      16 sdb 11220725 202808 955533576 21483840 21016403 195683232 5811810784 838388484 139 7224260 859836084
======================
   8      16 sdb 11220725 202808 955533576 21483840 21018324 195683232 5812794336 838530496 138 7225264 859978140
======================
   8      16 sdb 11220726 202808 955533584 21483924 21020247 195683232 5813778408 838665584 128 7226268 860113164
======================
   8      16 sdb 11220726 202808 955533584 21483924 21022138 195683249 5814745728 838808188 149 7227272 860255428
======================
   8      16 sdb 11220726 202808 955533584 21483924 21024032 195683249 5815715456 838949504 151 7228276 860397484
======================
   8      16 sdb 11220726 202808 955533584 21483924 21025957 195683271 5816700728 839085952 128 7229280 860533580
======================
   8      16 sdb 11220727 202808 955533592 21484000 21027879 195683271 5817684288 839220488 140 7230284 860668460
======================
   8      16 sdb 11220727 202808 955533592 21484000 21029799 195683287 5818666448 839363528 140 7231288 860811480
======================
   8      16 sdb 11220727 202808 955533592 21484000 21031722 195683287 5819651024 839506000 137 7232288 860953496
======================
   8      16 sdb 11220727 202808 955533592 21484000 21033644 195683287 5820635088 839648544 135 7233292 861096012
======================
   8      16 sdb 11220728 202808 955533600 21484092 21035539 195683311 5821605016 839778300 131 7234296 861226124
======================
   8      16 sdb 11220728 202808 955533600 21484092 21037433 195683311 5822574744 839920488 147 7235300 861368232
======================
   8      16 sdb 11220728 202808 955533600 21484092 21039330 195683311 5823546008 840062832 148 7236304 861510768
======================
   8      16 sdb 11220728 202808 955533600 21484092 21041247 195683311 5824527512 840205044 151 7237308 861653040
======================
   8      16 sdb 11220729 202808 955533608 21484180 21043170 195683311 5825511584 840339540 153 7238312 861787528
======================
   8      16 sdb 11220729 202808 955533608 21484180 21045082 195683350 5826488824 840476936 136 7239316 861924564
======================
   8      16 sdb 11220729 202808 955533608 21484180 21047010 195683350 5827475960 840618208 128 7240316 862065880
======================
   8      16 sdb 11220729 202808 955533608 21484180 21048936 195683350 5828462072 840759976 154 7241320 862207508
======================
   8      16 sdb 11220730 202808 955533616 21484264 21050833 195683350 5829433344 840894192 150 7242324 862341964
======================
   8      16 sdb 11220730 202808 955533616 21484264 21052731 195683366 5830404240 841035632 140 7243328 862483564
======================
   8      16 sdb 11220730 202808 955533616 21484264 21054619 195683389 5831370064 841169760 147 7244332 862619372
======================
   8      16 sdb 11220730 202808 955533616 21484264 21056569 195683389 5832368464 841313188 149 7245336 862761172
======================
   8      16 sdb 11220731 202808 955533624 21484344 21058494 195683389 5833353560 841447708 132 7246340 862895764
======================
   8      16 sdb 11220731 202808 955533624 21484344 21060411 195683406 5834334192 841589768 135 7247340 863037508
======================
   8      16 sdb 11220731 202808 955533624 21484344 21062332 195683406 5835317744 841732348 134 7248344 863180008
======================
   8      16 sdb 11220731 202808 955533624 21484344 21064224 195683429 5836286128 841868728 140 7249348 863316612
======================
   8      16 sdb 11220732 202808 955533632 21484428 21066123 195683429 5837257912 842002684 130 7250352 863450708
======================
   8      16 sdb 11220732 202808 955533632 21484428 21068043 195683446 5838240592 842144600 130 7251356 863592932
======================
   8      16 sdb 11220732 202808 955533632 21484428 21069971 195683446 5839227216 842287720 137 7252360 863736224
======================
   8      16 sdb 11220732 202808 955533632 21484428 21071895 195683446 5840212304 842429996 150 7253364 863878584
======================
   8      16 sdb 11220733 202808 955533640 21484468 21073801 195683469 5841187352 842561032 154 7254368 864009776
======================
   8      16 sdb 11220733 202808 955533640 21484468 21075706 195683485 5842161328 842702280 137 7255372 864151504
======================
   8      16 sdb 11220733 202808 955533640 21484468 21077623 195683485 5843142832 842843292 140 7256372 864293200
======================
   8      16 sdb 11220733 202808 955533640 21484468 21079548 195683485 5844128432 842987456 135 7257376 864435856
======================
   8      16 sdb 11220734 202808 955533648 21484544 21081443 195683485 5845098672 843123536 134 7258380 864571936
======================
   8      16 sdb 11220734 202808 955533648 21484544 21083366 195683508 5846082928 843260556 135 7259384 864709128
======================
   8      16 sdb 11220734 202808 955533648 21484544 21085285 195683508 5847065456 843402704 136 7260388 864851604
======================
   8      16 sdb 11220734 202808 955533648 21484544 21087206 195683508 5848049008 843545496 145 7261392 864994144
======================
   8      16 sdb 11220735 202808 955533656 21484624 21089126 195683508 5849031544 843679592 135 7262392 865128768
======================
   8      16 sdb 11220735 202808 955533656 21484624 21091056 195683524 5850018320 843821976 127 7263396 865270608
======================
   8      16 sdb 11220735 202808 955533656 21484624 21092963 195683548 5850994392 843958156 149 7264400 865407000
======================
   8      16 sdb 11220735 202808 955533656 21484624 21094862 195683548 5851966680 844100832 138 7265404 865549492
======================
   8      16 sdb 11220736 202808 955533664 21484708 21096613 195683548 5852862688 844221868 145 7266408 865684056
======================
   8      16 sdb 11220736 202808 955533664 21484708 21098719 195683565 5853939584 844376696 146 7267408 865825064
======================
   8      16 sdb 11220736 202808 955533664 21484708 21100646 195683565 5854926208 844518468 139 7268412 865966864
======================
   8      16 sdb 11220736 202808 955533664 21484708 21102575 195683588 5855913536 844654572 140 7269416 866102900
======================
   8      16 sdb 11220737 202808 955533672 21484788 21104504 195683588 5856900680 844788552 130 7270420 866237056
======================
   8      16 sdb 11220737 202808 955533672 21484788 21106411 195683604 5857875680 844930556 143 7271424 866379180
======================
   8      16 sdb 11220737 202808 955533672 21484788 21108334 195683604 5858860256 845073132 140 7272428 866521756
======================
   8      16 sdb 11220737 202808 955533672 21484788 21110261 195683604 5859846880 845215524 133 7273432 866664324
======================
   8      16 sdb 11220738 202808 955533680 21484872 21112191 195683627 5860834216 845345208 128 7274436 866793992
======================
   8      16 sdb 11220738 202808 955533680 21484872 21114121 195683644 5861821504 845487496 150 7275440 866936460
======================
   8      16 sdb 11220738 202808 955533680 21484872 21116048 195683644 5862808128 845629612 143 7276444 867078720
======================
   8      16 sdb 11220738 202808 955533680 21484872 21117966 195683644 5863790144 845772416 145 7277444 867220532
======================
   8      16 sdb 11220739 202808 955533688 21484968 21119878 195683644 5864769088 845906308 143 7278444 867355140
======================
   8      16 sdb 11220739 202808 955533688 21484968 21121784 195683667 5865744640 846043532 136 7279448 867492320
======================
   8      16 sdb 11220739 202808 955533688 21484968 21123702 195683667 5866726656 846185708 138 7280452 867635020
======================
   8      16 sdb 11220739 202808 955533688 21484968 21125630 195683667 5867713792 846328288 130 7281456 867777144
======================
   8      16 sdb 11220740 202808 955533696 21485052 21127529 195683667 5868685576 846461308 147 7282456 867912608
======================
   8      16 sdb 11220740 202808 955533696 21485052 21129488 195683683 5869687200 846604616 140 7283460 868053688
======================
   8      16 sdb 11220740 202808 955533696 21485052 21131416 195683707 5870674024 846740656 145 7284464 868189764
======================
   8      16 sdb 11220740 202808 955533696 21485052 21133322 195683707 5871649896 846881848 128 7285464 868330448
======================
   8      16 sdb 11220741 202808 955533704 21485136 21135230 195683707 5872626288 847016616 137 7286468 868465388
======================
   8      16 sdb 11220741 202808 955533704 21485136 21137161 195683724 5873613584 847161724 135 7287472 868610276
======================
   8      16 sdb 11220741 202808 955533704 21485136 21139088 195683724 5874600208 847302576 149 7288476 868751300
======================
   8      16 sdb 11220741 202808 955533704 21485136 21141017 195683746 5875587024 847439152 151 7289480 868888032
======================
   8      16 sdb 11220742 202808 955533712 21485216 21142945 195683746 5876574160 847574432 136 7290480 869023396
======================
   8      16 sdb 11220742 202808 955533712 21485216 21144873 195683746 5877561296 847717584 128 7291484 869166488
======================
   8      16 sdb 11220742 202808 955533712 21485216 21146759 195683746 5878527440 847860656 130 7292488 869309740
======================
   8      16 sdb 11220742 202808 955533712 21485216 21148682 195683746 5879511504 848003772 134 7293492 869452804
======================
   8      16 sdb 11220743 202808 955533720 21485300 21150611 195683769 5880498328 848133836 154 7294496 869583032
======================
   8      16 sdb 11220743 202808 955533720 21485300 21152538 195683769 5881484952 848276960 147 7295500 869726304
======================
   8      16 sdb 11220743 202808 955533720 21485300 21154465 195683769 5882472088 848419416 140 7296500 869868324
======================
   8      16 sdb 11220743 202808 955533720 21485300 21156393 195683769 5883458712 848562480 132 7297504 870011408
======================
   8      16 sdb 11220744 202808 955533728 21485388 21157591 195683839 5884066080 848643784 0 7298216 870087600
======================
   8      16 sdb 11220744 202808 955533728 21485388 21157591 195683839 5884066080 848643784 0 7298216 870087600
======================
   8      16 sdb 11220744 202808 955533728 21485388 21157591 195683839 5884066080 848643784 0 7298216 870087600
======================
   8      16 sdb 11220744 202808 955533728 21485388 21157591 195683839 5884066080 848643784 0 7298216 870087600
======================
   8      16 sdb 11220744 202808 955533728 21485388 21157591 195683839 5884066080 848643784 0 7298216 870087600
======================
   8      16 sdb 11220744 202808 955533728 21485388 21157591 195683839 5884066080 848643784 0 7298216 870087600
started
======================
   8      16 sdb 11220866 202808 955534698 21485420 21157606 195683839 5884066136 848643784 0 7298220 870087632
======================
   8      16 sdb 11223494 202808 956205682 21486412 21157606 195683839 5884066136 848643784 2 7298868 870088624
======================
   8      16 sdb 11227549 202808 957242994 21487824 21157606 195683839 5884066136 848643784 2 7299872 870090036
======================
   8      16 sdb 11231560 202808 958269554 21489256 21157606 195683839 5884066136 848643784 1 7300872 870091468
======================
   8      16 sdb 11235653 202808 959317362 21490728 21157606 195683839 5884066136 848643784 2 7301872 870092940
======================
   8      16 sdb 11239734 202808 960361842 21492204 21157606 195683839 5884066136 848643784 1 7302872 870094416
======================
   8      16 sdb 11243761 202809 961393010 21493616 21157609 195683841 5884066176 848643852 2 7303872 870095896
======================
   8      16 sdb 11247839 202809 962436466 21495104 21157609 195683841 5884066176 848643852 2 7304872 870097380
======================
   8      16 sdb 11251929 202809 963483250 21496516 21157609 195683841 5884066176 848643852 1 7305876 870098792
======================
   8      16 sdb 11256016 202809 964529522 21497944 21157609 195683841 5884066176 848643852 2 7306876 870100220
======================
   8      16 sdb 11260042 202809 965560178 21499396 21157609 195683841 5884066176 848643852 1 7307884 870101668
======================
   8      16 sdb 11264059 202809 966588530 21500836 21157609 195683841 5884066176 848643852 1 7308880 870103096
======================
   8      16 sdb 11268142 202809 967633522 21502244 21157609 195683841 5884066176 848643852 1 7309884 870104504
======================
   8      16 sdb 11272245 202809 968683890 21503672 21157609 195683841 5884066176 848643852 2 7310884 870105932
======================
   8      16 sdb 11276340 202809 969732210 21505076 21157609 195683841 5884066176 848643852 2 7311888 870107336
======================
   8      16 sdb 11280436 202809 970780786 21506500 21157609 195683841 5884066176 848643852 1 7312888 870108760
======================
   8      16 sdb 11284502 202809 971821426 21507928 21157609 195683841 5884066176 848643852 2 7313888 870110184
======================
   8      16 sdb 11288522 202809 972850546 21509324 21157609 195683841 5884066176 848643852 2 7314892 870111576
======================
   8      16 sdb 11292549 202809 973881458 21510780 21157609 195683841 5884066176 848643852 2 7315888 870113024
======================
   8      16 sdb 11296564 202809 974909298 21512224 21157609 195683841 5884066176 848643852 2 7316892 870114460
======================
   8      16 sdb 11300643 202809 975953266 21513644 21157609 195683841 5884066176 848643852 2 7317892 870115880
======================
   8      16 sdb 11304718 202809 976996466 21515068 21157609 195683841 5884066176 848643852 2 7318888 870117304
======================
   8      16 sdb 11308795 202809 978040178 21516468 21157609 195683841 5884066176 848643852 2 7319888 870118696
======================
   8      16 sdb 11312863 202809 979081330 21518040 21157609 195683841 5884066176 848643852 2 7320892 870120264
======================
   8      16 sdb 11316945 202809 980126322 21519472 21157609 195683841 5884066176 848643852 2 7321888 870121692
======================
   8      16 sdb 11320960 202809 981154162 21520908 21157609 195683841 5884066176 848643852 1 7322892 870123128
======================
   8      16 sdb 11324954 202809 982176626 21522352 21157609 195683841 5884066176 848643852 1 7323896 870124568
======================
   8      16 sdb 11329033 202809 983220594 21523828 21157609 195683841 5884066176 848643852 2 7324896 870126044
======================
   8      16 sdb 11333120 202809 984266866 21525284 21157609 195683841 5884066176 848643852 2 7325900 870127500
======================
   8      16 sdb 11337212 202809 985314418 21526708 21157609 195683841 5884066176 848643852 2 7326900 870128916
======================
   8      16 sdb 11341293 202809 986358898 21528160 21157609 195683841 5884066176 848643852 1 7327904 870130356
======================
   8      16 sdb 11345367 202809 987401586 21529544 21157609 195683841 5884066176 848643852 2 7328904 870131740
======================
   8      16 sdb 11349423 202809 988439922 21530936 21157609 195683841 5884066176 848643852 1 7329908 870133132
======================
   8      16 sdb 11353456 202809 989472370 21532300 21157609 195683841 5884066176 848643852 2 7330912 870134492
======================
   8      16 sdb 11357542 202809 990518386 21533708 21157609 195683841 5884066176 848643852 1 7331916 870135896
======================
   8      16 sdb 11361624 202809 991563122 21535104 21157609 195683841 5884066176 848643852 2 7332920 870137292
======================
   8      16 sdb 11365699 202809 992606322 21536516 21157609 195683841 5884066176 848643852 1 7333924 870138700
======================
   8      16 sdb 11369768 202809 993647986 21537896 21157611 195683841 5884066192 848643852 0 7334928 870140080
======================
   8      16 sdb 11373851 202809 994692978 21539284 21157611 195683841 5884066192 848643852 1 7335928 870141464
======================
   8      16 sdb 11377874 202809 995722866 21540680 21157611 195683841 5884066192 848643852 1 7336932 870142860
======================
   8      16 sdb 11381906 202809 996755058 21542080 21157611 195683841 5884066192 848643852 1 7337936 870144260
======================
   8      16 sdb 11385966 202809 997794418 21543468 21157611 195683841 5884066192 848643852 0 7338940 870145644
======================
   8      16 sdb 11390055 202809 998840946 21544860 21157611 195683841 5884066192 848643852 2 7339944 870147032
======================
   8      16 sdb 11394146 202809 999888242 21546252 21157611 195683841 5884066192 848643852 2 7340948 870148424
======================
   8      16 sdb 11398240 202809 1000936306 21547724 21157611 195683841 5884066192 848643852 1 7341952 870149896
======================
   8      16 sdb 11402340 202809 1001985906 21549124 21157611 195683841 5884066192 848643852 2 7342960 870151296
======================
   8      16 sdb 11406343 202809 1003010418 21550536 21157611 195683841 5884066192 848643852 1 7343960 870152708
======================
   8      16 sdb 11410365 202809 1004040050 21551912 21157611 195683841 5884066192 848643852 2 7344964 870154088
======================
   8      16 sdb 11414445 202809 1005084530 21553348 21157611 195683841 5884066192 848643852 2 7345964 870155516
======================
   8      16 sdb 11418531 202809 1006130546 21554752 21157611 195683841 5884066192 848643852 1 7346968 870156924
======================
   8      16 sdb 11422615 202809 1007175794 21556128 21157611 195683841 5884066192 848643852 2 7347968 870158292
======================
   8      16 sdb 11426707 202809 1008223346 21557492 21157611 195683841 5884066192 848643852 2 7348972 870159656
======================
   8      16 sdb 11430800 202809 1009271154 21558844 21157611 195683841 5884066192 848643852 2 7349972 870161008
======================
   8      16 sdb 11434813 202809 1010298482 21560400 21157611 195683841 5884066192 848643852 2 7350976 870162560
======================
   8      16 sdb 11438905 202809 1011345778 21561768 21157611 195683841 5884066192 848643852 2 7351984 870163912
======================
   8      16 sdb 11442937 202809 1012377970 21563152 21157611 195683841 5884066192 848643852 1 7352992 870165296
======================
   8      16 sdb 11447011 202809 1013420914 21564664 21157611 195683841 5884066192 848643852 1 7353996 870166808
======================
   8      16 sdb 11451097 202809 1014466674 21566080 21157611 195683841 5884066192 848643852 2 7355000 870168224
======================
   8      16 sdb 11455183 202809 1015512434 21567484 21157611 195683841 5884066192 848643852 1 7356004 870169628
======================
   8      16 sdb 11459269 202809 1016558450 21568916 21157611 195683841 5884066192 848643852 1 7357008 870171060
======================
   8      16 sdb 11463363 202809 1017606514 21570332 21157611 195683841 5884066192 848643852 2 7358008 870172472
======================
   8      16 sdb 11467363 202809 1018630258 21571788 21157611 195683841 5884066192 848643852 1 7359012 870173928
