======================
   8      16 sdb 5168616 1887 862954810 7563920 18319178 29169747 4916512760 678191508 0 6473744 685738736
======================
   8      16 sdb 5168616 1887 862954810 7563920 18319178 29169747 4916512760 678191508 0 6473744 685738736
======================
   8      16 sdb 5168617 1887 862954818 7563920 18319178 29169747 4916512760 678191508 0 6473744 685738736
======================
   8      16 sdb 5204877 1887 863244898 7573192 18319178 29169747 4916512760 678191508 13 6474340 685748004
======================
   8      16 sdb 5231459 1887 863457554 7576316 18319178 29169747 4916512760 678191508 0 6474784 685751108
======================
   8      16 sdb 5231712 1887 863459578 7576324 18319178 29169747 4916512760 678191508 0 6474792 685751116
======================
   8      16 sdb 5232041 1887 863462210 7576336 18319178 29169747 4916512760 678191508 0 6474804 685751128
======================
   8      16 sdb 5232372 1887 863464858 7576360 18319178 29169747 4916512760 678191508 0 6474828 685751152
======================
   8      16 sdb 5232616 1887 863466810 7576524 18326099 29273946 4917401720 678201336 0 6475096 685761132
======================
   8      16 sdb 5232889 1887 863468994 7576584 18326099 29273946 4917401720 678201336 0 6475156 685761192
======================
   8      16 sdb 5233211 1887 863471570 7576616 18326099 29273946 4917401720 678201336 0 6475188 685761224
======================
   8      16 sdb 5233531 1887 863474130 7576636 18326099 29273946 4917401720 678201336 0 6475208 685761244
======================
   8      16 sdb 5233870 1887 863476842 7576648 18326099 29273946 4917401720 678201336 0 6475220 685761256
======================
   8      16 sdb 5234062 1887 863478378 7576996 18333438 29383091 4918333592 678222384 0 6475692 685782632
======================
   8      16 sdb 5234295 1887 863480242 7577160 18333438 29383091 4918333592 678222384 1 6475864 685782804
======================
   8      16 sdb 5234486 1887 863481770 7577464 18333438 29383091 4918333592 678222384 0 6476160 685783100
======================
   8      16 sdb 5234789 1887 863484194 7577484 18333438 29383091 4918333592 678222384 1 6476180 685783120
======================
   8      16 sdb 5235110 1887 863486762 7577548 18333438 29383091 4918333592 678222384 0 6476244 685783184
======================
   8      16 sdb 5235250 1887 863487882 7577648 18334367 29441547 4918808672 678267448 0 6476712 685828340
======================
   8      16 sdb 5235472 1887 863489658 7577680 18334367 29441547 4918808672 678267448 0 6476744 685828372
======================
   8      16 sdb 5235826 1887 863492490 7577732 18334367 29441547 4918808672 678267448 0 6476796 685828424
======================
   8      16 sdb 5236154 1887 863495114 7577780 18334367 29441547 4918808672 678267448 0 6476844 685828472
======================
   8      16 sdb 5236480 1887 863497722 7577852 18334367 29441547 4918808672 678267448 0 6476916 685828544
======================
   8      16 sdb 5236651 1887 863499090 7577952 18335313 29500802 4919290264 678267792 0 6477136 685828980
======================
   8      16 sdb 5236907 1887 863501138 7577984 18335313 29500802 4919290264 678267792 0 6477168 685829012
======================
   8      16 sdb 5237229 1887 863503714 7578036 18335313 29500802 4919290264 678267792 0 6477220 685829064
======================
   8      16 sdb 5237563 1887 863506386 7578072 18335313 29500802 4919290264 678267792 0 6477256 685829100
======================
   8      16 sdb 5237886 1887 863508970 7578112 18335313 29500802 4919290264 678267792 0 6477296 685829140
======================
   8      16 sdb 5238065 1887 863510402 7578236 18336264 29560454 4919775080 678268124 0 6477544 685829596
======================
   8      16 sdb 5238282 1887 863512138 7578268 18336264 29560454 4919775080 678268124 0 6477576 685829628
======================
   8      16 sdb 5238602 1887 863514698 7578300 18336264 29560454 4919775080 678268124 0 6477608 685829660
======================
   8      16 sdb 5238804 1887 863516314 7578312 18336264 29560454 4919775080 678268124 0 6477620 685829672
======================
   8      16 sdb 5238804 1887 863516314 7578312 18336264 29560454 4919775080 678268124 0 6477620 685829672
======================
   8      16 sdb 5238804 1887 863516314 7578312 18337131 29614200 4920211976 678268432 0 6477740 685829976
======================
   8      16 sdb 5238804 1887 863516314 7578312 18338116 29673990 4920698176 678269416 0 6477904 685830952
======================
   8      16 sdb 5238804 1887 863516314 7578312 18338116 29673990 4920698176 678269416 0 6477904 685830952
======================
   8      16 sdb 5238804 1887 863516314 7578312 18338116 29673990 4920698176 678269416 0 6477904 685830952
======================
   8      16 sdb 5238804 1887 863516314 7578312 18338116 29673990 4920698176 678269416 0 6477904 685830952
======================
   8      16 sdb 5238804 1887 863516314 7578312 18338271 29683644 4920776648 678269484 0 6477932 685831020
======================
   8      16 sdb 5238804 1887 863516314 7578312 18338603 29703166 4920934688 678270324 2 6478288 685831860
======================
   8      16 sdb 5238804 1887 863516314 7578312 18339382 29749219 4921310136 678271400 0 6478688 685832928
======================
   8      16 sdb 5238804 1887 863516314 7578312 18339382 29749219 4921310136 678271400 0 6478688 685832928
======================
   8      16 sdb 5238804 1887 863516314 7578312 18339382 29749219 4921310136 678271400 0 6478688 685832928
======================
   8      16 sdb 5238804 1887 863516314 7578312 18339607 29763179 4921423608 678271540 0 6478740 685833068
======================
   8      16 sdb 5238804 1887 863516314 7578312 18339607 29763179 4921423608 678271540 0 6478740 685833068
======================
   8      16 sdb 5238804 1887 863516314 7578312 18339607 29763179 4921423608 678271540 0 6478740 685833068
======================
   8      16 sdb 5238804 1887 863516314 7578312 18339607 29763179 4921423608 678271540 0 6478740 685833068
======================
   8      16 sdb 5238804 1887 863516314 7578312 18339607 29763179 4921423608 678271540 0 6478740 685833068
======================
   8      16 sdb 5238804 1887 863516314 7578312 18339760 29772726 4921501208 678271592 0 6478760 685833120
======================
   8      16 sdb 5238804 1887 863516314 7578312 18339760 29772726 4921501208 678271592 0 6478760 685833120
======================
   8      16 sdb 5238804 1887 863516314 7578312 18339760 29772726 4921501208 678271592 0 6478760 685833120
======================
   8      16 sdb 5238804 1887 863516314 7578312 18339760 29772726 4921501208 678271592 0 6478760 685833120
======================
   8      16 sdb 5238804 1887 863516314 7578312 18339760 29772726 4921501208 678271592 0 6478760 685833120
======================
   8      16 sdb 5238804 1887 863516314 7578312 18339946 29784331 4921595536 678271652 0 6478788 685833180
======================
   8      16 sdb 5238804 1887 863516314 7578312 18339946 29784331 4921595536 678271652 0 6478788 685833180
======================
   8      16 sdb 5238804 1887 863516314 7578312 18339946 29784331 4921595536 678271652 0 6478788 685833180
======================
   8      16 sdb 5238804 1887 863516314 7578312 18339946 29784331 4921595536 678271652 0 6478788 685833180
======================
   8      16 sdb 5238804 1887 863516314 7578312 18339946 29784331 4921595536 678271652 0 6478788 685833180
======================
   8      16 sdb 5238804 1887 863516314 7578312 18340143 29796665 4921695784 678271748 0 6478820 685833276
======================
   8      16 sdb 5238804 1887 863516314 7578312 18340143 29796665 4921695784 678271748 0 6478820 685833276
======================
   8      16 sdb 5238804 1887 863516314 7578312 18340143 29796665 4921695784 678271748 0 6478820 685833276
======================
   8      16 sdb 5238804 1887 863516314 7578312 18340143 29796665 4921695784 678271748 0 6478820 685833276
======================
   8      16 sdb 5238804 1887 863516314 7578312 18340417 29812575 4921824688 678272132 2 6478984 685833656
======================
   8      16 sdb 5238804 1887 863516314 7578312 18342320 29919307 4922694336 678277260 0 6479964 685838760
======================
   8      16 sdb 5238804 1887 863516314 7578312 18342320 29919307 4922694336 678277260 0 6479964 685838760
======================
   8      16 sdb 5238804 1887 863516314 7578312 18342320 29919307 4922694336 678277260 0 6479964 685838760
======================
   8      16 sdb 5238804 1887 863516314 7578312 18342320 29919307 4922694336 678277260 0 6479964 685838760
======================
   8      16 sdb 5238804 1887 863516314 7578312 18343801 30003214 4923376968 678279320 2 6480836 685840792
======================
   8      16 sdb 5238804 1887 863516314 7578312 18346379 30125757 4924377872 678281108 2 6481812 685842584
======================
   8      16 sdb 5238804 1887 863516314 7578312 18347910 30217895 4925127176 678282444 2 6482816 685843896
======================
   8      16 sdb 5238804 1887 863516314 7578312 18349523 30314655 4925914200 678283776 2 6483816 685845220
======================
   8      16 sdb 5238804 1887 863516314 7578312 18351125 30411444 4926701648 678285208 1 6484824 685846644
======================
   8      16 sdb 5238804 1887 863516314 7578312 18352751 30510648 4927508160 678287608 1 6485828 685849040
======================
   8      16 sdb 5238804 1887 863516314 7578312 18354888 30642157 4928577264 678289320 1 6486808 685850724
======================
   8      16 sdb 5238804 1887 863516314 7578312 18356149 30718238 4929195904 678290608 1 6487812 685852012
======================
   8      16 sdb 5238804 1887 863516314 7578312 18357720 30813813 4929973264 678291936 1 6488816 685853328
======================
   8      16 sdb 5238804 1887 863516314 7578312 18359589 30923583 4930866688 678298292 0 6489316 685859668
======================
   8      16 sdb 5238804 1887 863516314 7578312 18359590 30923583 4930866688 678298292 0 6489316 685859668
======================
   8      16 sdb 5238804 1887 863516314 7578312 18359590 30923583 4930866688 678298292 0 6489316 685859668
======================
   8      16 sdb 5238804 1887 863516314 7578312 18359590 30923583 4930866688 678298292 0 6489316 685859668
======================
   8      16 sdb 5238804 1887 863516314 7578312 18359590 30923583 4930866688 678298292 0 6489316 685859668
started
======================
   8      16 sdb 5238804 1887 863516314 7578312 18359590 30923583 4930866688 678298292 0 6489316 685859668
======================
   8      16 sdb 5239937 1887 863525378 7578536 18359592 30923583 4930866696 678298292 0 6489336 685859892
======================
   8      16 sdb 5274130 1887 863798922 7583776 18359592 30923583 4930866696 678298292 1 6489992 685865124
======================
   8      16 sdb 5291590 1887 863938602 7586752 18359592 30923583 4930866696 678298292 0 6490516 685868088
======================
   8      16 sdb 5298273 1887 863992066 7587824 18359592 30923583 4930866696 678298292 0 6490876 685869164
======================
   8      16 sdb 5301940 1887 864021402 7588300 18359592 30923583 4930866696 678298292 1 6491184 685869640
======================
   8      16 sdb 5304645 1887 864043042 7588716 18359592 30923583 4930866696 678298292 1 6491556 685870088
======================
   8      16 sdb 5307062 1905 864062522 7589112 18359761 30934053 4930951808 678298356 1 6491896 685870516
======================
   8      16 sdb 5308930 1905 864077466 7589324 18359761 30934053 4930951808 678298356 0 6492104 685870724
======================
   8      16 sdb 5310421 1905 864089394 7589456 18359761 30934053 4930951808 678298356 0 6492236 685870856
======================
   8      16 sdb 5312226 1905 864103834 7589692 18359761 30934053 4930951808 678298356 0 6492472 685871092
======================
   8      16 sdb 5314087 1905 864118722 7589976 18359895 30942414 4931019768 678298424 1 6492756 685871440
======================
   8      16 sdb 5315797 1905 864132402 7590200 18359895 30942414 4931019768 678298424 0 6492972 685871656
======================
   8      16 sdb 5317445 1905 864145586 7590400 18359895 30942414 4931019768 678298424 0 6493172 685871856
======================
   8      16 sdb 5319095 1905 864158786 7590604 18359895 30942414 4931019768 678298424 0 6493376 685872060
======================
   8      16 sdb 5320601 1905 864170834 7590868 18359895 30942414 4931019768 678298424 0 6493640 685872324
======================
   8      16 sdb 5321618 1905 864178970 7591012 18360004 30949158 4931074592 678298452 0 6493784 685872492
======================
   8      16 sdb 5322625 1905 864187026 7591076 18360004 30949158 4931074592 678298452 0 6493848 685872556
======================
   8      16 sdb 5323754 1905 864196058 7591176 18360004 30949158 4931074592 678298452 0 6493948 685872656
======================
   8      16 sdb 5325153 1905 864207250 7591340 18360004 30949158 4931074592 678298452 0 6494108 685872816
======================
   8      16 sdb 5326543 1905 864218370 7591584 18360004 30949158 4931074592 678298452 0 6494352 685873060
======================
   8      16 sdb 5327420 1905 864225386 7591692 18360089 30954448 4931117592 678298484 0 6494460 685873200
======================
   8      16 sdb 5328468 1905 864233770 7591868 18360089 30954448 4931117592 678298484 0 6494636 685873376
======================
   8      16 sdb 5329431 1905 864241474 7591972 18360089 30954448 4931117592 678298484 0 6494732 685873472
======================
   8      16 sdb 5330443 1905 864249570 7592076 18360089 30954448 4931117592 678298484 0 6494828 685873568
======================
   8      16 sdb 5331515 1905 864258146 7592232 18360089 30954448 4931117592 678298484 0 6494984 685873724
======================
   8      16 sdb 5332539 1905 864266338 7592388 18360164 30959092 4931155344 678298508 0 6495136 685873900
======================
   8      16 sdb 5333513 1905 864274130 7592528 18360164 30959092 4931155344 678298508 0 6495276 685874040
======================
   8      16 sdb 5334382 1905 864281082 7592620 18360164 30959092 4931155344 678298508 0 6495364 685874128
======================
   8      16 sdb 5335081 1905 864286674 7592704 18360164 30959092 4931155344 678298508 0 6495444 685874208
======================
   8      16 sdb 5335928 1905 864293450 7592792 18360164 30959092 4931155344 678298508 0 6495532 685874296
======================
   8      16 sdb 5336736 1905 864299914 7592876 18360164 30959092 4931155344 678298508 0 6495616 685874380
======================
   8      16 sdb 5336849 1905 864300818 7592892 18373019 30979799 4931423840 678311428 0 6495772 685887292
======================
   8      16 sdb 5337666 1905 864307354 7593020 18373019 30979799 4931423840 678311428 0 6495900 685887420
======================
   8      16 sdb 5338518 1905 864314170 7593140 18373019 30979799 4931423840 678311428 0 6496020 685887540
======================
   8      16 sdb 5339332 1905 864320682 7593256 18373019 30979799 4931423840 678311428 0 6496136 685887656
======================
   8      16 sdb 5340184 1905 864327498 7593340 18373019 30979799 4931423840 678311428 0 6496220 685887740
======================
   8      16 sdb 5340836 1905 864332714 7593420 18373080 30983519 4931454088 678311436 0 6496300 685887828
======================
   8      16 sdb 5341523 1905 864338210 7593540 18373080 30983519 4931454088 678311436 0 6496420 685887948
======================
   8      16 sdb 5342228 1905 864343850 7593608 18373080 30983519 4931454088 678311436 0 6496488 685888016
======================
   8      16 sdb 5342900 1905 864349226 7593680 18373080 30983519 4931454088 678311436 0 6496560 685888088
======================
   8      16 sdb 5343393 1905 864353170 7593732 18373080 30983519 4931454088 678311436 0 6496612 685888140
======================
   8      16 sdb 5343472 1905 864353802 7593768 18373121 30985983 4931474128 678311456 0 6496648 685888196
======================
   8      16 sdb 5344043 1905 864358370 7593820 18373121 30985983 4931474128 678311456 0 6496700 685888248
======================
   8      16 sdb 5344578 1905 864362650 7593876 18373121 30985983 4931474128 678311456 0 6496756 685888304
======================
   8      16 sdb 5345258 1905 864368090 7593936 18373121 30985983 4931474128 678311456 0 6496816 685888364
======================
   8      16 sdb 5345874 1905 864373018 7594020 18373121 30985983 4931474128 678311456 1 6496900 685888448
======================
   8      16 sdb 5346508 1905 864378090 7594128 18373169 30988886 4931497736 678311476 0 6497008 685888576
======================
   8      16 sdb 5346998 1905 864382010 7594208 18373169 30988886 4931497736 678311476 0 6497088 685888656
======================
   8      16 sdb 5347615 1905 864386946 7594280 18373169 30988886 4931497736 678311476 0 6497160 685888728
======================
   8      16 sdb 5348215 1905 864391746 7594348 18373169 30988886 4931497736 678311476 0 6497228 685888796
======================
   8      16 sdb 5348723 1905 864395810 7594396 18373169 30988886 4931497736 678311476 0 6497276 685888844
======================
   8      16 sdb 5349218 1905 864399770 7594468 18373212 30991477 4931518808 678311500 0 6497348 685888940
======================
   8      16 sdb 5349673 1905 864403410 7594540 18373212 30991477 4931518808 678311500 0 6497420 685889012
======================
   8      16 sdb 5350103 1905 864406850 7594620 18373212 30991477 4931518808 678311500 0 6497500 685889092
======================
   8      16 sdb 5350579 1905 864410658 7594672 18373212 30991477 4931518808 678311500 0 6497552 685889144
======================
   8      16 sdb 5351089 1905 864414738 7594780 18373212 30991477 4931518808 678311500 0 6497660 685889252
======================
   8      16 sdb 5351534 1905 864418298 7594848 18373249 30993709 4931536960 678311504 0 6497728 685889324
======================
   8      16 sdb 5351962 1905 864421722 7594908 18379089 30996041 4931602016 678382312 133 6498324 685970292
======================
   8      16 sdb 5352397 1905 864425202 7594972 18382658 30996966 4931638288 678460880 0 6498912 686038816
======================
   8      16 sdb 5352830 1905 864428666 7595016 18382658 30996966 4931638288 678460880 0 6498956 686038860
======================
   8      16 sdb 5353106 1905 864430874 7595052 18382658 30996966 4931638288 678460880 0 6498992 686038896
======================
   8      16 sdb 5353106 1905 864430874 7595052 18382658 30996966 4931638288 678460880 0 6498992 686038896
