======================
   8      16 sdb 19418977 215197 1822881882 41813908 36980654 314142771 10682223216 1556936072 0 13256652 1598713656
======================
   8      16 sdb 19419008 215197 1822883010 41813908 36980654 314142771 10682223216 1556936072 0 13256652 1598713656
======================
   8      16 sdb 19419009 215197 1822883018 41813908 36980654 314142771 10682223216 1556936072 0 13256652 1598713656
======================
   8      16 sdb 19419009 215197 1822883018 41813908 36980654 314142771 10682223216 1556936072 0 13256652 1598713656
======================
   8      16 sdb 19419009 215197 1822883018 41813908 36980654 314142771 10682223216 1556936072 0 13256652 1598713656
======================
   8      16 sdb 19419017 215197 1822883082 41813908 36980654 314142771 10682223216 1556936072 0 13256652 1598713656
======================
   8      16 sdb 19419017 215197 1822883082 41813908 36980654 314142771 10682223216 1556936072 0 13256652 1598713656
======================
   8      16 sdb 19419017 215197 1822883082 41813908 36980654 314142771 10682223216 1556936072 0 13256652 1598713656
======================
   8      16 sdb 19419017 215197 1822883082 41813908 36980654 314142771 10682223216 1556936072 0 13256652 1598713656
======================
   8      16 sdb 19419017 215197 1822883082 41813908 36980654 314142771 10682223216 1556936072 0 13256652 1598713656
======================
   8      16 sdb 19419017 215197 1822883082 41813908 36980654 314142771 10682223216 1556936072 0 13256652 1598713656
======================
   8      16 sdb 19419017 215197 1822883082 41813908 36980724 314147020 10682257768 1556936372 0 13256676 1598713956
======================
   8      16 sdb 19419017 215197 1822883082 41813908 36980724 314147020 10682257768 1556936372 0 13256676 1598713956
======================
   8      16 sdb 19419017 215197 1822883082 41813908 36980724 314147020 10682257768 1556936372 0 13256676 1598713956
======================
   8      16 sdb 19419017 215197 1822883082 41813908 36980724 314147020 10682257768 1556936372 0 13256676 1598713956
======================
   8      16 sdb 19419017 215197 1822883082 41813908 36980724 314147020 10682257768 1556936372 0 13256676 1598713956
======================
   8      16 sdb 19419017 215197 1822883082 41813908 36980724 314147020 10682257768 1556936372 0 13256676 1598713956
======================
   8      16 sdb 19419017 215197 1822883082 41813908 36980724 314147020 10682257768 1556936372 0 13256676 1598713956
======================
   8      16 sdb 19419017 215197 1822883082 41813908 36980724 314147020 10682257768 1556936372 0 13256676 1598713956
started
======================
   8      16 sdb 19419017 215197 1822883082 41813908 36980822 314151223 10682292168 1556936568 0 13256692 1598714152
======================
   8      16 sdb 19419074 215197 1822883538 41813916 36980822 314151223 10682292168 1556936568 0 13256700 1598714160
======================
   8      16 sdb 19419165 215197 1822884266 41813936 36980822 314151223 10682292168 1556936568 0 13256712 1598714180
======================
   8      16 sdb 19419262 215197 1822885042 41813940 36980822 314151223 10682292168 1556936568 0 13256716 1598714184
======================
   8      16 sdb 19419356 215197 1822885794 41813944 36980822 314151223 10682292168 1556936568 0 13256720 1598714188
======================
   8      16 sdb 19419452 215197 1822886562 41813952 36980822 314151223 10682292168 1556936568 0 13256728 1598714196
======================
   8      16 sdb 19419535 215197 1822887226 41814020 36981376 314185451 10682569864 1556936920 2 13256980 1598714608
======================
   8      16 sdb 19419623 215197 1822887930 41814024 36981568 314196702 10682661968 1556937088 0 13257112 1598714776
======================
   8      16 sdb 19419717 215197 1822888682 41814056 36981568 314196702 10682661968 1556937088 0 13257144 1598714808
======================
   8      16 sdb 19419854 215197 1822889778 41814080 36981568 314196702 10682661968 1556937088 0 13257168 1598714832
======================
   8      16 sdb 19419940 215197 1822890466 41814156 36981568 314196702 10682661968 1556937088 0 13257244 1598714908
======================
   8      16 sdb 19420015 215197 1822891066 41814216 36981876 314215998 10682818800 1556937212 0 13257320 1598715092
======================
   8      16 sdb 19420095 215197 1822891706 41814220 36983201 314296238 10683470888 1556938580 1 13258232 1598716452
======================
   8      16 sdb 19420144 215197 1822892098 41814432 36984689 314384936 10684192216 1556940840 2 13259236 1598718912
======================
   8      16 sdb 19420202 215197 1822892562 41814608 36986145 314469996 10684884936 1556942776 0 13260048 1598721012
======================
   8      16 sdb 19420285 215197 1822893226 41814636 36986145 314469996 10684884936 1556942776 0 13260072 1598721036
======================
   8      16 sdb 19420353 215197 1822893770 41814776 36986639 314501055 10685137360 1556943060 0 13260276 1598721460
======================
   8      16 sdb 19420445 215197 1822894506 41814788 36986639 314501055 10685137360 1556943060 0 13260288 1598721472
======================
   8      16 sdb 19420534 215197 1822895218 41814792 36986639 314501055 10685137360 1556943060 0 13260292 1598721476
======================
   8      16 sdb 19420661 215197 1822896234 41814804 36986639 314501055 10685137360 1556943060 0 13260304 1598721488
======================
   8      16 sdb 19420709 215197 1822896618 41815016 36986639 314501055 10685137360 1556943060 0 13260516 1598721700
======================
   8      16 sdb 19420777 215197 1822897162 41815064 36987651 314562005 10685632632 1556946580 1 13261012 1598725268
======================
   8      16 sdb 19420837 215197 1822897642 41815188 36989193 314654372 10686383928 1556948632 1 13262024 1598727440
======================
   8      16 sdb 19420922 215197 1822898322 41815232 36989336 314663460 10686456096 1556948984 5 13262148 1598727832
======================
   8      16 sdb 19420991 215197 1822898874 41815340 36990190 314714870 10686876288 1556950132 0 13262732 1598729080
======================
   8      16 sdb 19421047 215197 1822899322 41815492 36991541 314796625 10687540736 1556952004 1 13263648 1598731096
======================
   8      16 sdb 19421078 215197 1822899570 41815880 36993366 314909200 10688456000 1556987080 1 13264640 1598766552
======================
   8      16 sdb 19421122 215197 1822899922 41816044 36994806 314998473 10689181504 1556988980 2 13265640 1598768596
======================
   8      16 sdb 19421162 215197 1822900242 41816228 36996860 315124033 10690202760 1556995100 1 13266644 1598774892
======================
   8      16 sdb 19421202 215197 1822900562 41816448 36998357 315217952 10690964376 1556997880 5 13267648 1598777896
======================
   8      16 sdb 19421249 215197 1822900938 41816616 36999842 315311081 10691723024 1557000108 1 13268652 1598780280
======================
   8      16 sdb 19421299 215197 1822901338 41816908 37000919 315377205 10692260800 1557002560 0 13269008 1598783012
======================
   8      16 sdb 19421420 215197 1822902306 41816924 37000919 315377205 10692260800 1557002560 0 13269024 1598783028
======================
   8      16 sdb 19421505 215197 1822902986 41816936 37000919 315377205 10692260800 1557002560 0 13269036 1598783040
======================
   8      16 sdb 19421575 215197 1822903546 41816936 37000919 315377205 10692260800 1557002560 0 13269036 1598783040
======================
   8      16 sdb 19421662 215197 1822904242 41816948 37000919 315377205 10692260800 1557002560 0 13269048 1598783052
======================
   8      16 sdb 19421734 215197 1822904818 41817068 37001685 315425326 10692651744 1557003548 2 13269436 1598784156
======================
   8      16 sdb 19421811 215197 1822905434 41817148 37002471 315473070 10693040136 1557004412 0 13269964 1598785100
======================
   8      16 sdb 19421883 215197 1822906010 41817236 37003276 315521838 10693432832 1557005848 9 13270512 1598786632
======================
   8      16 sdb 19421951 215197 1822906554 41817332 37003997 315565178 10693788208 1557006932 3 13271004 1598787776
======================
   8      16 sdb 19422026 215197 1822907154 41817416 37004632 315603096 10694097632 1557007852 0 13271428 1598788772
======================
   8      16 sdb 19422072 215197 1822907522 41817656 37006037 315689779 10694798432 1557009844 9 13272252 1598791016
======================
   8      16 sdb 19422154 215197 1822908178 41818044 37007513 315778555 10695521640 1557011804 7 13273256 1598793360
======================
   8      16 sdb 19422206 215197 1822908594 41818236 37009592 315902857 10696535016 1557016148 1 13274260 1598797856
======================
   8      16 sdb 19422245 215197 1822908906 41818464 37010966 315987109 10697218280 1557018920 6 13275260 1598800848
======================
   8      16 sdb 19422299 215197 1822909338 41818636 37012547 316076099 10697944520 1557021180 1 13276268 1598803276
======================
   8      16 sdb 19422339 215197 1822909658 41818916 37015265 316236406 10699245600 1557069412 8 13277252 1598853480
======================
   8      16 sdb 19422405 215197 1822910186 41819036 37015273 316236406 10699249240 1557071136 0 13277376 1598853628
======================
   8      16 sdb 19422493 215197 1822910890 41819048 37015273 316236406 10699249240 1557071136 0 13277388 1598853640
======================
   8      16 sdb 19422577 215197 1822911562 41819052 37015273 316236406 10699249240 1557071136 0 13277392 1598853644
======================
   8      16 sdb 19422674 215197 1822912338 41819056 37015273 316236406 10699249240 1557071136 0 13277396 1598853648
======================
   8      16 sdb 19422742 215197 1822912882 41819152 37015563 316254581 10699396848 1557071252 1 13277508 1598853860
======================
   8      16 sdb 19422788 215197 1822913250 41819252 37016480 316309063 10699840152 1557072532 0 13278140 1598855232
======================
   8      16 sdb 19422848 215197 1822913730 41819360 37017398 316364386 10700290080 1557073800 0 13278768 1598856608
======================
   8      16 sdb 19422964 215197 1822914658 41819436 37018009 316400667 10700585216 1557074808 0 13279188 1598857688
======================
   8      16 sdb 19423032 215197 1822915202 41819536 37018774 316448740 10700975920 1557075892 0 13279712 1598858860
======================
   8      16 sdb 19423087 215197 1822915642 41819824 37020303 316539810 10701716104 1557077884 2 13280564 1598861136
======================
   8      16 sdb 19423153 215197 1822916170 41819932 37021130 316589470 10702120600 1557079096 0 13281116 1598862436
======================
   8      16 sdb 19423204 215197 1822916578 41820072 37022474 316670739 10702781248 1557081060 1 13282036 1598864540
======================
   8      16 sdb 19423251 215197 1822916954 41820256 37023952 316759838 10703505560 1557083460 3 13283040 1598867120
======================
   8      16 sdb 19423299 215197 1822917338 41820436 37025440 316849752 10704237144 1557085608 1 13284044 1598869444
======================
   8      16 sdb 19423316 215197 1822917474 41820496 37027053 316947964 10705035752 1557120072 1 13285032 1598903960
======================
   8      16 sdb 19423316 215197 1822917474 41820496 37029107 317067386 10706007744 1557121280 0 13285740 1598905140
