======================
   8      16 sdb 1760480 9 343952566 808344 4403377 4040733 2250745848 292726740 0 2661212 293522004
======================
   8      16 sdb 1760480 9 343952566 808344 4403377 4040733 2250745848 292726740 0 2661212 293522004
======================
   8      16 sdb 1760969 9 343956478 808348 4403377 4040733 2250745848 292726740 0 2661216 293522008
======================
   8      16 sdb 1760969 9 343956478 808348 4403377 4040733 2250745848 292726740 0 2661216 293522008
======================
   8      16 sdb 1761041 9 343957054 808380 4406665 4040733 2252429304 292749108 131 2661528 293546740
======================
   8      16 sdb 1761045 9 343957086 808676 4408584 4040733 2253411832 292866212 155 2662528 293665432
======================
   8      16 sdb 1761048 9 343957110 808904 4410508 4040733 2254396920 292990152 38 2663528 293788324
======================
   8      16 sdb 1761053 9 343957150 809220 4412431 4041246 2255380560 293102536 139 2664532 293903808
======================
   8      16 sdb 1761055 9 343957166 809352 4413195 4041718 2255754336 293150508 133 2665536 294031324
======================
   8      16 sdb 1761058 9 343957190 809592 4415048 4041718 2256703072 293355348 136 2666540 294156976
======================
   8      16 sdb 1761062 9 343957222 809884 4416945 4041718 2257674336 293473456 137 2667540 294275628
======================
   8      16 sdb 1761067 9 343957262 810196 4418838 4041718 2258643552 293592004 145 2668536 294390064
======================
   8      16 sdb 1761104 9 343957558 810648 4420289 4041739 2259386128 293677632 131 2669536 294478792
======================
   8      16 sdb 1761110 9 343957606 810944 4422673 4041753 2260604832 293790932 151 2670540 294592604
======================
   8      16 sdb 1761114 9 343957638 811192 4424988 4041753 2261790112 293913012 47 2671544 294713212
======================
   8      16 sdb 1761119 9 343957678 811476 4427176 4041753 2262910368 294016724 144 2672544 294835964
======================
   8      16 sdb 1761124 9 343957718 811744 4429221 4041753 2263957408 294152028 144 2673548 294953100
======================
   8      16 sdb 1761128 9 343957750 812000 4431585 4041781 2265167496 294269800 107 2674552 295073536
======================
   8      16 sdb 1761132 9 343957782 812300 4433489 4041801 2266139984 294388436 145 2675556 295193044
======================
   8      16 sdb 1761136 9 343957814 812596 4435408 4041801 2267122512 294506808 155 2676556 295310656
======================
   8      16 sdb 1761141 9 343957854 812908 4437330 4041801 2268106576 294626620 6 2677560 295426264
======================
   8      16 sdb 1761144 9 343957878 813112 4439254 4041801 2269091664 294745108 123 2678564 295549884
======================
   8      16 sdb 1761148 9 343957910 813416 4441174 4041823 2270074376 294864308 133 2679568 295669672
======================
   8      16 sdb 1761152 9 343957942 813708 4443099 4041840 2271059112 294984120 144 2680572 295789612
======================
   8      16 sdb 1761156 9 343957974 813964 4444998 4041840 2272030888 295101764 15 2681576 295903492
======================
   8      16 sdb 1761160 9 343958006 814284 4446899 4041840 2273004200 295220384 140 2682580 296026748
======================
   8      16 sdb 1761164 9 343958038 814580 4448822 4041840 2273988776 295338596 148 2683584 296145384
======================
   8      16 sdb 1761168 9 343958070 814868 4450747 4041862 2274973544 295452216 134 2684584 296258172
======================
   8      16 sdb 1761172 9 343958102 815120 4452670 4041878 2275957240 295572200 27 2685588 296375744
======================
   8      16 sdb 1761176 9 343958134 815420 4454590 4041878 2276940280 295686484 132 2686588 296493692
======================
   8      16 sdb 1761180 9 343958166 815724 4456513 4041878 2277924856 295805064 141 2687592 296612668
======================
   8      16 sdb 1761184 9 343958198 816004 4458420 4041878 2278901240 295923956 144 2688592 296730928
======================
   8      16 sdb 1761188 9 343958230 816248 4460322 4041902 2279874752 296042288 56 2689596 296848424
======================
   8      16 sdb 1761192 9 343958262 816544 4462245 4041918 2280856936 296159852 133 2690596 296968460
======================
   8      16 sdb 1761196 9 343958294 816836 4464169 4041918 2281842024 296279876 129 2691596 297088732
======================
   8      16 sdb 1761200 9 343958326 817132 4466092 4041918 2282826600 296400020 138 2692592 297207332
======================
   8      16 sdb 1761204 9 343958358 817392 4468009 4041918 2283808104 296517588 54 2693596 297324696
======================
   8      16 sdb 1761208 9 343958390 817680 4469933 4041940 2284792864 296636696 156 2694600 297446128
======================
   8      16 sdb 1761212 9 343958422 817976 4471836 4041957 2285765824 296755644 144 2695604 297565412
======================
   8      16 sdb 1761216 9 343958454 818280 4473737 4041957 2286739136 296877884 131 2696608 297684852
======================
   8      16 sdb 1761220 9 343958486 818532 4475636 4041957 2287711424 296994820 111 2697612 297804896
======================
   8      16 sdb 1761224 9 343958518 818824 4477560 4041957 2288696512 297113784 149 2698616 297924644
======================
   8      16 sdb 1761228 9 343958550 819128 4479484 4041979 2289680768 297227436 155 2699620 298038492
======================
   8      16 sdb 1761232 9 343958582 819428 4481405 4041995 2290663952 297350368 148 2700624 298157764
======================
   8      16 sdb 1761236 9 343958614 819688 4483328 4041995 2291648016 297465284 103 2701624 298276216
======================
   8      16 sdb 1761240 9 343958646 819992 4485251 4041995 2292632592 297584168 142 2702624 298395776
======================
   8      16 sdb 1761244 9 343958678 820284 4487149 4041995 2293604880 297702672 155 2703624 298514988
======================
   8      16 sdb 1761247 9 343958702 820512 4489051 4042018 2294577872 297824100 14 2704628 298632184
======================
   8      16 sdb 1761252 9 343958742 820860 4490975 4042035 2295561584 297937284 135 2705632 298749908
======================
   8      16 sdb 1761256 9 343958774 821160 4492900 4042035 2296547184 298056972 146 2706636 298869908
======================
   8      16 sdb 1761260 9 343958806 821460 4494819 4042035 2297529712 298176868 145 2707636 298989860
======================
   8      16 sdb 1761263 9 343958830 821692 4496743 4042035 2298514800 298302172 4 2708640 299110588
======================
   8      16 sdb 1761268 9 343958870 822016 4498666 4042058 2299499056 298416908 130 2709640 299230728
======================
   8      16 sdb 1761272 9 343958902 822320 4500588 4042074 2300480728 298535196 144 2710636 299349044
======================
   8      16 sdb 1761276 9 343958934 822620 4502490 4042074 2301454552 298654380 130 2711640 299467972
======================
   8      16 sdb 1761279 9 343958958 822780 4504388 4042074 2302426328 298781208 45 2712644 299593128
======================
   8      16 sdb 1761284 9 343958998 823112 4506308 4042074 2303409368 298895568 137 2713644 299710352
======================
   8      16 sdb 1761288 9 343959030 823404 4508232 4042096 2304393624 299008432 156 2714648 299823544
======================
   8      16 sdb 1761292 9 343959062 823692 4510158 4042112 2305378856 299127776 146 2715648 299942256
======================
   8      16 sdb 1761295 9 343959086 823924 4512081 4042112 2306363432 299251944 36 2716652 300064572
======================
   8      16 sdb 1761300 9 343959126 824244 4513998 4042112 2307344936 299365304 130 2717656 300181264
======================
   8      16 sdb 1761304 9 343959158 824540 4515897 4042112 2308317224 299484324 134 2718656 300300140
======================
   8      16 sdb 1761308 9 343959190 824832 4517797 4042135 2309289200 299603220 129 2719660 300416584
======================
   8      16 sdb 1761311 9 343959214 825064 4519715 4042152 2310270344 299725224 86 2720664 300540920
======================
   8      16 sdb 1761316 9 343959254 825392 4521636 4042152 2311253896 299839072 143 2721668 300656176
======================
   8      16 sdb 1761320 9 343959286 825692 4523559 4042152 2312238984 299955904 156 2722668 300773340
======================
   8      16 sdb 1761324 9 343959318 825996 4525483 4042152 2313223560 300075956 151 2723660 300890664
======================
   8      16 sdb 1761327 9 343959342 826228 4527405 4042175 2314207304 300198500 77 2724664 301015160
======================
   8      16 sdb 1761332 9 343959382 826552 4529307 4042192 2315179248 300312376 131 2725668 301130524
======================
   8      16 sdb 1761336 9 343959414 826860 4531204 4042192 2316151024 300429556 132 2726672 301248016
======================
   8      16 sdb 1761340 9 343959446 827168 4533124 4042192 2317133552 300553484 73 2727672 301366896
======================
   8      16 sdb 1761343 9 343959470 827388 4534866 4042192 2318025456 300658592 152 2728676 301491604
======================
   8      16 sdb 1761348 9 343959510 827656 4536970 4042214 2319101872 300786248 143 2729680 301605344
======================
   8      16 sdb 1761352 9 343959542 827940 4538892 4042229 2320084544 300904132 129 2730680 301723396
======================
   8      16 sdb 1761356 9 343959574 828240 4540815 4042229 2321069120 301028036 128 2731680 301842976
======================
   8      16 sdb 1761359 9 343959598 828464 4542713 4042229 2322041408 301147304 138 2732676 301966980
======================
   8      16 sdb 1761364 9 343959638 828796 4544609 4042229 2323012160 301261468 145 2733680 302081696
======================
   8      16 sdb 1761368 9 343959670 829088 4546530 4042252 2323994376 301377088 146 2734684 302196700
======================
   8      16 sdb 1761371 9 343959694 829300 4548455 4042269 2324979104 301500020 32 2735684 302317596
======================
   8      16 sdb 1761375 9 343959726 829596 4550379 4042269 2325964192 301618664 135 2736688 302439836
======================
   8      16 sdb 1761380 9 343959766 829924 4552297 4042269 2326946208 301730420 151 2737684 302551348
======================
   8      16 sdb 1761384 9 343959798 830220 4554220 4042269 2327930784 301849868 132 2738684 302670628
======================
   8      16 sdb 1761387 9 343959822 830324 4556121 4042292 2328903272 301975360 48 2739688 302794624
======================
   8      16 sdb 1761391 9 343959854 830636 4558023 4042308 2329875712 302093888 143 2740692 302915816
======================
   8      16 sdb 1761396 9 343959894 830956 4559941 4042308 2330857728 302206140 133 2741696 303028352
======================
   8      16 sdb 1761400 9 343959926 831248 4561863 4042308 2331841792 302326840 144 2742696 303146940
======================
   8      16 sdb 1761403 9 343959950 831472 4563786 4042308 2332826368 302449348 66 2743696 303270484
======================
   8      16 sdb 1761407 9 343959982 831692 4565709 4042331 2333810624 302554636 145 2744696 303377608
======================
   8      16 sdb 1761412 9 343960022 831732 4567631 4042331 2334794688 302696556 131 2745700 303519636
======================
   8      16 sdb 1761416 9 343960054 831760 4569529 4042331 2335766464 302838464 149 2746704 303661784
======================
   8      16 sdb 1761420 9 343960086 831812 4571426 4042331 2336737728 302981000 138 2747708 303804440
======================
   8      16 sdb 1761423 9 343960110 831864 4573349 4042331 2337722304 303122856 135 2748708 303945740
======================
   8      16 sdb 1761428 9 343960150 832000 4575268 4042331 2338704832 303258740 142 2749712 304081792
======================
   8      16 sdb 1761432 9 343960182 832112 4577191 4042331 2339689408 303397036 135 2750716 304220288
======================
   8      16 sdb 1761435 9 343960206 832212 4579115 4042331 2340674496 303535048 66 2751720 304357008
======================
   8      16 sdb 1761439 9 343960238 832364 4581038 4042331 2341659072 303669720 138 2752724 304493428
======================
   8      16 sdb 1761444 9 343960278 832596 4582936 4042370 2342630152 303796372 141 2753724 304619904
======================
   8      16 sdb 1761448 9 343960310 832792 4584841 4042387 2343604640 303928524 137 2754728 304750676
======================
   8      16 sdb 1761451 9 343960334 832952 4586757 4042387 2344585632 304058432 108 2755732 304882260
======================
   8      16 sdb 1761455 9 343960366 833180 4588687 4042387 2345574304 304186416 138 2756736 305011020
======================
   8      16 sdb 1761460 9 343960406 833472 4590610 4042387 2346557864 304304000 153 2757740 305128856
======================
   8      16 sdb 1761464 9 343960438 833704 4592540 4042439 2347542912 304424176 128 2758740 305246272
======================
   8      16 sdb 1761467 9 343960462 833920 4594463 4042455 2348526608 304544668 92 2759736 305369016
======================
   8      16 sdb 1761471 9 343960494 834232 4596363 4042455 2349499408 304662544 156 2760740 305487704
======================
   8      16 sdb 1761476 9 343960534 834576 4598257 4042455 2350469136 304775876 136 2761744 305601004
======================
   8      16 sdb 1761479 9 343960558 834792 4600180 4042455 2351453712 304899528 7 2762748 305720820
======================
   8      16 sdb 1761483 9 343960590 835092 4602104 4042478 2352437976 305012140 133 2763752 305838648
======================
   8      16 sdb 1761487 9 343960622 835388 4604027 4042495 2353421680 305130064 143 2764748 305956536
======================
   8      16 sdb 1761492 9 343960662 835708 4605947 4042495 2354404720 305243580 132 2765752 306070028
======================
   8      16 sdb 1761496 9 343960694 835956 4607869 4042495 2355389296 305369504 142 2766752 306197040
======================
   8      16 sdb 1761499 9 343960718 835964 4609768 4042495 2356361072 305510400 128 2767752 306338340
======================
   8      16 sdb 1761503 9 343960750 836000 4611686 4042518 2357342768 305653384 137 2768756 306480488
======================
   8      16 sdb 1761508 9 343960790 836100 4613584 4042518 2358314544 305793320 147 2769760 306620744
======================
   8      16 sdb 1761512 9 343960822 836184 4615508 4042518 2359299632 305933756 155 2770764 306761164
======================
   8      16 sdb 1761515 9 343960846 836268 4617430 4042518 2360283696 306072780 155 2771764 306899980
======================
   8      16 sdb 1761519 9 343960878 836384 4619350 4042518 2361266736 306209776 142 2772768 307037352
======================
   8      16 sdb 1761524 9 343960918 836588 4621272 4042518 2362250800 306339216 149 2773772 307166780
======================
   8      16 sdb 1761528 9 343960950 836756 4623193 4042518 2363234352 306474728 102 2774776 307300108
======================
   8      16 sdb 1761531 9 343960974 836896 4625088 4042518 2364204592 306606616 152 2775780 307435036
======================
   8      16 sdb 1761535 9 343961006 837104 4626987 4042518 2365176880 306736296 148 2776780 307564256
======================
   8      16 sdb 1761540 9 343961046 837384 4628912 4042558 2366161288 306862064 140 2777784 307686836
======================
   8      16 sdb 1761543 9 343961070 837604 4630831 4042558 2367143816 306983364 84 2778788 307811328
======================
   8      16 sdb 1761547 9 343961102 837896 4632755 4042558 2368128904 307101272 153 2779788 307930376
======================
   8      16 sdb 1761551 9 343961134 838188 4634678 4042558 2369113480 307219468 148 2780788 308049036
======================
   8      16 sdb 1761556 9 343961174 838528 4636600 4042558 2370097544 307337536 133 2781792 308164028
======================
   8      16 sdb 1761559 9 343961198 838856 4638500 4042580 2371069512 307448896 97 2782796 308278408
======================
   8      16 sdb 1761563 9 343961230 839148 4640401 4042580 2372042824 307566472 147 2783800 308396920
======================
   8      16 sdb 1761567 9 343961262 839436 4642301 4042580 2373015624 307684552 146 2784804 308515068
======================
   8      16 sdb 1761571 9 343961294 839688 4644222 4042580 2373999176 307805168 7 2785808 308631184
======================
   8      16 sdb 1761575 9 343961326 839980 4646145 4042580 2374983752 307921140 132 2786812 308752408
======================
   8      16 sdb 1761579 9 343961358 840408 4648069 4042603 2375968528 308014940 139 2787808 308846288
======================
   8      16 sdb 1761581 9 343961374 840560 4649303 4042699 2376592008 308094660 0 2788444 308921012
======================
   8      16 sdb 1761581 9 343961374 840560 4649303 4042699 2376592008 308094660 0 2788444 308921012
======================
   8      16 sdb 1761581 9 343961374 840560 4649303 4042699 2376592008 308094660 0 2788444 308921012
======================
   8      16 sdb 1761581 9 343961374 840560 4649303 4042699 2376592008 308094660 0 2788444 308921012
======================
   8      16 sdb 1761581 9 343961374 840560 4649303 4042699 2376592008 308094660 0 2788444 308921012
======================
   8      16 sdb 1761581 9 343961374 840560 4649303 4042699 2376592008 308094660 0 2788444 308921012
started
======================
   8      16 sdb 1761708 9 343962384 840684 4649322 4042699 2376592080 308094660 0 2788448 308921136
======================
   8      16 sdb 1761777 9 343978808 840716 4649322 4042699 2376592080 308094660 1 2788480 308921168
======================
   8      16 sdb 1763408 9 344396344 841372 4649322 4042699 2376592080 308094660 0 2789136 308921824
======================
   8      16 sdb 1764853 9 344766264 841952 4649322 4042699 2376592080 308094660 1 2789720 308922408
======================
   8      16 sdb 1766237 9 345120568 842576 4649322 4042699 2376592080 308094660 0 2790340 308923028
======================
   8      16 sdb 1767697 9 345494328 843152 4649322 4042699 2376592080 308094660 0 2790916 308923604
======================
   8      16 sdb 1769102 9 345854008 843768 4649322 4042699 2376592080 308094660 1 2791532 308924220
======================
   8      16 sdb 1770555 9 346225976 844392 4649325 4042700 2376592112 308094660 0 2792156 308924844
======================
   8      16 sdb 1771953 9 346583864 844984 4649325 4042700 2376592112 308094660 0 2792748 308925436
======================
   8      16 sdb 1773340 9 346938936 845544 4649325 4042700 2376592112 308094660 0 2793308 308925996
======================
   8      16 sdb 1774703 9 347287864 846148 4649325 4042700 2376592112 308094660 0 2793912 308926600
======================
   8      16 sdb 1776068 9 347637304 846728 4649325 4042700 2376592112 308094660 0 2794492 308927180
======================
   8      16 sdb 1777536 9 348013112 847292 4649325 4042700 2376592112 308094660 1 2795052 308927740
======================
   8      16 sdb 1779228 9 348446264 847928 4649325 4042700 2376592112 308094660 1 2795688 308928376
======================
   8      16 sdb 1780756 9 348837432 848524 4649325 4042700 2376592112 308094660 1 2796276 308928964
======================
   8      16 sdb 1782219 9 349211960 849100 4649325 4042700 2376592112 308094660 0 2796852 308929540
======================
   8      16 sdb 1783651 9 349578552 849624 4649325 4042700 2376592112 308094660 1 2797376 308930064
======================
   8      16 sdb 1785039 9 349933880 850148 4649325 4042700 2376592112 308094660 0 2797900 308930588
======================
   8      16 sdb 1786395 9 350281016 850696 4649325 4042700 2376592112 308094660 0 2798448 308931136
======================
   8      16 sdb 1787853 9 350654264 851228 4649325 4042700 2376592112 308094660 1 2798980 308931668
======================
   8      16 sdb 1789311 9 351027512 851796 4649325 4042700 2376592112 308094660 0 2799540 308932228
======================
   8      16 sdb 1790761 9 351398712 852324 4649325 4042700 2376592112 308094660 1 2800068 308932756
======================
   8      16 sdb 1792208 9 351769144 852864 4649325 4042700 2376592112 308094660 1 2800608 308933296
======================
   8      16 sdb 1793680 9 352145976 853464 4649325 4042700 2376592112 308094660 0 2801208 308933896
======================
   8      16 sdb 1795259 9 352550200 854080 4649325 4042700 2376592112 308094660 0 2801824 308934512
======================
   8      16 sdb 1796684 9 352915000 854680 4649325 4042700 2376592112 308094660 0 2802416 308935104
======================
   8      16 sdb 1798139 9 353287480 855264 4649325 4042700 2376592112 308094660 1 2803000 308935688
======================
   8      16 sdb 1799590 9 353658936 855784 4649325 4042700 2376592112 308094660 0 2803520 308936208
======================
   8      16 sdb 1801039 9 354029880 856340 4649325 4042700 2376592112 308094660 0 2804076 308936764
======================
   8      16 sdb 1802489 9 354401080 856888 4649325 4042700 2376592112 308094660 0 2804624 308937312
======================
   8      16 sdb 1803945 9 354773816 857448 4649325 4042700 2376592112 308094660 1 2805184 308937872
======================
   8      16 sdb 1805374 9 355139640 857944 4649325 4042700 2376592112 308094660 1 2805680 308938368
======================
   8      16 sdb 1806782 9 355500088 858476 4649325 4042700 2376592112 308094660 1 2806212 308938900
======================
   8      16 sdb 1808202 9 355863608 859020 4649325 4042700 2376592112 308094660 0 2806756 308939444
======================
   8      16 sdb 1809638 9 356231224 859568 4649325 4042700 2376592112 308094660 1 2807304 308939992
======================
   8      16 sdb 1811025 9 356586296 860076 4649325 4042700 2376592112 308094660 0 2807812 308940500
======================
   8      16 sdb 1812467 9 356955448 860640 4649325 4042700 2376592112 308094660 0 2808372 308941060
======================
   8      16 sdb 1813849 9 357309240 861176 4649325 4042700 2376592112 308094660 0 2808908 308941596
======================
   8      16 sdb 1815294 9 357679160 861696 4649326 4042700 2376592120 308094736 0 2809464 308942188
======================
   8      16 sdb 1816711 9 358041912 862268 4649326 4042700 2376592120 308094736 0 2810036 308942760
======================
   8      16 sdb 1818142 9 358408248 862824 4649326 4042700 2376592120 308094736 0 2810592 308943316
======================
   8      16 sdb 1819581 9 358776632 863352 4649326 4042700 2376592120 308094736 0 2811120 308943844
======================
   8      16 sdb 1821028 9 359147064 863944 4649326 4042700 2376592120 308094736 1 2811712 308944436
======================
   8      16 sdb 1822475 9 359517496 864504 4649326 4042700 2376592120 308094736 1 2812272 308944996
======================
   8      16 sdb 1823917 9 359886648 865068 4649326 4042700 2376592120 308094736 1 2812836 308945560
======================
   8      16 sdb 1825344 9 360251960 865632 4649326 4042700 2376592120 308094736 1 2813400 308946124
======================
   8      16 sdb 1826694 9 360597560 866136 4649326 4042700 2376592120 308094736 1 2813904 308946628
======================
   8      16 sdb 1828113 9 360960824 866712 4649326 4042700 2376592120 308094736 1 2814480 308947204
======================
   8      16 sdb 1829535 9 361324856 867252 4649326 4042700 2376592120 308094736 1 2815020 308947744
======================
   8      16 sdb 1830960 9 361689656 867776 4649326 4042700 2376592120 308094736 0 2815544 308948268
======================
   8      16 sdb 1832398 9 362057784 868312 4649326 4042700 2376592120 308094736 0 2816076 308948800
======================
   8      16 sdb 1833840 9 362426936 868896 4649326 4042700 2376592120 308094736 0 2816660 308949384
======================
   8      16 sdb 1835255 9 362789176 869420 4649326 4042700 2376592120 308094736 0 2817184 308949908
======================
   8      16 sdb 1836587 9 363130168 869940 4649326 4042700 2376592120 308094736 0 2817704 308950428
======================
   8      16 sdb 1837943 9 363477304 870468 4649326 4042700 2376592120 308094736 1 2818228 308950952
======================
   8      16 sdb 1839295 9 363823416 870996 4649326 4042700 2376592120 308094736 1 2818756 308951480
======================
   8      16 sdb 1840660 9 364172856 871508 4649326 4042700 2376592120 308094736 0 2819268 308951992
======================
   8      16 sdb 1842046 9 364527672 872036 4649326 4042700 2376592120 308094736 0 2819792 308952516
======================
   8      16 sdb 1843434 9 364883000 872556 4649326 4042700 2376592120 308094736 1 2820312 308953036
======================
   8      16 sdb 1844817 9 365237048 873124 4649326 4042700 2376592120 308094736 1 2820876 308953600
======================
   8      16 sdb 1846156 9 365579832 873664 4649326 4042700 2376592120 308094736 0 2821416 308954140
======================
   8      16 sdb 1847557 9 365938488 874208 4649326 4042700 2376592120 308094736 1 2821964 308954688
======================
   8      16 sdb 1848651 9 366218552 874616 4649326 4042700 2376592120 308094736 0 2822368 308955092
