======================
   8      32 sdc 508605 7568 144778970 11113584 5173340 154301339 2634042312 1495206200 1 10165804 1506823736
======================
   8      32 sdc 508606 7568 144778978 11113608 5173340 154301339 2634042312 1495206200 0 10165808 1506823740
======================
   8      32 sdc 508608 7568 144778994 11113640 5173340 154301339 2634042312 1495206200 0 10165840 1506823772
======================
   8      32 sdc 508608 7568 144778994 11113640 5173340 154301339 2634042312 1495206200 0 10165840 1506823772
======================
   8      32 sdc 508609 7568 144779002 11113660 5175945 154301339 2635376072 1495218180 138 10166164 1506844184
======================
   8      32 sdc 508609 7568 144779002 11113660 5176708 154301339 2635766728 1495353348 143 10167164 1506987188
======================
   8      32 sdc 508609 7568 144779002 11113660 5177283 154301339 2636061128 1495491760 144 10168328 1507147152
======================
   8      32 sdc 508609 7568 144779002 11113660 5177582 154301339 2636214216 1495576696 134 10169332 1507286388
======================
   8      32 sdc 508609 7568 144779002 11113660 5178054 154301360 2636455040 1495689328 143 10170332 1507429944
======================
   8      32 sdc 508609 7568 144779002 11113660 5178054 154301360 2636455040 1495689328 143 10171336 1507573516
======================
   8      32 sdc 508609 7568 144779002 11113660 5178544 154301360 2636705920 1496062324 133 10172344 1507717480
======================
   8      32 sdc 508609 7568 144779002 11113660 5179200 154301360 2637041792 1496206208 149 10173344 1507860316
======================
   8      32 sdc 508609 7568 144779002 11113660 5180574 154301360 2637745280 1496356820 151 10174348 1508002596
======================
   8      32 sdc 508610 7568 144779010 11113728 5181649 154301360 2638295680 1496491600 150 10175352 1508142896
======================
   8      32 sdc 508610 7568 144779010 11113728 5182366 154301360 2638662784 1496631808 137 10176356 1508286616
======================
   8      32 sdc 508610 7568 144779010 11113728 5183008 154301360 2638991488 1496776100 135 10177360 1508429852
======================
   8      32 sdc 508610 7568 144779010 11113728 5183658 154301360 2639324288 1496919724 157 10178368 1508573792
======================
   8      32 sdc 508610 7568 144779010 11113728 5184310 154301360 2639658112 1497063108 145 10179376 1508718164
======================
   8      32 sdc 508610 7568 144779010 11113728 5184947 154301360 2639984256 1497210464 148 10180380 1508862232
======================
   8      32 sdc 508610 7568 144779010 11113728 5185595 154301360 2640316032 1497356564 140 10181380 1509007208
======================
   8      32 sdc 508610 7568 144779010 11113728 5186291 154301360 2640672384 1497495856 148 10182384 1509150792
======================
   8      32 sdc 508610 7568 144779010 11113728 5186915 154301360 2640991872 1497639428 132 10183388 1509294564
======================
   8      32 sdc 508610 7568 144779010 11113728 5187529 154301360 2641306240 1497782704 159 10184392 1509437368
======================
   8      32 sdc 508610 7568 144779010 11113728 5188204 154301360 2641651840 1497926824 155 10185392 1509580436
======================
   8      32 sdc 508611 7568 144779018 11113984 5188823 154301395 2641964008 1498054016 136 10186396 1509705036
======================
   8      32 sdc 508611 7568 144779018 11113984 5189549 154301395 2642335720 1498194396 146 10187400 1509848268
======================
   8      32 sdc 508611 7568 144779018 11113984 5190173 154301395 2642655208 1498336492 130 10188404 1509991488
======================
   8      32 sdc 508611 7568 144779018 11113984 5190806 154301395 2642979304 1498480784 137 10189412 1510135264
======================
   8      32 sdc 508611 7568 144779018 11113984 5191464 154301395 2643316200 1498623728 151 10190412 1510278288
======================
   8      32 sdc 508611 7568 144779018 11113984 5191899 154301395 2643538920 1498720832 132 10191416 1510418076
======================
   8      32 sdc 508611 7568 144779018 11113984 5192714 154301395 2643956200 1498898416 149 10192420 1510560648
======================
   8      32 sdc 508611 7568 144779018 11113984 5193416 154301395 2644315624 1499052040 151 10193424 1510704128
======================
   8      32 sdc 508611 7568 144779018 11113984 5193875 154301395 2644550632 1499149748 140 10194428 1510846616
======================
   8      32 sdc 508611 7568 144779018 11113984 5194707 154301395 2644976616 1499334116 140 10195432 1510989384
======================
   8      32 sdc 508611 7568 144779018 11113984 5195349 154301395 2645305320 1499477276 138 10196432 1511132040
======================
   8      32 sdc 508611 7568 144779018 11113984 5195987 154301395 2645631976 1499619836 140 10197440 1511275668
======================
   8      32 sdc 508612 7568 144779026 11114204 5196632 154301395 2645962216 1499747548 155 10198444 1511401680
======================
   8      32 sdc 508612 7568 144779026 11114204 5197197 154301395 2646251496 1499872796 134 10199448 1511546364
======================
   8      32 sdc 508612 7568 144779026 11114204 5197922 154301395 2646622696 1500034480 145 10200452 1511689912
======================
   8      32 sdc 508612 7568 144779026 11114204 5198523 154301395 2646930408 1500178888 152 10201452 1511833080
======================
   8      32 sdc 508612 7568 144779026 11114204 5199082 154301395 2647216616 1500321572 137 10202456 1511977200
======================
   8      32 sdc 508612 7568 144779026 11114204 5199706 154301395 2647536104 1500465076 153 10203460 1512120712
======================
   8      32 sdc 508612 7568 144779026 11114204 5200350 154301395 2647865832 1500609592 149 10204460 1512263824
======================
   8      32 sdc 508612 7568 144779026 11114204 5200936 154301395 2648165864 1500743488 139 10205464 1512407512
======================
   8      32 sdc 508612 7568 144779026 11114204 5201696 154301395 2648554984 1500898100 147 10206468 1512551388
======================
   8      32 sdc 508612 7568 144779026 11114204 5202362 154301395 2648895976 1501039080 153 10207468 1512693756
======================
   8      32 sdc 508612 7568 144779026 11114204 5202987 154301395 2649215976 1501181872 136 10208472 1512837420
======================
   8      32 sdc 508612 7568 144779026 11114204 5203621 154301395 2649540584 1501326500 142 10209476 1512980944
======================
   8      32 sdc 508613 7568 144779034 11114424 5204232 154301395 2649853416 1501459632 130 10210476 1513110812
======================
   8      32 sdc 508613 7568 144779034 11114424 5204768 154301395 2650127848 1501562156 138 10211480 1513253316
======================
   8      32 sdc 508613 7568 144779034 11114424 5205509 154301395 2650507240 1501734908 133 10212484 1513396972
======================
   8      32 sdc 508613 7568 144779034 11114424 5206225 154301395 2650873832 1501885080 153 10213484 1513539700
======================
   8      32 sdc 508613 7568 144779034 11114424 5206855 154301395 2651196392 1502027860 131 10214488 1513683012
======================
   8      32 sdc 508613 7568 144779034 11114424 5207498 154301395 2651525608 1502171624 128 10215496 1513827036
======================
   8      32 sdc 508613 7568 144779034 11114424 5208142 154301395 2651855336 1502315548 156 10216500 1513970776
======================
   8      32 sdc 508613 7568 144779034 11114424 5208693 154301395 2652137448 1502448260 149 10217504 1514115216
======================
   8      32 sdc 508613 7568 144779034 11114424 5209408 154301395 2652503528 1502594956 138 10218508 1514258572
======================
   8      32 sdc 508613 7568 144779034 11114424 5210107 154301395 2652861416 1502747140 143 10219512 1514401596
======================
   8      32 sdc 508613 7568 144779034 11114424 5210749 154301395 2653190120 1502889384 141 10220516 1514545252
======================
   8      32 sdc 508613 7568 144779034 11114424 5211402 154301395 2653524456 1503033996 95 10221520 1514687008
======================
   8      32 sdc 508614 7568 144779042 11114640 5212056 154301395 2653859304 1503165388 146 10222520 1514819664
======================
   8      32 sdc 508614 7568 144779042 11114640 5212689 154301395 2654183400 1503307320 153 10223528 1514963792
======================
   8      32 sdc 508614 7568 144779042 11114640 5213330 154301395 2654511592 1503452244 152 10224532 1515107748
======================
   8      32 sdc 508614 7568 144779042 11114640 5213962 154301395 2654835176 1503586700 128 10225532 1515249804
======================
   8      32 sdc 508614 7568 144779042 11114640 5214272 154301395 2654993896 1503683248 138 10226536 1515389096
======================
   8      32 sdc 508614 7568 144779042 11114640 5215165 154301395 2655451112 1503875044 141 10227540 1515531768
======================
   8      32 sdc 508614 7568 144779042 11114640 5215788 154301395 2655770088 1504018596 158 10228540 1515674880
======================
   8      32 sdc 508614 7568 144779042 11114640 5216449 154301395 2656108520 1504163380 137 10229544 1515818708
======================
   8      32 sdc 508614 7568 144779042 11114640 5217069 154301395 2656425960 1504311352 157 10230548 1515964256
======================
   8      32 sdc 508614 7568 144779042 11114640 5217766 154301395 2656782824 1504451556 132 10231552 1516107924
======================
   8      32 sdc 508614 7568 144779042 11114640 5218409 154301395 2657112040 1504595768 129 10232552 1516250868
======================
   8      32 sdc 508614 7568 144779042 11114640 5219073 154301395 2657452008 1504739256 72 10233556 1516390980
======================
   8      32 sdc 508615 7568 144779050 11114864 5219699 154301395 2657772520 1504868768 154 10234560 1516525212
======================
   8      32 sdc 508615 7568 144779050 11114864 5220251 154301395 2658055144 1504995368 146 10235560 1516667436
======================
   8      32 sdc 508615 7568 144779050 11114864 5220956 154301395 2658416104 1505158496 145 10236564 1516811708
======================
   8      32 sdc 508615 7568 144779050 11114864 5221610 154301395 2658750952 1505297108 131 10237568 1516954924
======================
   8      32 sdc 508615 7568 144779050 11114864 5222118 154301395 2659011048 1505437160 135 10238568 1517095452
======================
   8      32 sdc 508615 7568 144779050 11114864 5222775 154301395 2659347432 1505581828 150 10239572 1517238132
======================
   8      32 sdc 508615 7568 144779050 11114864 5223419 154301395 2659677160 1505725640 146 10240576 1517381752
======================
   8      32 sdc 508615 7568 144779050 11114864 5224089 154301395 2660020200 1505868248 148 10241580 1517525404
======================
   8      32 sdc 508615 7568 144779050 11114864 5224747 154301395 2660357096 1506012128 130 10242580 1517668504
======================
   8      32 sdc 508615 7568 144779050 11114864 5225371 154301395 2660676584 1506155420 146 10243584 1517812216
======================
   8      32 sdc 508615 7568 144779050 11114864 5225959 154301395 2660977640 1506304172 134 10244588 1517957452
======================
   8      32 sdc 508615 7568 144779050 11114864 5226696 154301395 2661354984 1506445216 129 10245592 1518100784
======================
   8      32 sdc 508616 7568 144779058 11115088 5227350 154301395 2661689832 1506574976 155 10246596 1518230900
======================
   8      32 sdc 508616 7568 144779058 11115088 5228019 154301395 2662032360 1506717572 158 10247600 1518374424
======================
   8      32 sdc 508616 7568 144779058 11115088 5228644 154301395 2662352360 1506860776 141 10248604 1518518172
======================
   8      32 sdc 508616 7568 144779058 11115088 5229207 154301395 2662640616 1507006708 154 10249604 1518661824
======================
   8      32 sdc 508616 7568 144779058 11115088 5229761 154301395 2662924264 1507146608 144 10250608 1518804696
======================
   8      32 sdc 508616 7568 144779058 11115088 5230450 154301395 2663277032 1507291940 134 10251612 1518948100
======================
   8      32 sdc 508616 7568 144779058 11115088 5231099 154301395 2663609320 1507436244 150 10252616 1519091728
======================
   8      32 sdc 508616 7568 144779058 11115088 5231764 154301395 2663949800 1507579564 157 10253620 1519235400
======================
   8      32 sdc 508616 7568 144779058 11115088 5232416 154301395 2664283624 1507722452 145 10254624 1519379184
======================
   8      32 sdc 508616 7568 144779058 11115088 5233050 154301395 2664608232 1507864416 151 10255628 1519522980
======================
   8      32 sdc 508616 7568 144779058 11115088 5233701 154301395 2664941544 1508017324 140 10256632 1519672684
======================
   8      32 sdc 508616 7568 144779058 11115088 5234296 154301395 2665246184 1508153552 153 10257636 1519816332
======================
   8      32 sdc 508617 7568 144779066 11115280 5234743 154301395 2665475048 1508238724 130 10258636 1519941520
======================
   8      32 sdc 508617 7568 144779066 11115280 5235610 154301395 2665918952 1508429912 134 10259640 1520083260
======================
   8      32 sdc 508617 7568 144779066 11115280 5236264 154301395 2666253800 1508573516 145 10260644 1520227484
======================
   8      32 sdc 508617 7568 144779066 11115280 5236928 154301395 2666593768 1508714588 153 10261644 1520370496
======================
   8      32 sdc 508617 7568 144779066 11115280 5237575 154301395 2666925032 1508856892 146 10262648 1520514268
======================
   8      32 sdc 508617 7568 144779066 11115280 5238200 154301395 2667245032 1509000432 129 10263652 1520657484
======================
   8      32 sdc 508617 7568 144779066 11115280 5238849 154301395 2667577320 1509145044 152 10264656 1520800748
======================
   8      32 sdc 508617 7568 144779066 11115280 5239311 154301395 2667813864 1509243008 138 10265664 1520943276
======================
   8      32 sdc 508617 7568 144779066 11115280 5240204 154301395 2668271080 1509429680 141 10266668 1521085620
======================
   8      32 sdc 508617 7568 144779066 11115280 5240869 154301395 2668611560 1509572220 148 10267672 1521229068
======================
   8      32 sdc 508617 7568 144779066 11115280 5241493 154301395 2668931048 1509715484 132 10268676 1521372548
======================
   8      32 sdc 508617 7568 144779066 11115280 5242120 154301395 2669252072 1509856760 33 10269676 1521504308
======================
   8      32 sdc 508618 7568 144779074 11115720 5242783 154301395 2669591528 1509963204 152 10270680 1521618800
======================
   8      32 sdc 508618 7568 144779074 11115720 5243438 154301395 2669926888 1510105188 137 10271684 1521762208
======================
   8      32 sdc 508618 7568 144779074 11115720 5243883 154301395 2670154728 1510204396 140 10272692 1521905228
======================
   8      32 sdc 508618 7568 144779074 11115720 5244708 154301395 2670577128 1510395464 147 10273700 1522048752
======================
   8      32 sdc 508618 7568 144779074 11115720 5245347 154301395 2670904296 1510536748 148 10274708 1522191436
======================
   8      32 sdc 508618 7568 144779074 11115720 5245977 154301395 2671226856 1510681372 158 10275716 1522335200
======================
   8      32 sdc 508618 7568 144779074 11115720 5246648 154301395 2671570408 1510816036 159 10276720 1522478916
======================
   8      32 sdc 508618 7568 144779074 11115720 5247320 154301395 2671914472 1510967112 144 10277724 1522623380
======================
   8      32 sdc 508618 7568 144779074 11115720 5247985 154301395 2672254952 1511110192 134 10278728 1522766524
======================
   8      32 sdc 508618 7568 144779074 11115720 5248639 154301395 2672590312 1511252648 152 10279732 1522909764
======================
   8      32 sdc 508618 7568 144779074 11115720 5249281 154301395 2672918504 1511395904 150 10280736 1523053096
======================
   8      32 sdc 508619 7568 144779082 11115936 5249923 154301395 2673247208 1511525524 148 10281740 1523181344
======================
   8      32 sdc 508619 7568 144779082 11115936 5250895 154301395 2673744872 1511730224 136 10283224 1523384816
======================
   8      32 sdc 508619 7568 144779082 11115936 5251543 154301395 2674076648 1511874392 128 10284284 1523535768
======================
   8      32 sdc 508619 7568 144779082 11115936 5252217 154301395 2674421736 1512020468 158 10285300 1523678752
======================
   8      32 sdc 508619 7568 144779082 11115936 5252888 154301395 2674765288 1512168584 144 10286312 1523825128
======================
   8      32 sdc 508619 7568 144779082 11115936 5253557 154301395 2675107816 1512311456 130 10287316 1523968520
======================
   8      32 sdc 508619 7568 144779082 11115936 5254147 154301395 2675409896 1512446720 148 10288324 1524112900
======================
   8      32 sdc 508619 7568 144779082 11115936 5254820 154301395 2675754472 1512601160 147 10289332 1524258200
======================
   8      32 sdc 508619 7568 144779082 11115936 5255496 154301395 2676100584 1512744156 143 10290336 1524401188
======================
   8      32 sdc 508619 7568 144779082 11115936 5256157 154301395 2676439016 1512886532 154 10291340 1524544284
======================
   8      32 sdc 508619 7568 144779082 11115936 5256799 154301395 2676767720 1513029740 152 10292344 1524687640
======================
   8      32 sdc 508619 7568 144779082 11115936 5257449 154301395 2677100520 1513173180 64 10293344 1524825548
======================
   8      32 sdc 508619 7568 144779082 11115936 5257485 154301395 2677118952 1513180908 28 10294348 1524854664
======================
   8      32 sdc 508620 7568 144779090 11117580 5258725 154301395 2677753832 1513277864 135 10295348 1524937016
======================
   8      32 sdc 508620 7568 144779090 11117580 5259366 154301395 2678082024 1513421080 134 10296352 1525080544
======================
   8      32 sdc 508620 7568 144779090 11117580 5259978 154301395 2678395368 1513558100 130 10297356 1525223540
======================
   8      32 sdc 508620 7568 144779090 11117580 5260520 154301395 2678672872 1513706208 132 10298360 1525364920
======================
   8      32 sdc 508620 7568 144779090 11117580 5261187 154301395 2679014376 1513850384 137 10299368 1525509192
======================
   8      32 sdc 508620 7568 144779090 11117580 5261809 154301395 2679332840 1514015204 155 10300376 1525664648
======================
   8      32 sdc 508620 7568 144779090 11117580 5262481 154301395 2679676904 1514149248 155 10301380 1525807956
======================
   8      32 sdc 508620 7568 144779090 11117580 5263158 154301395 2680023528 1514292956 150 10302384 1525951628
======================
   8      32 sdc 508620 7568 144779090 11117580 5263807 154301395 2680355816 1514435592 141 10303388 1526095416
======================
   8      32 sdc 508620 7568 144779090 11117580 5264432 154301395 2680675816 1514579352 156 10304396 1526239384
======================
   8      32 sdc 508620 7568 144779090 11117580 5265091 154301395 2681013224 1514723788 102 10305396 1526381256
======================
   8      32 sdc 508621 7568 144779098 11117784 5265744 154301395 2681347560 1514858116 145 10306400 1526516256
======================
   8      32 sdc 508621 7568 144779098 11117784 5266363 154301395 2681664488 1514991192 134 10307404 1526659328
======================
   8      32 sdc 508621 7568 144779098 11117784 5267027 154301395 2682004456 1515132388 142 10308404 1526801976
======================
   8      32 sdc 508621 7568 144779098 11117784 5267658 154301395 2682327528 1515278548 151 10309408 1526945732
======================
   8      32 sdc 508621 7568 144779098 11117784 5268200 154301395 2682605032 1515432888 153 10310412 1527093408
======================
   8      32 sdc 508621 7568 144779098 11117784 5268885 154301395 2682955752 1515576924 140 10311412 1527236400
======================
   8      32 sdc 508621 7568 144779098 11117784 5269526 154301395 2683283944 1515720112 139 10312416 1527379920
======================
   8      32 sdc 508621 7568 144779098 11117784 5270179 154301395 2683618280 1515864120 158 10313424 1527523912
======================
   8      32 sdc 508621 7568 144779098 11117784 5270841 154301395 2683957224 1516009032 136 10314424 1527668384
======================
   8      32 sdc 508621 7568 144779098 11117784 5271491 154301395 2684290024 1516151256 158 10315428 1527810736
======================
   8      32 sdc 508621 7568 144779098 11117784 5272132 154301395 2684618216 1516294980 157 10316432 1527955212
======================
   8      32 sdc 508621 7568 144779098 11117784 5272773 154301395 2684946408 1516438168 100 10317436 1528097128
======================
   8      32 sdc 508622 7568 144779106 11118020 5273397 154301395 2685265896 1516562740 145 10318436 1528222604
======================
   8      32 sdc 508622 7568 144779106 11118020 5274061 154301395 2685605864 1516706180 153 10319440 1528365860
======================
   8      32 sdc 508622 7568 144779106 11118020 5274717 154301395 2685941736 1516848504 137 10320444 1528509140
======================
   8      32 sdc 508622 7568 144779106 11118020 5275323 154301395 2686252008 1516988936 139 10321444 1528650732
======================
   8      32 sdc 508622 7568 144779106 11118020 5275877 154301395 2686535656 1517133864 129 10322448 1528793336
======================
   8      32 sdc 508622 7568 144779106 11118020 5276510 154301395 2686859752 1517277084 136 10323452 1528936900
======================
   8      32 sdc 508622 7568 144779106 11118020 5277154 154301395 2687189480 1517418668 132 10324452 1529079692
======================
   8      32 sdc 508622 7568 144779106 11118020 5277808 154301395 2687524328 1517555040 150 10325456 1529214672
======================
   8      32 sdc 508622 7568 144779106 11118020 5278484 154301395 2687870440 1517698292 146 10326460 1529358020
======================
   8      32 sdc 508622 7568 144779106 11118020 5279160 154301395 2688216552 1517841548 142 10327464 1529501260
======================
   8      32 sdc 508622 7568 144779106 11118020 5279802 154301395 2688545256 1517983980 140 10328468 1529644868
======================
   8      32 sdc 508622 7568 144779106 11118020 5280450 154301395 2688877032 1518127308 103 10329472 1529786888
======================
   8      32 sdc 508622 7568 144779106 11118020 5280541 154301395 2688923624 1518148092 12 10330476 1529805528
======================
   8      32 sdc 508623 7568 144779114 11119652 5281729 154301395 2689531880 1518209372 145 10331476 1529870432
======================
   8      32 sdc 508623 7568 144779114 11119652 5282384 154301395 2689867240 1518352012 130 10332480 1530013976
======================
   8      32 sdc 508623 7568 144779114 11119652 5283000 154301395 2690182632 1518489632 154 10333484 1530157992
======================
   8      32 sdc 508623 7568 144779114 11119652 5283530 154301395 2690453992 1518645500 136 10334484 1530304752
======================
   8      32 sdc 508623 7568 144779114 11119652 5284188 154301395 2690790888 1518786048 150 10335488 1530448304
======================
   8      32 sdc 508623 7568 144779114 11119652 5284829 154301395 2691119080 1518929492 149 10336492 1530592000
======================
   8      32 sdc 508623 7568 144779114 11119652 5285470 154301395 2691447272 1519072908 148 10337492 1530735092
======================
   8      32 sdc 508623 7568 144779114 11119652 5286111 154301395 2691775464 1519216148 147 10338496 1530878656
======================
   8      32 sdc 508623 7568 144779114 11119652 5286723 154301395 2692088808 1519362980 143 10339496 1531022324
======================
   8      32 sdc 508623 7568 144779114 11119652 5287434 154301395 2692452840 1519503496 136 10340500 1531165708
======================
   8      32 sdc 508623 7568 144779114 11119652 5288076 154301395 2692781544 1519647052 134 10341504 1531309284
======================
   8      32 sdc 508624 7568 144779122 11119864 5288711 154301395 2693106664 1519779300 153 10342508 1531440200
======================
   8      32 sdc 508624 7568 144779122 11119864 5289383 154301395 2693450728 1519922760 137 10343516 1531584072
======================
   8      32 sdc 508624 7568 144779122 11119864 5289983 154301395 2693757928 1520055152 135 10344516 1531726652
======================
   8      32 sdc 508624 7568 144779122 11119864 5290648 154301395 2694098408 1520205440 142 10345520 1531867692
======================
   8      32 sdc 508624 7568 144779122 11119864 5291171 154301395 2694366184 1520349120 131 10346520 1532009176
======================
   8      32 sdc 508624 7568 144779122 11119864 5291794 154301395 2694685160 1520480920 148 10347524 1532153068
======================
   8      32 sdc 508624 7568 144779122 11119864 5292505 154301395 2695049192 1520633672 141 10348536 1532297960
======================
   8      32 sdc 508624 7568 144779122 11119864 5293139 154301395 2695373800 1520778376 147 10349544 1532441416
======================
   8      32 sdc 508624 7568 144779122 11119864 5293773 154301395 2695698408 1520922384 153 10350544 1532583960
======================
   8      32 sdc 508624 7568 144779122 11119864 5294443 154301395 2696041448 1521064948 155 10351548 1532727320
======================
   8      32 sdc 508624 7568 144779122 11119864 5295102 154301395 2696378856 1521207744 136 10352548 1532870284
======================
   8      32 sdc 508624 7568 144779122 11119864 5295743 154301395 2696707048 1521350772 135 10353552 1533013588
======================
   8      32 sdc 508625 7568 144779130 11120100 5296349 154301395 2697017320 1521468936 139 10354556 1533136780
======================
   8      32 sdc 508625 7568 144779130 11120100 5297036 154301395 2697369064 1521617144 156 10355556 1533279424
======================
   8      32 sdc 508625 7568 144779130 11120100 5297688 154301395 2697702888 1521761836 144 10356576 1533425712
======================
   8      32 sdc 508625 7568 144779130 11120100 5298336 154301395 2698034664 1521907000 136 10357584 1533569964
======================
   8      32 sdc 508625 7568 144779130 11120100 5298825 154301395 2698285032 1522054772 143 10358592 1533717732
======================
   8      32 sdc 508625 7568 144779130 11120100 5299487 154301395 2698624488 1522198968 137 10359596 1533861520
======================
   8      32 sdc 508625 7568 144779130 11120100 5300098 154301395 2698936808 1522330900 134 10360600 1534004408
======================
   8      32 sdc 508625 7568 144779130 11120100 5300793 154301395 2699292648 1522483972 143 10361604 1534147064
======================
   8      32 sdc 508625 7568 144779130 11120100 5301437 154301395 2699622376 1522626800 139 10362608 1534290748
======================
   8      32 sdc 508625 7568 144779130 11120100 5302121 154301395 2699972584 1522771628 135 10363612 1534433728
======================
   8      32 sdc 508625 7568 144779130 11120100 5302769 154301395 2700304360 1522914368 151 10364620 1534578072
======================
   8      32 sdc 508625 7568 144779130 11120100 5303395 154301395 2700624872 1523058456 133 10365624 1534721776
======================
   8      32 sdc 508626 7568 144779138 11120340 5304036 154301395 2700953064 1523189448 138 10366632 1534852252
======================
   8      32 sdc 508626 7568 144779138 11120340 5304689 154301395 2701287400 1523328100 157 10367640 1534996648
======================
   8      32 sdc 508626 7568 144779138 11120340 5305395 154301395 2701648872 1523481860 155 10368648 1535142836
======================
   8      32 sdc 508626 7568 144779138 11120340 5306026 154301395 2701971944 1523616808 132 10369664 1535287556
======================
   8      32 sdc 508626 7568 144779138 11120340 5306542 154301395 2702236136 1523766776 128 10370672 1535429564
======================
   8      32 sdc 508626 7568 144779138 11120340 5307218 154301395 2702582248 1523910308 156 10371672 1535572440
======================
   8      32 sdc 508626 7568 144779138 11120340 5307880 154301395 2702921192 1524052880 134 10372676 1535716008
======================
   8      32 sdc 508626 7568 144779138 11120340 5308515 154301395 2703246312 1524198120 139 10373680 1535858448
======================
   8      32 sdc 508626 7568 144779138 11120340 5309171 154301395 2703582184 1524340380 155 10374684 1536003312
======================
   8      32 sdc 508626 7568 144779138 11120340 5309835 154301395 2703922152 1524483648 131 10375684 1536146128
======================
   8      32 sdc 508626 7568 144779138 11120340 5310480 154301395 2704252392 1524626364 158 10376688 1536289644
======================
   8      32 sdc 508626 7568 144779138 11120340 5311122 154301395 2704581096 1524769756 119 10377692 1536432652
======================
   8      32 sdc 508627 7568 144779146 11120572 5311742 154301395 2704898536 1524898580 146 10378692 1536562028
======================
   8      32 sdc 508627 7568 144779146 11120572 5312388 154301395 2705229288 1525042748 140 10379696 1536705740
======================
   8      32 sdc 508627 7568 144779146 11120572 5313048 154301395 2705567208 1525186588 152 10380700 1536849596
======================
   8      32 sdc 508627 7568 144779146 11120572 5313697 154301395 2705899496 1525329668 143 10381708 1536993956
======================
   8      32 sdc 508627 7568 144779146 11120572 5314199 154301395 2706156520 1525473692 153 10382724 1537136900
======================
   8      32 sdc 508627 7568 144779146 11120572 5314882 154301395 2706506216 1525618688 142 10383736 1537281908
======================
   8      32 sdc 508627 7568 144779146 11120572 5315532 154301395 2706839016 1525762864 132 10384740 1537425084
======================
   8      32 sdc 508627 7568 144779146 11120572 5316159 154301395 2707160040 1525904860 145 10385748 1537569404
======================
   8      32 sdc 508627 7568 144779146 11120572 5316770 154301395 2707472872 1526040400 142 10386752 1537712524
======================
   8      32 sdc 508627 7568 144779146 11120572 5317482 154301395 2707837416 1526192228 134 10387756 1537855416
======================
   8      32 sdc 508627 7568 144779146 11120572 5318158 154301395 2708183528 1526336000 130 10388760 1537999212
======================
   8      32 sdc 508627 7568 144779146 11120572 5318818 154301395 2708521448 1526478036 103 10389760 1538141036
======================
   8      32 sdc 508628 7568 144779154 11120808 5319349 154301395 2708793320 1526589888 157 10390764 1538272444
======================
   8      32 sdc 508628 7568 144779154 11120808 5320065 154301395 2709159912 1526755012 145 10391768 1538418712
======================
   8      32 sdc 508628 7568 144779154 11120808 5320740 154301395 2709505512 1526898228 142 10392768 1538561716
======================
   8      32 sdc 508628 7568 144779154 11120808 5321386 154301395 2709836264 1527039624 136 10393772 1538705280
======================
   8      32 sdc 508628 7568 144779154 11120808 5321884 154301395 2710091240 1527183720 150 10394776 1538844456
======================
   8      32 sdc 508628 7568 144779154 11120808 5322472 154301395 2710392296 1527306704 138 10395780 1538987424
======================
   8      32 sdc 508628 7568 144779154 11120808 5323197 154301395 2710763496 1527463752 149 10396784 1539128628
======================
   8      32 sdc 508628 7568 144779154 11120808 5323839 154301395 2711092200 1527607380 147 10397784 1539271664
======================
   8      32 sdc 508628 7568 144779154 11120808 5324481 154301395 2711420904 1527750736 145 10398788 1539415088
======================
   8      32 sdc 508628 7568 144779154 11120808 5325124 154301395 2711750120 1527894384 142 10399792 1539558636
======================
   8      32 sdc 508628 7568 144779154 11120808 5325779 154301395 2712085480 1528036264 159 10400792 1539701572
======================
   8      32 sdc 508628 7568 144779154 11120808 5326442 154301395 2712424936 1528187300 136 10401796 1539849456
======================
   8      32 sdc 508629 7568 144779162 11121040 5327007 154301395 2712714216 1528299576 153 10402796 1539977512
======================
   8      32 sdc 508629 7568 144779162 11121040 5327721 154301395 2713079784 1528464524 143 10403800 1540126872
======================
   8      32 sdc 508629 7568 144779162 11121040 5328397 154301395 2713425896 1528607556 139 10404804 1540271708
======================
   8      32 sdc 508629 7568 144779162 11121040 5329033 154301395 2713751528 1528749648 143 10405804 1540414604
======================
   8      32 sdc 508629 7568 144779162 11121040 5329540 154301395 2714011112 1528895612 148 10406808 1540557692
======================
   8      32 sdc 508629 7568 144779162 11121040 5330219 154301395 2714358760 1529037048 141 10407808 1540700688
======================
   8      32 sdc 508629 7568 144779162 11121040 5330895 154301395 2714704872 1529180752 137 10408812 1540844428
======================
   8      32 sdc 508629 7568 144779162 11121040 5331556 154301395 2715043304 1529322936 148 10409816 1540988008
======================
   8      32 sdc 508629 7568 144779162 11121040 5332181 154301395 2715363304 1529466644 131 10410820 1541131484
======================
   8      32 sdc 508629 7568 144779162 11121040 5332797 154301395 2715678696 1529606248 155 10411820 1541274900
======================
   8      32 sdc 508629 7568 144779162 11121040 5333497 154301395 2716037096 1529756972 159 10412828 1541420404
======================
   8      32 sdc 508629 7568 144779162 11121040 5334156 154301395 2716374504 1529901648 125 10413836 1541565936
======================
   8      32 sdc 508630 7568 144779170 11121272 5334777 154301395 2716692456 1530028164 131 10414840 1541692888
======================
   8      32 sdc 508630 7568 144779170 11121272 5335440 154301395 2717031912 1530172768 140 10415848 1541836936
======================
   8      32 sdc 508630 7568 144779170 11121272 5336104 154301395 2717371880 1530315940 148 10416852 1541980604
======================
   8      32 sdc 508630 7568 144779170 11121272 5336746 154301395 2717700584 1530459032 146 10417860 1542124640
======================
   8      32 sdc 508630 7568 144779170 11121272 5337360 154301395 2718014952 1530604212 140 10418860 1542267516
======================
   8      32 sdc 508630 7568 144779170 11121272 5338021 154301395 2718353384 1530746912 153 10419864 1542407936
======================
   8      32 sdc 508630 7568 144779170 11121272 5338685 154301395 2718693352 1530888324 129 10420868 1542552108
======================
   8      32 sdc 508630 7568 144779170 11121272 5339341 154301395 2719029224 1531031036 145 10421872 1542695572
======================
   8      32 sdc 508630 7568 144779170 11121272 5339972 154301395 2719352296 1531174472 154 10422876 1542838996
======================
   8      32 sdc 508630 7568 144779170 11121272 5340638 154301395 2719693288 1531319064 128 10423880 1542982476
======================
   8      32 sdc 508630 7568 144779170 11121272 5341308 154301395 2720036328 1531462192 130 10424884 1543125748
======================
   8      32 sdc 508630 7568 144779170 11121272 5341904 154301395 2720341480 1531603792 25 10425888 1543257656
======================
   8      32 sdc 508631 7568 144779178 11121488 5342552 154301395 2720673256 1531731756 143 10426892 1543396492
======================
   8      32 sdc 508631 7568 144779178 11121488 5343227 154301395 2721018856 1531874968 140 10427892 1543538952
======================
   8      32 sdc 508631 7568 144779178 11121488 5343903 154301395 2721364968 1532018120 136 10428896 1543682112
======================
   8      32 sdc 508631 7568 144779178 11121488 5344549 154301395 2721695720 1532160056 130 10429900 1543825620
======================
   8      32 sdc 508631 7568 144779178 11121488 5345170 154301395 2722013672 1532303156 149 10430900 1543968412
======================
   8      32 sdc 508631 7568 144779178 11121488 5345797 154301395 2722334696 1532447492 130 10431904 1544114080
======================
   8      32 sdc 508631 7568 144779178 11121488 5346502 154301395 2722695656 1532592552 129 10432904 1544256944
======================
   8      32 sdc 508631 7568 144779178 11121488 5347143 154301395 2723023848 1532735448 128 10433908 1544400172
======================
   8      32 sdc 508631 7568 144779178 11121488 5347792 154301395 2723356136 1532879332 151 10434912 1544543876
======================
   8      32 sdc 508631 7568 144779178 11121488 5348420 154301395 2723677672 1533018828 131 10435912 1544686500
======================
   8      32 sdc 508631 7568 144779178 11121488 5349070 154301395 2724010472 1533158700 153 10436916 1544829308
======================
   8      32 sdc 508632 7568 144779186 11121884 5349582 154301395 2724272616 1533286292 130 10437916 1544935700
======================
   8      32 sdc 508632 7568 144779186 11121884 5350226 154301395 2724602344 1533414108 155 10438920 1545079136
======================
   8      32 sdc 508632 7568 144779186 11121884 5350867 154301395 2724930536 1533557260 154 10439924 1545222636
======================
   8      32 sdc 508632 7568 144779186 11121884 5351500 154301395 2725254632 1533694240 129 10440924 1545364812
======================
   8      32 sdc 508632 7568 144779186 11121884 5352174 154301395 2725599720 1533840696 159 10441928 1545506436
======================
   8      32 sdc 508632 7568 144779186 11121884 5352828 154301395 2725934568 1533986688 145 10442932 1545651560
======================
   8      32 sdc 508632 7568 144779186 11121884 5353504 154301395 2726280680 1534130064 141 10443932 1545794464
======================
   8      32 sdc 508632 7568 144779186 11121884 5354155 154301395 2726613992 1534273012 130 10444940 1545938392
======================
   8      32 sdc 508632 7568 144779186 11121884 5354779 154301395 2726933480 1534416320 146 10445944 1546082132
======================
   8      32 sdc 508632 7568 144779186 11121884 5355442 154301395 2727272936 1534561892 155 10446952 1546226200
======================
   8      32 sdc 508632 7568 144779186 11121884 5356121 154301395 2727620584 1534706620 148 10447960 1546369700
======================
   8      32 sdc 508632 7568 144779186 11121884 5356797 154301395 2727966696 1534848636 144 10448964 1546513236
======================
   8      32 sdc 508633 7568 144779194 11122104 5357430 154301395 2728290792 1534977652 150 10449968 1546643440
======================
   8      32 sdc 508633 7568 144779194 11122104 5358054 154301395 2728610280 1535121224 134 10450972 1546787000
======================
   8      32 sdc 508633 7568 144779194 11122104 5358696 154301395 2728938984 1535265804 132 10451976 1546930516
======================
   8      32 sdc 508633 7568 144779194 11122104 5359345 154301395 2729271272 1535410720 155 10452984 1547075560
======================
   8      32 sdc 508633 7568 144779194 11122104 5359872 154301395 2729541096 1535550904 140 10453992 1547216920
======================
   8      32 sdc 508633 7568 144779194 11122104 5360500 154301395 2729862632 1535689640 152 10454992 1547360264
======================
   8      32 sdc 508633 7568 144779194 11122104 5361139 154301395 2730189800 1535831440 153 10455996 1547506172
======================
   8      32 sdc 508633 7568 144779194 11122104 5361837 154301395 2730547176 1535984156 155 10457000 1547649604
======================
   8      32 sdc 508633 7568 144779194 11122104 5362478 154301395 2730875368 1536127344 158 10458000 1547792560
======================
   8      32 sdc 508633 7568 144779194 11122104 5363120 154301395 2731204072 1536271180 156 10459004 1547936572
======================
   8      32 sdc 508633 7568 144779194 11122104 5363703 154301395 2731502568 1536401528 149 10460008 1548080860
======================
   8      32 sdc 508633 7568 144779194 11122104 5364429 154301395 2731874280 1536559836 139 10461012 1548224588
======================
   8      32 sdc 508634 7568 144779202 11122340 5365052 154301395 2732193256 1536687332 147 10462012 1548353116
======================
   8      32 sdc 508634 7568 144779202 11122340 5365695 154301395 2732522472 1536831028 144 10463016 1548496732
======================
   8      32 sdc 508634 7568 144779202 11122340 5366355 154301395 2732860392 1536975252 156 10464020 1548640016
======================
   8      32 sdc 508634 7568 144779202 11122340 5367030 154301395 2733205992 1537118124 153 10465024 1548783324
======================
   8      32 sdc 508634 7568 144779202 11122340 5367500 154301395 2733446632 1537262684 131 10466024 1548926336
======================
   8      32 sdc 508634 7568 144779202 11122340 5368165 154301395 2733787112 1537404640 138 10467028 1549068952
======================
   8      32 sdc 508634 7568 144779202 11122340 5368835 154301395 2734130152 1537546992 140 10468028 1549211672
======================
   8      32 sdc 508634 7568 144779202 11122340 5369481 154301395 2734460904 1537691452 134 10469032 1549354108
======================
   8      32 sdc 508634 7568 144779202 11122340 5370172 154301395 2734814696 1537831404 147 10470036 1549497288
======================
   8      32 sdc 508634 7568 144779202 11122340 5370799 154301395 2735135720 1537975336 128 10471044 1549641040
======================
   8      32 sdc 508634 7568 144779202 11122340 5371445 154301395 2735466472 1538120416 154 10472056 1549785496
======================
   8      32 sdc 508634 7568 144779202 11122340 5372122 154301395 2735813096 1538263860 149 10473060 1549928900
======================
   8      32 sdc 508635 7568 144779210 11122568 5372714 154301395 2736116200 1538383124 135 10474060 1550056980
======================
   8      32 sdc 508635 7568 144779210 11122568 5373345 154301395 2736439272 1538522536 144 10475064 1550199492
======================
   8      32 sdc 508635 7568 144779210 11122568 5374050 154301395 2736800232 1538677380 143 10476068 1550342856
======================
   8      32 sdc 508635 7568 144779210 11122568 5374703 154301395 2737134568 1538820428 130 10477072 1550486312
======================
   8      32 sdc 508635 7568 144779210 11122568 5375199 154301395 2737388520 1538958452 146 10478080 1550628624
======================
   8      32 sdc 508635 7568 144779210 11122568 5375811 154301395 2737701864 1539099404 142 10479088 1550772668
======================
   8      32 sdc 508635 7568 144779210 11122568 5376489 154301395 2738049000 1539245428 136 10480092 1550909100
======================
   8      32 sdc 508635 7568 144779210 11122568 5377163 154301395 2738394088 1539387320 134 10481096 1551052420
======================
   8      32 sdc 508635 7568 144779210 11122568 5377811 154301395 2738725864 1539532008 158 10482100 1551197540
======================
   8      32 sdc 508635 7568 144779210 11122568 5378453 154301395 2739054568 1539675528 156 10483104 1551341060
======================
   8      32 sdc 508635 7568 144779210 11122568 5379127 154301395 2739399656 1539819540 154 10484108 1551484672
======================
   8      32 sdc 508635 7568 144779210 11122568 5379790 154301395 2739739112 1539961628 131 10485108 1551627572
======================
   8      32 sdc 508636 7568 144779218 11122804 5380392 154301395 2740047336 1540089588 140 10486112 1551755800
======================
   8      32 sdc 508636 7568 144779218 11122804 5381030 154301395 2740373992 1540240388 142 10487116 1551904092
======================
   8      32 sdc 508636 7568 144779218 11122804 5381712 154301395 2740723176 1540382492 132 10488120 1552047568
======================
   8      32 sdc 508636 7568 144779218 11122804 5382387 154301395 2741068776 1540526928 129 10489132 1552192136
======================
   8      32 sdc 508636 7568 144779218 11122804 5382923 154301395 2741343208 1540644948 137 10490136 1552334492
======================
   8      32 sdc 508636 7568 144779218 11122804 5383594 154301395 2741686760 1540805196 138 10491144 1552477012
======================
   8      32 sdc 508636 7568 144779218 11122804 5384258 154301395 2742026728 1540945456 146 10492144 1552618328
======================
   8      32 sdc 508636 7568 144779218 11122804 5384993 154301395 2742403048 1541095452 147 10493148 1552761616
======================
   8      32 sdc 508636 7568 144779218 11122804 5385582 154301395 2742704616 1541226788 134 10494152 1552904204
======================
   8      32 sdc 508636 7568 144779218 11122804 5386285 154301395 2743064552 1541379592 135 10495152 1553044100
======================
   8      32 sdc 508636 7568 144779218 11122804 5386943 154301395 2743401960 1541521296 149 10496156 1553187688
======================
   8      32 sdc 508636 7568 144779218 11122804 5387492 154301395 2743682536 1541642004 144 10497156 1553330956
======================
   8      32 sdc 508637 7568 144779226 11123016 5388129 154301395 2744008680 1541775148 128 10498172 1553459764
======================
   8      32 sdc 508637 7568 144779226 11123016 5388862 154301395 2744383976 1541936644 131 10499176 1553603232
======================
   8      32 sdc 508637 7568 144779226 11123016 5389454 154301395 2744687080 1542068796 147 10500184 1553747724
======================
   8      32 sdc 508637 7568 144779226 11123016 5390170 154301395 2745053672 1542224884 135 10501188 1553891408
======================
   8      32 sdc 508637 7568 144779226 11123016 5390809 154301395 2745380840 1542368288 136 10502192 1554035140
======================
   8      32 sdc 508637 7568 144779226 11123016 5391413 154301395 2745690088 1542502804 140 10503200 1554179088
======================
   8      32 sdc 508637 7568 144779226 11123016 5392132 154301395 2746058216 1542656280 157 10504204 1554322168
======================
   8      32 sdc 508637 7568 144779226 11123016 5392783 154301395 2746392040 1542798544 146 10505212 1554466432
======================
   8      32 sdc 508637 7568 144779226 11123016 5393409 154301395 2746712040 1542942680 128 10506216 1554609792
======================
   8      32 sdc 508637 7568 144779226 11123016 5394067 154301395 2747048936 1543087244 142 10507220 1554753532
======================
   8      32 sdc 508637 7568 144779226 11123016 5394745 154301395 2747396072 1543231256 136 10508228 1554897696
======================
   8      32 sdc 508637 7568 144779226 11123016 5395421 154301395 2747742184 1543376084 132 10509228 1555041512
======================
   8      32 sdc 508638 7568 144779234 11123232 5396058 154301395 2748068328 1543499452 137 10510232 1555167360
======================
   8      32 sdc 508638 7568 144779234 11123232 5396683 154301395 2748388328 1543643168 152 10511236 1555310932
======================
   8      32 sdc 508638 7568 144779234 11123232 5397331 154301395 2748720104 1543787984 144 10512240 1555453684
======================
   8      32 sdc 508638 7568 144779234 11123232 5397893 154301395 2749007848 1543906696 158 10513256 1555601380
======================
   8      32 sdc 508638 7568 144779234 11123232 5398650 154301395 2749395432 1544073428 173 10514260 1555768184
======================
   8      32 sdc 508638 7568 144779234 11123232 5399309 154301395 2749732840 1544227128 186 10515264 1555951968
======================
   8      32 sdc 508638 7568 144779234 11123232 5399980 154301395 2750076392 1544389428 156 10516280 1556129756
======================
   8      32 sdc 508638 7568 144779234 11123232 5400569 154301395 2750377960 1544544836 174 10517288 1556298660
======================
   8      32 sdc 508638 7568 144779234 11123232 5401256 154301395 2750729704 1544737920 159 10518292 1556460200
======================
   8      32 sdc 508638 7568 144779234 11123232 5401898 154301395 2751058408 1544910872 157 10519296 1556610780
======================
   8      32 sdc 508638 7568 144779234 11123232 5402552 154301395 2751393256 1545090052 143 10520304 1556756724
======================
   8      32 sdc 508638 7568 144779234 11123232 5403217 154301395 2751733736 1545233096 120 10521308 1556899284
======================
   8      32 sdc 508639 7568 144779242 11123668 5403661 154301822 2751960448 1545312280 135 10522312 1556992392
======================
   8      32 sdc 508639 7568 144779242 11123668 5404366 154301822 2752321408 1545462924 134 10523320 1557130036
======================
   8      32 sdc 508639 7568 144779242 11123668 5405033 154301822 2752662912 1545607828 139 10524332 1557274624
======================
   8      32 sdc 508639 7568 144779242 11123668 5405707 154301822 2753008000 1545751944 137 10525340 1557418716
======================
   8      32 sdc 508639 7568 144779242 11123668 5406323 154301822 2753323392 1545894980 129 10526348 1557563224
======================
   8      32 sdc 508639 7568 144779242 11123668 5406990 154301822 2753664896 1546039460 134 10527348 1557706184
======================
   8      32 sdc 508639 7568 144779242 11123668 5407668 154301822 2754012032 1546183412 128 10528356 1557850212
======================
   8      32 sdc 508639 7568 144779242 11123668 5408343 154301822 2754357632 1546326564 157 10529356 1557993080
======================
   8      32 sdc 508639 7568 144779242 11123668 5408993 154301822 2754690432 1546468572 147 10530360 1558136708
======================
   8      32 sdc 508639 7568 144779242 11123668 5409616 154301822 2755009408 1546611856 132 10531364 1558280072
======================
   8      32 sdc 508639 7568 144779242 11123668 5410268 154301822 2755343232 1546756548 152 10532364 1558423132
======================
   8      32 sdc 508639 7568 144779242 11123668 5410917 154301822 2755675520 1546902004 108 10533368 1558565244
======================
   8      32 sdc 508640 7568 144779250 11123908 5411562 154301841 2756004904 1547017420 140 10534372 1558685712
======================
   8      32 sdc 508640 7568 144779250 11123908 5412206 154301841 2756334632 1547161448 136 10535372 1558828664
======================
   8      32 sdc 508640 7568 144779250 11123908 5412870 154301841 2756674600 1547304652 144 10536376 1558972144
======================
   8      32 sdc 508640 7568 144779250 11123908 5413467 154301841 2756980264 1547434436 155 10537380 1559116856
======================
   8      32 sdc 508640 7568 144779250 11123908 5414019 154301841 2757262888 1547593904 147 10538384 1559262148
======================
   8      32 sdc 508640 7568 144779250 11123908 5414663 154301841 2757592616 1547737552 143 10539388 1559405420
======================
   8      32 sdc 508640 7568 144779250 11123908 5415306 154301841 2757921832 1547881968 140 10540392 1559549192
======================
   8      32 sdc 508640 7568 144779250 11123908 5415968 154301841 2758260776 1548024752 150 10541396 1559692816
======================
   8      32 sdc 508640 7568 144779250 11123908 5416601 154301841 2758584872 1548168216 157 10542396 1559835524
======================
   8      32 sdc 508640 7568 144779250 11123908 5417231 154301841 2758907432 1548308476 135 10543400 1559978908
======================
   8      32 sdc 508640 7568 144779250 11123908 5417928 154301841 2759264296 1548455392 142 10544408 1560121912
======================
   8      32 sdc 508640 7568 144779250 11123908 5418579 154301841 2759597608 1548597008 128 10545412 1560264980
======================
   8      32 sdc 508641 7568 144779258 11124212 5419161 154302311 2759879568 1548707588 5 10546404 1560359952
======================
   8      32 sdc 508641 7568 144779258 11124212 5419167 154302311 2759879728 1548708248 0 10546476 1560360312
======================
   8      32 sdc 508641 7568 144779258 11124212 5419167 154302311 2759879728 1548708248 0 10546476 1560360312
======================
   8      32 sdc 508641 7568 144779258 11124212 5419167 154302311 2759879728 1548708248 0 10546476 1560360312
======================
   8      32 sdc 508641 7568 144779258 11124212 5419167 154302311 2759879728 1548708248 0 10546476 1560360312
======================
   8      32 sdc 508641 7568 144779258 11124212 5419167 154302311 2759879728 1548708248 0 10546476 1560360312
started
======================
   8      32 sdc 508971 7568 144802924 11125808 5419186 154302311 2759879800 1548708248 1 10546564 1560361908
======================
   8      32 sdc 510327 7568 145150060 11127620 5419186 154302311 2759879800 1548708248 2 10547580 1560363720
======================
   8      32 sdc 511109 7572 145340212 11129900 5419186 154302311 2759879800 1548708248 3 10548584 1560366036
======================
   8      32 sdc 511741 7577 145489780 11132280 5419186 154302311 2759879800 1548708248 2 10549588 1560368468
======================
   8      32 sdc 512128 7580 145582132 11133756 5419186 154302311 2759879800 1548708248 2 10550588 1560370724
======================
   8      32 sdc 512128 7580 145582132 11133756 5419186 154302311 2759879800 1548708248 2 10551592 1560372732
======================
   8      32 sdc 512203 7581 145600244 11137872 5419186 154302311 2759879800 1548708248 3 10552596 1560374848
======================
   8      32 sdc 512741 7586 145727540 11141144 5419189 154302313 2759879840 1548708536 2 10553600 1560377588
======================
   8      32 sdc 513407 7590 145885236 11143540 5419189 154302313 2759879840 1548708536 3 10554600 1560380004
======================
   8      32 sdc 514041 7595 146034420 11145960 5419189 154302313 2759879840 1548708536 3 10555604 1560382368
======================
   8      32 sdc 514731 7600 146199220 11148280 5419189 154302313 2759879840 1548708536 2 10556604 1560384752
======================
   8      32 sdc 515405 7605 146359220 11150672 5419189 154302313 2759879840 1548708536 2 10557612 1560387192
======================
   8      32 sdc 516008 7609 146499892 11153128 5419189 154302313 2759879840 1548708536 3 10558616 1560389560
======================
   8      32 sdc 516622 7614 146644468 11155484 5419189 154302313 2759879840 1548708536 2 10559620 1560391964
======================
   8      32 sdc 517294 7619 146806132 11157976 5419189 154302313 2759879840 1548708536 2 10560620 1560394388
======================
   8      32 sdc 517901 7623 146948148 11160324 5419189 154302313 2759879840 1548708536 3 10561624 1560396756
======================
   8      32 sdc 518571 7628 147106868 11162664 5419189 154302313 2759879840 1548708536 2 10562628 1560399152
======================
   8      32 sdc 519268 7633 147273332 11165124 5419189 154302313 2759879840 1548708536 2 10563632 1560401552
======================
   8      32 sdc 519920 7637 147428404 11167484 5419189 154302313 2759879840 1548708536 3 10564636 1560403948
======================
   8      32 sdc 520515 7642 147566132 11169924 5419189 154302313 2759879840 1548708536 3 10565640 1560406316
======================
   8      32 sdc 521186 7647 147725108 11172296 5419189 154302313 2759879840 1548708536 2 10566640 1560408728
======================
   8      32 sdc 521847 7651 147882740 11174644 5419189 154302313 2759879840 1548708536 3 10567644 1560411120
======================
   8      32 sdc 522432 7656 148017652 11177084 5419189 154302313 2759879840 1548708536 3 10568648 1560413492
======================
   8      32 sdc 523080 7661 148169908 11179460 5419189 154302313 2759879840 1548708536 2 10569664 1560415932
======================
   8      32 sdc 523745 7666 148328628 11181968 5419189 154302313 2759879840 1548708536 2 10570672 1560418372
======================
   8      32 sdc 524351 7670 148470516 11184288 5419189 154302313 2759879840 1548708536 3 10571676 1560420720
======================
   8      32 sdc 524981 7675 148618868 11186616 5419189 154302313 2759879840 1548708536 2 10572680 1560423100
======================
   8      32 sdc 525643 7680 148775412 11189140 5419189 154302313 2759879840 1548708536 2 10573684 1560425540
======================
   8      32 sdc 526286 7684 148926068 11191468 5419189 154302313 2759879840 1548708536 3 10574692 1560427916
======================
   8      32 sdc 526920 7689 149075380 11193820 5419189 154302313 2759879840 1548708536 2 10575696 1560430304
======================
   8      32 sdc 527599 7694 149236020 11196292 5419189 154302313 2759879840 1548708536 2 10576700 1560432724
======================
   8      32 sdc 528193 7699 149372788 11198644 5419191 154302313 2759879856 1548708536 2 10577708 1560435116
======================
   8      32 sdc 528862 7704 149530612 11201224 5419191 154302313 2759879856 1548708536 2 10578712 1560437644
======================
   8      32 sdc 529503 7708 149680948 11203584 5419191 154302313 2759879856 1548708536 2 10579716 1560440036
======================
   8      32 sdc 530120 7713 149826676 11205968 5419191 154302313 2759879856 1548708536 2 10580716 1560442424
======================
   8      32 sdc 530818 7717 149993204 11208376 5419191 154302313 2759879856 1548708536 3 10581720 1560444860
======================
   8      32 sdc 531472 7722 150146228 11210816 5419191 154302313 2759879856 1548708536 3 10582724 1560447244
======================
   8      32 sdc 532105 7727 150294452 11213156 5419191 154302313 2759879856 1548708536 2 10583728 1560449636
======================
   8      32 sdc 532770 7732 150450932 11215656 5419191 154302313 2759879856 1548708536 2 10584728 1560452068
======================
   8      32 sdc 533352 7736 150587380 11218116 5419191 154302313 2759879856 1548708536 3 10585732 1560454552
======================
   8      32 sdc 533963 7741 150730164 11220420 5419191 154302313 2759879856 1548708536 2 10586732 1560456904
======================
   8      32 sdc 534631 7746 150888436 11222944 5419191 154302313 2759879856 1548708536 2 10587736 1560459344
======================
   8      32 sdc 535273 7750 151037748 11225268 5419191 154302313 2759879856 1548708536 3 10588740 1560461704
======================
   8      32 sdc 535943 7755 151192756 11227608 5419191 154302313 2759879856 1548708536 2 10589740 1560464080
======================
   8      32 sdc 536648 7760 151360628 11230076 5419191 154302313 2759879856 1548708536 2 10590744 1560466500
======================
   8      32 sdc 537264 7764 151504692 11232432 5419191 154302313 2759879856 1548708536 3 10591752 1560468872
======================
   8      32 sdc 537917 7769 151657652 11234772 5419191 154302313 2759879856 1548708536 2 10592760 1560471256
======================
   8      32 sdc 538642 7774 151829556 11237244 5419191 154302313 2759879856 1548708536 2 10593764 1560473656
======================
   8      32 sdc 539284 7778 151980532 11239604 5419191 154302313 2759879856 1548708536 3 10594776 1560476064
======================
   8      32 sdc 539868 7783 152116916 11242060 5419191 154302313 2759879856 1548708536 3 10595792 1560478468
======================
   8      32 sdc 540495 7788 152265396 11244448 5419191 154302313 2759879856 1548708536 2 10596800 1560480904
======================
   8      32 sdc 541119 7792 152411444 11246864 5419191 154302313 2759879856 1548708536 3 10597808 1560483352
======================
   8      32 sdc 541711 7797 152547124 11249296 5419191 154302313 2759879856 1548708536 3 10598808 1560485716
======================
   8      32 sdc 542358 7802 152698868 11251636 5419191 154302313 2759879856 1548708536 2 10599812 1560488108
======================
   8      32 sdc 543059 7807 152865076 11254112 5419191 154302313 2759879856 1548708536 2 10600816 1560490616
======================
   8      32 sdc 543629 7811 152995188 11256580 5419191 154302313 2759879856 1548708536 3 10601820 1560492996
======================
   8      32 sdc 544279 7815 153147060 11258960 5419191 154302313 2759879856 1548708536 2 10602824 1560495420
======================
   8      32 sdc 544956 7819 153308404 11261332 5419191 154302313 2759879856 1548708536 3 10603824 1560497820
======================
   8      32 sdc 545439 7823 153414516 11263460 5419191 154302313 2759879856 1548708536 1 10604824 1560499848
======================
   8      32 sdc 545585 7823 153423860 11264452 5419191 154302313 2759879856 1548708536 1 10605820 1560500844
======================
   8      32 sdc 545730 7823 153433140 11265448 5419191 154302313 2759879856 1548708536 1 10606816 1560501840
======================
   8      32 sdc 545878 7823 153442612 11266440 5419191 154302313 2759879856 1548708536 1 10607812 1560502836
======================
   8      32 sdc 546014 7823 153451316 11267384 5419191 154302313 2759879856 1548708536 0 10608748 1560503772
