======================
   8      16 sdb 4421380 1887 689965506 5446404 17708052 26169420 4608399408 641681416 0 5983920 647111964
======================
   8      16 sdb 4421381 1887 689965514 5446404 17708052 26169420 4608399408 641681416 0 5983920 647111964
======================
   8      16 sdb 4421388 1887 689965570 5446524 17710288 26169420 4609544240 641718840 130 5984384 647153788
======================
   8      16 sdb 4421392 1887 689965602 5446792 17712510 26169444 4610681088 641840008 151 5985384 647274352
======================
   8      16 sdb 4421397 1887 689965642 5446972 17714393 26169444 4611642160 641926552 158 5986204 647367260
======================
   8      16 sdb 4421401 1887 689965674 5447008 17716283 26169444 4612609840 642074208 151 5987204 647508732
======================
   8      16 sdb 4421405 1887 689965706 5447044 17718415 26169444 4613701424 642214468 128 5988208 647650308
======================
   8      16 sdb 4421408 1887 689965730 5447088 17720051 26169444 4614539056 642345776 142 5989212 647793536
======================
   8      16 sdb 4421413 1887 689965770 5447176 17722124 26169482 4615600232 642493884 129 5990212 647930696
======================
   8      16 sdb 4421418 1887 689965810 5447292 17724628 26169482 4616881776 642633936 138 5991216 648069100
======================
   8      16 sdb 4421422 1887 689965842 5447476 17726828 26169506 4618006856 642766312 142 5992216 648201452
======================
   8      16 sdb 4421425 1887 689965866 5447484 17728137 26169506 4618677064 642849808 142 5993220 648344160
======================
   8      16 sdb 4421430 1887 689965906 5447600 17730072 26169506 4619668296 643048456 121 5994224 648483952
======================
   8      16 sdb 4421434 1887 689965938 5447648 17732236 26169538 4620775504 643185920 136 5995224 648623752
======================
   8      16 sdb 4421437 1887 689965962 5447688 17733934 26169538 4621644376 643312448 131 5996228 648766048
======================
   8      16 sdb 4421441 1887 689965994 5447764 17736492 26169538 4622954072 643470368 132 5997232 648905920
======================
   8      16 sdb 4421443 1887 689966010 5448212 17737265 26169538 4623349848 643583228 146 5998236 649035720
======================
   8      16 sdb 4421446 1887 689966034 5448232 17739433 26169554 4624456976 643741968 153 5999236 649178032
======================
   8      16 sdb 4421450 1887 689966066 5448264 17741837 26169581 4625686520 643882656 147 6000240 649318824
======================
   8      16 sdb 4421453 1887 689966090 5448316 17744234 26169581 4626913784 644022592 130 6001240 649459764
======================
   8      16 sdb 4421455 1887 689966106 5448364 17746158 26169581 4627898872 644164292 148 6002244 649601944
======================
   8      16 sdb 4421457 1887 689966122 5448424 17748075 26169581 4628880376 644305316 148 6003248 649743296
======================
   8      16 sdb 4421461 1887 689966154 5448556 17749997 26169595 4629862536 644440548 148 6004248 649878268
======================
   8      16 sdb 4421462 1887 689966162 5448560 17751695 26169616 4630731576 644583080 146 6005252 650017656
======================
   8      16 sdb 4421466 1887 689966194 5448576 17753801 26169616 4631809344 644721732 149 6006256 650159932
======================
   8      16 sdb 4421467 1887 689966202 5448584 17755723 26169616 4632793408 644863888 146 6007256 650301868
======================
   8      16 sdb 4421469 1887 689966218 5448628 17757637 26169616 4633773376 645006020 129 6008260 650444020
======================
   8      16 sdb 4421472 1887 689966242 5448704 17759558 26169626 4634755496 645146820 146 6009260 650584688
======================
   8      16 sdb 4421473 1887 689966250 5448736 17761392 26169646 4635694160 645282184 136 6010264 650726532
======================
   8      16 sdb 4421478 1887 689966290 5448888 17763398 26169646 4636720728 645420100 155 6011268 650858464
======================
   8      16 sdb 4421480 1887 689966306 5448964 17765295 26169646 4637691992 645559016 142 6012268 650997152
======================
   8      16 sdb 4421481 1887 689966314 5449012 17767196 26169646 4638665304 645699276 124 6013272 651137352
======================
   8      16 sdb 4421485 1887 689966346 5449216 17769122 26169646 4639651416 645831456 154 6014280 651270284
======================
   8      16 sdb 4421487 1887 689966362 5449328 17771042 26169680 4640632712 645968616 147 6015280 651407220
======================
   8      16 sdb 4421490 1887 689966386 5449512 17772957 26169680 4641613192 646100888 131 6016284 651539192
======================
   8      16 sdb 4421495 1887 689966426 5449780 17774886 26169680 4642600840 646220228 143 6017288 651659248
======================
   8      16 sdb 4421498 1887 689966450 5449976 17776805 26169680 4643583368 646349912 132 6018292 651789312
======================
   8      16 sdb 4421502 1887 689966482 5450268 17778704 26169680 4644555656 646472624 142 6019300 651910948
======================
   8      16 sdb 4421505 1887 689966506 5450484 17780566 26169707 4645508208 646590796 120 6020300 652032392
======================
   8      16 sdb 4421510 1887 689966546 5450808 17782497 26169735 4646492568 646703372 143 6021304 652143940
======================
   8      16 sdb 4421514 1887 689966578 5451100 17784418 26169735 4647476120 646821556 148 6022304 652261896
======================
   8      16 sdb 4421517 1887 689966602 5451324 17786141 26169735 4648358808 646943356 129 6023308 652389016
======================
   8      16 sdb 4421521 1887 689966634 5451616 17788063 26169735 4649342360 647067564 131 6024312 652509108
======================
   8      16 sdb 4421525 1887 689966666 5451784 17789758 26169768 4650209456 647184604 141 6025312 652626084
======================
   8      16 sdb 4421529 1887 689966698 5451816 17791663 26169768 4651184816 647326896 153 6026316 652769644
======================
   8      16 sdb 4421532 1887 689966722 5451840 17793336 26169768 4652041392 647470728 144 6027320 652912756
======================
   8      16 sdb 4421536 1887 689966754 5451896 17795226 26169768 4653009072 647613092 143 6028320 653054716
======================
   8      16 sdb 4421539 1887 689966778 5451952 17796963 26169783 4653896016 647746304 139 6029324 653197188
======================
   8      16 sdb 4421544 1887 689966818 5452152 17798854 26169817 4654863976 647888356 156 6030328 653333120
======================
   8      16 sdb 4421548 1887 689966850 5452272 17800776 26169817 4655847536 648026560 144 6031328 653471312
======================
   8      16 sdb 4421551 1887 689966874 5452452 17802492 26169817 4656726128 648167592 153 6032332 653609772
======================
   8      16 sdb 4421555 1887 689966906 5452616 17804411 26169817 4657708656 648302564 136 6033336 653744940
======================
   8      16 sdb 4421560 1887 689966946 5452868 17806310 26169817 4658681456 648430676 147 6034340 653871580
======================
   8      16 sdb 4421563 1887 689966970 5453052 17808042 26169863 4659564064 648555836 154 6035344 654004052
======================
   8      16 sdb 4421567 1887 689967002 5453272 17809914 26169863 4660522024 648692804 154 6036344 654132860
======================
   8      16 sdb 4421570 1887 689967026 5453492 17811621 26169863 4661396008 648818604 142 6037348 654261964
======================
   8      16 sdb 4421574 1887 689967058 5453708 17813254 26169863 4662232104 648921512 146 6038352 654386716
======================
   8      16 sdb 4421578 1887 689967090 5453928 17815235 26169863 4663246376 649072496 144 6039352 654512080
======================
   8      16 sdb 4421581 1887 689967114 5454148 17817156 26169908 4664230192 649187764 106 6040356 654631444
======================
   8      16 sdb 4421585 1887 689967146 5454452 17819030 26169908 4665184736 649307036 146 6041352 654750880
======================
   8      16 sdb 4421590 1887 689967186 5454776 17820960 26169908 4666172896 649424028 152 6042352 654867524
======================
   8      16 sdb 4421593 1887 689967210 5455000 17822896 26169922 4667161216 649546152 21 6043352 654987072
======================
   8      16 sdb 4421597 1887 689967242 5455312 17824821 26169922 4668146816 649665500 138 6044360 655110804
======================
   8      16 sdb 4421601 1887 689967274 5455608 17826742 26169954 4669129616 649783244 145 6045360 655228932
======================
   8      16 sdb 4421606 1887 689967314 5455936 17828614 26169954 4670088080 649898852 146 6046356 655345236
======================
   8      16 sdb 4421610 1887 689967346 5456240 17830582 26169954 4671095696 650021524 139 6047356 655464136
======================
   8      16 sdb 4421613 1887 689967370 5456452 17832481 26169954 4672067984 650143688 130 6048360 655590000
======================
   8      16 sdb 4421617 1887 689967402 5456760 17834390 26169971 4673043512 650263584 146 6049364 655710184
======================
   8      16 sdb 4421622 1887 689967442 5457020 17836297 26170003 4674019144 650379504 142 6050368 655823948
======================
   8      16 sdb 4421625 1887 689967466 5457236 17838220 26170003 4675003720 650500544 49 6051372 655945040
======================
   8      16 sdb 4421629 1887 689967498 5457416 17840137 26170003 4675985224 650632420 142 6052376 656079532
======================
   8      16 sdb 4421633 1887 689967530 5457700 17842062 26170003 4676970824 650752576 154 6053384 656200224
======================
   8      16 sdb 4421638 1887 689967570 5458016 17843986 26170017 4677953504 650868620 156 6054388 656315448
======================
   8      16 sdb 4421641 1887 689967594 5458176 17845686 26170050 4678823160 650988180 151 6055392 656436208
======================
   8      16 sdb 4421645 1887 689967626 5458476 17847584 26170050 4679794936 651108556 139 6056396 656556496
======================
   8      16 sdb 4421648 1887 689967650 5458708 17849261 26170050 4680653560 651233332 145 6057396 656681412
======================
   8      16 sdb 4421651 1887 689967674 5458928 17851031 26170050 4681559800 651357648 13 6058400 656801876
======================
   8      16 sdb 4421656 1887 689967714 5459268 17852873 26170050 4682502904 651471116 149 6059404 656920176
======================
   8      16 sdb 4421659 1887 689967738 5459460 17854495 26170080 4683332600 651585712 147 6060400 657042380
======================
   8      16 sdb 4421663 1887 689967770 5459688 17856505 26170114 4684356952 651711408 145 6061404 657160820
======================
   8      16 sdb 4421667 1887 689967802 5459976 17858420 26170114 4685337432 651830160 152 6062400 657279992
======================
   8      16 sdb 4421671 1887 689967834 5460252 17860112 26170114 4686203736 651948892 154 6063404 657398728
======================
   8      16 sdb 4421675 1887 689967866 5460552 17861846 26170114 4687091544 652068280 153 6064408 657519200
======================
   8      16 sdb 4421678 1887 689967890 5460792 17863734 26170148 4688057464 652186780 145 6065408 657637100
======================
   8      16 sdb 4421682 1887 689967922 5461096 17865439 26170148 4688930424 652308044 143 6066412 657755040
======================
   8      16 sdb 4421686 1887 689967954 5461344 17867355 26170148 4689911416 652425100 119 6067412 657875636
======================
   8      16 sdb 4421690 1887 689967986 5461644 17869046 26170148 4690777208 652548360 149 6068416 657995440
======================
   8      16 sdb 4421693 1887 689968010 5461868 17870931 26170148 4691742328 652669848 135 6069412 658120500
======================
   8      16 sdb 4421697 1887 689968042 5462180 17872874 26170194 4692732984 652786644 144 6070416 658238340
======================
   8      16 sdb 4421702 1887 689968082 5462500 17874776 26170194 4693706296 652903292 141 6071412 658355188
======================
   8      16 sdb 4421705 1887 689968106 5462732 17876470 26170194 4694573624 653026148 149 6072412 658478608
======================
   8      16 sdb 4421709 1887 689968138 5463020 17878397 26170194 4695560248 653146384 152 6073412 658598816
======================
   8      16 sdb 4421712 1887 689968162 5463288 17879999 26170194 4696380472 653263088 151 6074420 658721816
======================
   8      16 sdb 4421715 1887 689968186 5463480 17881591 26170225 4697194816 653376652 151 6075424 658845004
======================
   8      16 sdb 4421720 1887 689968226 5463736 17883531 26170261 4698183856 653512328 149 6076428 658966028
======================
   8      16 sdb 4421723 1887 689968250 5463952 17885404 26170261 4699142832 653638252 43 6077432 659089156
======================
   8      16 sdb 4421727 1887 689968282 5464268 17887085 26170261 4700003504 653755236 153 6078436 659209364
======================
   8      16 sdb 4421731 1887 689968314 5464556 17889002 26170261 4700985008 653880140 44 6079436 659328900
======================
   8      16 sdb 4421735 1887 689968346 5464816 17890922 26170296 4701967320 653989592 111 6080440 659443620
======================
   8      16 sdb 4421739 1887 689968378 5465120 17892636 26170296 4702844888 654107844 134 6081444 659561276
======================
   8      16 sdb 4421742 1887 689968402 5465344 17894541 26170296 4703820248 654231804 108 6082444 659686336
======================
   8      16 sdb 4421746 1887 689968434 5465648 17896481 26170296 4704813528 654353080 130 6083456 659807776
======================
   8      16 sdb 4421751 1887 689968474 5465884 17898173 26170308 4705675896 654476104 135 6084460 659931456
======================
   8      16 sdb 4421754 1887 689968498 5465892 17900087 26170342 4706655128 654615732 140 6085468 660074340
======================
   8      16 sdb 4421758 1887 689968530 5465936 17901947 26170342 4707607448 654757596 132 6086476 660216276
======================
   8      16 sdb 4421761 1887 689968554 5465980 17903691 26170342 4708500376 654903060 129 6087484 660358876
======================
   8      16 sdb 4421766 1887 689968594 5466100 17905577 26170342 4709466008 655037976 128 6088488 660496656
======================
   8      16 sdb 4421769 1887 689968618 5466184 17907282 26170356 4710335552 655182016 137 6089492 660637856
======================
   8      16 sdb 4421773 1887 689968650 5466304 17909146 26170387 4711289664 655317284 129 6090496 660776792
======================
   8      16 sdb 4421776 1887 689968674 5466412 17910938 26170387 4712207176 655459104 141 6091496 660914780
======================
   8      16 sdb 4421781 1887 689968714 5466620 17912833 26170387 4713176904 655591284 132 6092500 661047184
======================
   8      16 sdb 4421784 1887 689968738 5466776 17914518 26170387 4714039624 655723636 155 6093508 661182400
======================
   8      16 sdb 4421788 1887 689968770 5466988 17916436 26170387 4715021640 655856656 144 6094508 661312964
======================
   8      16 sdb 4421791 1887 689968794 5467156 17918008 26170434 4715824360 655961000 149 6095512 661444976
======================
   8      16 sdb 4421795 1887 689968826 5467360 17920068 26170434 4716878576 656118432 128 6096516 661575312
======================
   8      16 sdb 4421799 1887 689968858 5467596 17921803 26170434 4717766896 656240068 131 6097520 661700868
======================
   8      16 sdb 4421803 1887 689968890 5467880 17923693 26170434 4718734576 656363516 136 6098524 661820900
======================
   8      16 sdb 4421806 1887 689968914 5468112 17925387 26170434 4719601904 656486092 152 6099524 661943616
======================
   8      16 sdb 4421810 1887 689968946 5468408 17927282 26170467 4720571400 656599100 133 6100528 662056668
======================
   8      16 sdb 4421815 1887 689968986 5468652 17929205 26170504 4721552744 656713004 147 6101532 662170040
======================
   8      16 sdb 4421818 1887 689969010 5468876 17930964 26170504 4722453352 656837640 147 6102532 662296176
======================
   8      16 sdb 4421822 1887 689969042 5469188 17932821 26170504 4723404136 656955780 132 6103528 662413488
======================
   8      16 sdb 4421825 1887 689969066 5469416 17934531 26170504 4724279656 657080824 139 6104528 662540032
======================
   8      16 sdb 4421830 1887 689969106 5469748 17936414 26170534 4725242984 657192692 130 6105528 662650584
======================
   8      16 sdb 4421833 1887 689969130 5470000 17938125 26170534 4726119016 657312292 151 6106532 662771580
======================
   8      16 sdb 4421837 1887 689969162 5470316 17939946 26170534 4727051368 657427816 151 6107536 662889484
======================
   8      16 sdb 4421840 1887 689969186 5470548 17941718 26170534 4727958632 657554676 136 6108536 663014432
======================
   8      16 sdb 4421845 1887 689969226 5470864 17943643 26170548 4728942328 657671628 156 6109540 663131816
======================
   8      16 sdb 4421848 1887 689969250 5471096 17945529 26170581 4729907216 657789596 2 6110540 663244812
======================
   8      16 sdb 4421852 1887 689969282 5471424 17947215 26170581 4730770448 657903904 150 6111540 663364744
======================
   8      16 sdb 4421854 1887 689969298 5471580 17949102 26170581 4731736592 658031088 155 6112540 663494280
======================
   8      16 sdb 4421857 1887 689969322 5471832 17950900 26170581 4732657168 658153976 91 6113540 663614084
======================
   8      16 sdb 4421862 1887 689969362 5472180 17952629 26170581 4733542416 658265668 133 6114544 663727204
======================
   8      16 sdb 4421865 1887 689969386 5472420 17954486 26170626 4734489528 658386240 65 6115544 663846224
======================
   8      16 sdb 4421869 1887 689969418 5472724 17956403 26170626 4735471032 658505408 142 6116544 663967488
======================
   8      16 sdb 4421873 1887 689969450 5473012 17958327 26170626 4736456120 658624584 148 6117548 664086936
======================
   8      16 sdb 4421877 1887 689969482 5473252 17960198 26170626 4737414072 658746868 1 6118548 664204064
======================
   8      16 sdb 4421881 1887 689969514 5473564 17962160 26170626 4738418616 658864420 87 6119552 664326428
======================
   8      16 sdb 4421885 1887 689969546 5473816 17964072 26170698 4739391080 658976096 136 6120556 664439280
======================
   8      16 sdb 4421889 1887 689969578 5474124 17965969 26170698 4740362344 659095208 155 6121552 664557820
======================
   8      16 sdb 4421893 1887 689969610 5474364 17967888 26170698 4741344872 659216432 5 6122556 664674992
======================
   8      16 sdb 4421897 1887 689969642 5474684 17969775 26170698 4742311016 659332984 149 6123560 664796556
======================
   8      16 sdb 4421900 1887 689969666 5474908 17971514 26170698 4743201384 659458152 59 6124556 664920280
======================
   8      16 sdb 4421904 1887 689969698 5475144 17973122 26170729 4744023920 659556296 159 6125552 665041644
======================
   8      16 sdb 4421909 1887 689969738 5475396 17975362 26170729 4745170800 659700980 129 6126556 665165472
======================
   8      16 sdb 4421912 1887 689969762 5475636 17977266 26170729 4746145648 659822716 131 6127560 665287292
======================
   8      16 sdb 4421916 1887 689969794 5475948 17979162 26170729 4747116400 659943092 156 6128560 665405132
======================
   8      16 sdb 4421919 1887 689969818 5476180 17981089 26170729 4748103024 660065836 74 6129568 665529904
======================
   8      16 sdb 4421923 1887 689969850 5476436 17982990 26170753 4749075520 660179668 152 6130576 665644944
======================
   8      16 sdb 4421928 1887 689969890 5476768 17984939 26170753 4750073408 660293064 155 6131576 665758548
======================
   8      16 sdb 4421932 1887 689969922 5477056 17986856 26170753 4751054912 660413628 132 6132576 665876700
======================
   8      16 sdb 4421935 1887 689969946 5477284 17988777 26170753 4752038464 660535640 137 6133580 666002176
======================
   8      16 sdb 4421938 1887 689969970 5477504 17990693 26170788 4753019456 660659212 19 6134576 666121644
======================
   8      16 sdb 4421938 1887 689969970 5477504 17990726 26170828 4753025832 660660808 0 6134596 666122024
======================
   8      16 sdb 4421938 1887 689969970 5477504 17990726 26170828 4753025832 660660808 0 6134596 666122024
======================
   8      16 sdb 4421938 1887 689969970 5477504 17990726 26170828 4753025832 660660808 0 6134596 666122024
======================
   8      16 sdb 4421938 1887 689969970 5477504 17990726 26170828 4753025832 660660808 0 6134596 666122024
======================
   8      16 sdb 4421938 1887 689969970 5477504 17990726 26170828 4753025832 660660808 0 6134596 666122024
======================
   8      16 sdb 4421938 1887 689969970 5477504 17990726 26170828 4753025832 660660808 0 6134596 666122024
======================
   8      16 sdb 4421938 1887 689969970 5477504 17990726 26170828 4753025832 660660808 0 6134596 666122024
======================
   8      16 sdb 4421938 1887 689969970 5477504 17990726 26170828 4753025832 660660808 0 6134596 666122024
======================
   8      16 sdb 4421938 1887 689969970 5477504 17990726 26170828 4753025832 660660808 0 6134596 666122024
======================
   8      16 sdb 4421938 1887 689969970 5477504 17990726 26170828 4753025832 660660808 0 6134596 666122024
======================
   8      16 sdb 4421938 1887 689969970 5477504 17990726 26170828 4753025832 660660808 0 6134596 666122024
======================
   8      16 sdb 4421938 1887 689969970 5477504 17990726 26170828 4753025832 660660808 0 6134596 666122024
started
started
======================
   8      16 sdb 4421938 1887 689969970 5477504 17990726 26170828 4753025832 660660808 0 6134596 666122024
======================
   8      16 sdb 4421938 1887 689969970 5477504 17990726 26170828 4753025832 660660808 0 6134596 666122024
======================
   8      16 sdb 4421938 1887 689969970 5477504 17990726 26170828 4753025832 660660808 0 6134596 666122024
======================
   8      16 sdb 4421938 1887 689969970 5477504 17990726 26170828 4753025832 660660808 0 6134596 666122024
======================
   8      16 sdb 4421938 1887 689969970 5477504 17990726 26170828 4753025832 660660808 0 6134596 666122024
======================
   8      16 sdb 4421938 1887 689969970 5477504 17990726 26170828 4753025832 660660808 0 6134596 666122024
======================
   8      16 sdb 4421938 1887 689969970 5477504 17990726 26170828 4753025832 660660808 0 6134596 666122024
======================
   8      16 sdb 4421938 1887 689969970 5477504 17990726 26170828 4753025832 660660808 0 6134596 666122024
======================
   8      16 sdb 4421938 1887 689969970 5477504 17990726 26170828 4753025832 660660808 0 6134596 666122024
======================
   8      16 sdb 4421938 1887 689969970 5477504 17990726 26170828 4753025832 660660808 0 6134596 666122024
======================
   8      16 sdb 4421938 1887 689969970 5477504 17990726 26170828 4753025832 660660808 0 6134596 666122024
======================
   8      16 sdb 4421938 1887 689969970 5477504 17990726 26170828 4753025832 660660808 0 6134596 666122024
======================
   8      16 sdb 4421938 1887 689969970 5477504 17990726 26170828 4753025832 660660808 0 6134596 666122024
======================
   8      16 sdb 4421938 1887 689969970 5477504 17990726 26170828 4753025832 660660808 0 6134596 666122024
======================
   8      16 sdb 4421938 1887 689969970 5477504 17990726 26170828 4753025832 660660808 0 6134596 666122024
======================
   8      16 sdb 4421938 1887 689969970 5477504 17990726 26170828 4753025832 660660808 0 6134596 666122024
======================
   8      16 sdb 4421938 1887 689969970 5477504 17990726 26170828 4753025832 660660808 0 6134596 666122024
======================
   8      16 sdb 4421938 1887 689969970 5477504 17990726 26170828 4753025832 660660808 0 6134596 666122024
======================
   8      16 sdb 4421938 1887 689969970 5477504 17990726 26170828 4753025832 660660808 0 6134596 666122024
======================
   8      16 sdb 4421938 1887 689969970 5477504 17990726 26170828 4753025832 660660808 0 6134596 666122024
======================
   8      16 sdb 4421938 1887 689969970 5477504 17990726 26170828 4753025832 660660808 0 6134596 666122024
======================
   8      16 sdb 4421938 1887 689969970 5477504 17990726 26170828 4753025832 660660808 0 6134596 666122024
======================
   8      16 sdb 4421938 1887 689969970 5477504 17990726 26170828 4753025832 660660808 0 6134596 666122024
======================
   8      16 sdb 4421938 1887 689969970 5477504 17990726 26170828 4753025832 660660808 0 6134596 666122024
======================
   8      16 sdb 4421938 1887 689969970 5477504 17990726 26170828 4753025832 660660808 0 6134596 666122024
======================
   8      16 sdb 4421938 1887 689969970 5477504 17990726 26170828 4753025832 660660808 0 6134596 666122024
======================
   8      16 sdb 4421938 1887 689969970 5477504 17990726 26170828 4753025832 660660808 0 6134596 666122024
======================
   8      16 sdb 4421938 1887 689969970 5477504 17990726 26170828 4753025832 660660808 0 6134596 666122024
======================
   8      16 sdb 4421938 1887 689969970 5477504 17990726 26170828 4753025832 660660808 0 6134596 666122024
======================
   8      16 sdb 4421938 1887 689969970 5477504 17990726 26170828 4753025832 660660808 0 6134596 666122024
======================
   8      16 sdb 4421938 1887 689969970 5477504 17990726 26170828 4753025832 660660808 0 6134596 666122024
======================
   8      16 sdb 4421938 1887 689969970 5477504 17990726 26170828 4753025832 660660808 0 6134596 666122024
======================
   8      16 sdb 4421938 1887 689969970 5477504 17990726 26170828 4753025832 660660808 0 6134596 666122024
======================
   8      16 sdb 4421938 1887 689969970 5477504 17990726 26170828 4753025832 660660808 0 6134596 666122024
======================
   8      16 sdb 4421938 1887 689969970 5477504 17990726 26170828 4753025832 660660808 0 6134596 666122024
======================
   8      16 sdb 4421938 1887 689969970 5477504 17990726 26170828 4753025832 660660808 0 6134596 666122024
======================
   8      16 sdb 4421938 1887 689969970 5477504 17990726 26170828 4753025832 660660808 0 6134596 666122024
======================
   8      16 sdb 4421938 1887 689969970 5477504 17990726 26170828 4753025832 660660808 0 6134596 666122024
======================
   8      16 sdb 4421938 1887 689969970 5477504 17990726 26170828 4753025832 660660808 0 6134596 666122024
======================
   8      16 sdb 4421938 1887 689969970 5477504 17990726 26170828 4753025832 660660808 0 6134596 666122024
======================
   8      16 sdb 4421938 1887 689969970 5477504 17990726 26170828 4753025832 660660808 0 6134596 666122024
======================
   8      16 sdb 4421938 1887 689969970 5477504 17990726 26170828 4753025832 660660808 0 6134596 666122024
======================
   8      16 sdb 4421938 1887 689969970 5477504 17990726 26170828 4753025832 660660808 0 6134596 666122024
======================
   8      16 sdb 4421938 1887 689969970 5477504 17990726 26170828 4753025832 660660808 0 6134596 666122024
======================
   8      16 sdb 4421938 1887 689969970 5477504 17990726 26170828 4753025832 660660808 0 6134596 666122024
======================
   8      16 sdb 4421938 1887 689969970 5477504 17990726 26170828 4753025832 660660808 0 6134596 666122024
======================
   8      16 sdb 4421938 1887 689969970 5477504 17990726 26170828 4753025832 660660808 0 6134596 666122024
======================
   8      16 sdb 4421938 1887 689969970 5477504 17990726 26170828 4753025832 660660808 0 6134596 666122024
======================
   8      16 sdb 4421938 1887 689969970 5477504 17990726 26170828 4753025832 660660808 0 6134596 666122024
======================
   8      16 sdb 4421938 1887 689969970 5477504 17990726 26170828 4753025832 660660808 0 6134596 666122024
======================
   8      16 sdb 4421938 1887 689969970 5477504 17990726 26170828 4753025832 660660808 0 6134596 666122024
======================
   8      16 sdb 4421938 1887 689969970 5477504 17990726 26170828 4753025832 660660808 0 6134596 666122024
======================
   8      16 sdb 4421938 1887 689969970 5477504 17990726 26170828 4753025832 660660808 0 6134596 666122024
======================
   8      16 sdb 4421938 1887 689969970 5477504 17990726 26170828 4753025832 660660808 0 6134596 666122024
======================
   8      16 sdb 4421938 1887 689969970 5477504 17990726 26170828 4753025832 660660808 0 6134596 666122024
======================
   8      16 sdb 4421938 1887 689969970 5477504 17990726 26170828 4753025832 660660808 0 6134596 666122024
======================
   8      16 sdb 4421938 1887 689969970 5477504 17990726 26170828 4753025832 660660808 0 6134596 666122024
======================
   8      16 sdb 4421938 1887 689969970 5477504 17990726 26170828 4753025832 660660808 0 6134596 666122024
======================
   8      16 sdb 4421938 1887 689969970 5477504 17990726 26170828 4753025832 660660808 0 6134596 666122024
======================
   8      16 sdb 4421938 1887 689969970 5477504 17990726 26170828 4753025832 660660808 0 6134596 666122024
======================
   8      16 sdb 4421938 1887 689969970 5477504 17990726 26170828 4753025832 660660808 0 6134596 666122024
======================
   8      16 sdb 4421938 1887 689969970 5477504 17990726 26170828 4753025832 660660808 0 6134596 666122024
