======================
   8      16 sdb 19408737 215144 1822792380 41785076 30071919 280024388 9150268488 1330250824 0 11661756 1371973888
======================
   8      16 sdb 19408768 215144 1822793508 41785084 30071919 280024388 9150268488 1330250824 0 11661760 1371973896
======================
   8      16 sdb 19408770 215144 1822793524 41785084 30071919 280024388 9150268488 1330250824 0 11661760 1371973896
======================
   8      16 sdb 19408771 215144 1822793532 41785088 30072879 280024388 9150760008 1330260312 0 11661844 1371983388
======================
   8      16 sdb 19408771 215144 1822793532 41785088 30074817 280024388 9151752264 1330369280 132 11662780 1372113104
======================
   8      16 sdb 19408771 215144 1822793532 41785088 30076833 280024388 9152784456 1330524408 132 11663784 1372254176
======================
   8      16 sdb 19408771 215144 1822793532 41785088 30078349 280024388 9153560648 1330645748 152 11664788 1372397012
======================
   8      16 sdb 19408772 215144 1822793540 41785136 30079942 280024415 9154375472 1330785696 129 11665792 1372533760
======================
   8      16 sdb 19408772 215144 1822793540 41785136 30081942 280024415 9155399472 1330946396 145 11666796 1372673216
======================
   8      16 sdb 19408772 215144 1822793540 41785136 30083762 280024415 9156331312 1331082748 149 11667800 1372816832
======================
   8      16 sdb 19408772 215144 1822793540 41785136 30085314 280024415 9157125936 1331220724 133 11668804 1372956644
======================
   8      16 sdb 19408772 215144 1822793540 41785136 30086902 280024415 9157938992 1331368584 145 11669808 1373096048
======================
   8      16 sdb 19408773 215144 1822793548 41785196 30089478 280024452 9159253160 1331500836 155 11670812 1373228264
======================
   8      16 sdb 19408773 215144 1822793548 41785196 30091435 280024452 9160255144 1331641172 150 11671816 1373370568
======================
   8      16 sdb 19408773 215144 1822793548 41785196 30093043 280024452 9161078440 1331783464 142 11672820 1373512600
======================
   8      16 sdb 19408774 215144 1822793556 41785280 30094884 280024452 9162020528 1331921496 151 11673828 1373649392
======================
   8      16 sdb 19408774 215144 1822793556 41785280 30096699 280024467 9162948416 1332067608 146 11674832 1373793220
======================
   8      16 sdb 19408774 215144 1822793556 41785280 30098393 280024489 9163815416 1332200844 145 11675836 1373929588
======================
   8      16 sdb 19408774 215144 1822793556 41785280 30100173 280024489 9164726776 1332343660 155 11676840 1374072500
======================
   8      16 sdb 19408774 215144 1822793556 41785280 30101947 280024489 9165635064 1332486388 143 11677844 1374215504
======================
   8      16 sdb 19408775 215144 1822793564 41785364 30103839 280024489 9166603264 1332622092 135 11678848 1374350696
======================
   8      16 sdb 19408775 215144 1822793564 41785364 30105752 280024505 9167581840 1332764840 142 11679852 1374493608
======================
   8      16 sdb 19408775 215144 1822793564 41785364 30107633 280024528 9168544592 1332901996 139 11680856 1374630616
======================
   8      16 sdb 19408775 215144 1822793564 41785364 30109522 280024528 9169511760 1333044156 146 11681860 1374772748
======================
   8      16 sdb 19408776 215144 1822793572 41785448 30111429 280024544 9170487640 1333178776 143 11682864 1374907660
======================
   8      16 sdb 19408776 215144 1822793572 41785448 30113346 280024544 9171467760 1333321380 146 11683868 1375050012
======================
   8      16 sdb 19408776 215144 1822793572 41785448 30115183 280024544 9172408304 1333464024 133 11684872 1375192984
======================
   8      16 sdb 19408776 215144 1822793572 41785448 30116955 280024566 9173315240 1333600856 151 11685876 1375329772
======================
   8      16 sdb 19408777 215144 1822793580 41785536 30118769 280024566 9174244016 1333736296 146 11686880 1375465112
======================
   8      16 sdb 19408777 215144 1822793580 41785536 30120674 280024582 9175217984 1333878104 129 11687884 1375606836
======================
   8      16 sdb 19408777 215144 1822793580 41785536 30122567 280024582 9176187200 1334019788 149 11688888 1375748540
======================
   8      16 sdb 19408777 215144 1822793580 41785536 30124492 280024582 9177172800 1334161360 151 11689892 1375889956
======================
   8      16 sdb 19408778 215144 1822793588 41785576 30126408 280024620 9178152960 1334292756 130 11690896 1376021508
======================
   8      16 sdb 19408778 215144 1822793588 41785576 30128331 280024620 9179136656 1334435492 133 11691896 1376163712
======================
   8      16 sdb 19408778 215144 1822793588 41785576 30130243 280024620 9180115600 1334577852 135 11692900 1376306260
======================
   8      16 sdb 19408778 215144 1822793588 41785576 30132166 280024620 9181100176 1334720284 132 11693904 1376448724
======================
   8      16 sdb 19408779 215144 1822793596 41785656 30134062 280024620 9182070928 1334855712 129 11694908 1376584076
======================
   8      16 sdb 19408779 215144 1822793596 41785656 30135955 280024644 9183039832 1334991916 137 11695912 1376720884
======================
   8      16 sdb 19408779 215144 1822793596 41785656 30137874 280024644 9184022360 1335134560 138 11696916 1376863176
======================
   8      16 sdb 19408779 215144 1822793596 41785656 30139787 280024644 9185001816 1335276780 145 11697920 1377005380
======================
   8      16 sdb 19408780 215144 1822793604 41785740 30141707 280024644 9185984352 1335412420 131 11698924 1377140880
======================
   8      16 sdb 19408780 215144 1822793604 41785740 30143631 280024660 9186967552 1335555324 135 11699928 1377283756
======================
   8      16 sdb 19408780 215144 1822793604 41785740 30145550 280024683 9187949760 1335692984 139 11700932 1377421608
======================
   8      16 sdb 19408780 215144 1822793604 41785740 30147458 280024683 9188926656 1335835796 151 11701936 1377564416
======================
   8      16 sdb 19408781 215144 1822793612 41785820 30149350 280024683 9189894856 1335970612 134 11702940 1377700256
======================
   8      16 sdb 19408781 215144 1822793612 41785820 30151271 280024700 9190877536 1336110444 147 11703944 1377839156
======================
   8      16 sdb 19408781 215144 1822793612 41785820 30153189 280024700 9191859552 1336253028 128 11704948 1377981692
======================
   8      16 sdb 19408781 215144 1822793612 41785820 30155102 280024722 9192838680 1336389804 135 11705952 1378118804
======================
   8      16 sdb 19408782 215144 1822793620 41785904 30157023 280024722 9193821728 1336525412 152 11706952 1378253932
======================
   8      16 sdb 19408782 215144 1822793620 41785904 30158943 280024738 9194803888 1336667956 152 11707960 1378397192
======================
   8      16 sdb 19408782 215144 1822793620 41785904 30160831 280024738 9195770544 1336810544 152 11708960 1378539200
======================
   8      16 sdb 19408782 215144 1822793620 41785904 30162772 280024738 9196764336 1336953444 131 11709964 1378682072
======================
   8      16 sdb 19408783 215144 1822793628 41785988 30164669 280024761 9197734776 1337083132 128 11710968 1378811712
======================
   8      16 sdb 19408783 215144 1822793628 41785988 30166585 280024778 9198714896 1337224896 132 11711972 1378953612
======================
   8      16 sdb 19408783 215144 1822793628 41785988 30168503 280024778 9199696912 1337367264 134 11712976 1379096172
======================
   8      16 sdb 19408783 215144 1822793628 41785988 30170423 280024778 9200679952 1337509564 134 11713980 1379238432
======================
   8      16 sdb 19408784 215144 1822793636 41786064 30172334 280024778 9201658384 1337645464 142 11714984 1379374508
======================
   8      16 sdb 19408784 215144 1822793636 41786064 30174261 280024802 9202644696 1337782572 147 11715988 1379511520
======================
   8      16 sdb 19408784 215144 1822793636 41786064 30176159 280024802 9203616472 1337924864 137 11716988 1379653408
======================
   8      16 sdb 19408784 215144 1822793636 41786064 30178054 280024802 9204586712 1338067216 130 11717992 1379795856
======================
   8      16 sdb 19408785 215144 1822793644 41786160 30179941 280024802 9205552352 1338201492 132 11718996 1379930128
======================
   8      16 sdb 19408785 215144 1822793644 41786160 30181861 280024818 9206533504 1338343784 132 11720000 1380072656
======================
   8      16 sdb 19408785 215144 1822793644 41786160 30183773 280024840 9207512120 1338481468 150 11721004 1380210308
======================
   8      16 sdb 19408785 215144 1822793644 41786160 30185692 280024840 9208494648 1338624056 151 11722008 1380352956
======================
   8      16 sdb 19408786 215144 1822793652 41786244 30187606 280024840 9209474112 1338759916 141 11723012 1380489048
======================
   8      16 sdb 19408786 215144 1822793652 41786244 30189531 280024856 9210459344 1338901756 136 11724016 1380631412
======================
   8      16 sdb 19408786 215144 1822793652 41786244 30191419 280024856 9211426000 1339046392 143 11725036 1380778616
======================
   8      16 sdb 19408786 215144 1822793652 41786244 30193326 280024879 9212401552 1339183116 136 11726040 1380915204
======================
   8      16 sdb 19408787 215144 1822793660 41786332 30195240 280024879 9213381016 1339318408 131 11727040 1381050216
======================
   8      16 sdb 19408787 215144 1822793660 41786332 30197164 280024896 9214365232 1339460232 156 11728048 1381192620
======================
   8      16 sdb 19408787 215144 1822793660 41786332 30199070 280024896 9215341104 1339602940 141 11729048 1381334704
======================
   8      16 sdb 19408787 215144 1822793660 41786332 30200986 280024896 9216322096 1339745340 145 11730052 1381477196
======================
   8      16 sdb 19408788 215144 1822793668 41786416 30202899 280024919 9217300728 1339874484 155 11731056 1381606560
======================
   8      16 sdb 19408788 215144 1822793668 41786416 30204795 280024935 9218270096 1340016668 148 11732056 1381748968
======================
   8      16 sdb 19408788 215144 1822793668 41786416 30206694 280024935 9219242384 1340159244 136 11733060 1381891772
======================
   8      16 sdb 19408788 215144 1822793668 41786416 30208612 280024935 9220224912 1340301420 138 11734064 1382034156
======================
   8      16 sdb 19408789 215144 1822793676 41786496 30210532 280024935 9221207952 1340434908 150 11735068 1382167544
======================
   8      16 sdb 19408789 215144 1822793676 41786496 30212447 280024958 9222187600 1340571016 131 11736068 1382303312
======================
   8      16 sdb 19408789 215144 1822793676 41786496 30214367 280024958 9223170640 1340713332 131 11737072 1382445720
======================
   8      16 sdb 19408789 215144 1822793676 41786496 30216278 280024958 9224149072 1340854892 140 11738076 1382587656
======================
   8      16 sdb 19408790 215144 1822793684 41786580 30218179 280024958 9225121880 1340989700 157 11739080 1382722300
======================
   8      16 sdb 19408790 215144 1822793684 41786580 30220079 280024974 9226093296 1341131772 145 11740084 1382865064
======================
   8      16 sdb 19408790 215144 1822793684 41786580 30221989 280024997 9227070896 1341269092 134 11741088 1383001944
======================
   8      16 sdb 19408790 215144 1822793684 41786580 30223314 280024997 9227749296 1341367284 146 11742092 1383145772
======================
   8      16 sdb 19408791 215144 1822793692 41786660 30225832 280024997 9229038008 1341543120 142 11743096 1383276252
======================
   8      16 sdb 19408791 215144 1822793692 41786660 30227747 280025014 9230017616 1341685812 139 11744100 1383418628
======================
   8      16 sdb 19408791 215144 1822793692 41786660 30229669 280025014 9231001680 1341827956 145 11745100 1383560480
======================
   8      16 sdb 19408791 215144 1822793692 41786660 30231585 280025037 9231982352 1341965312 129 11746104 1383697872
======================
   8      16 sdb 19408792 215144 1822793700 41786752 30233474 280025037 9232949016 1342100552 132 11747108 1383832964
======================
   8      16 sdb 19408792 215144 1822793700 41786752 30235382 280025053 9233924528 1342241732 144 11748112 1383974940
======================
   8      16 sdb 19408792 215144 1822793700 41786752 30237305 280025053 9234909104 1342384888 141 11749116 1384117548
======================
   8      16 sdb 19408792 215144 1822793700 41786752 30239223 280025053 9235891120 1342527396 140 11750120 1384259932
======================
   8      16 sdb 19408793 215144 1822793708 41786836 30241140 280025076 9236871800 1342656572 136 11751124 1384389368
======================
   8      16 sdb 19408793 215144 1822793708 41786836 30243067 280025093 9237857552 1342798296 129 11752128 1384530824
======================
   8      16 sdb 19408793 215144 1822793708 41786836 30244975 280025093 9238834448 1342939088 141 11753132 1384672580
======================
   8      16 sdb 19408793 215144 1822793708 41786836 30246881 280025093 9239810320 1343081416 155 11754136 1384814452
======================
   8      16 sdb 19408794 215144 1822793716 41786912 30248775 280025093 9240780048 1343216188 152 11755140 1384949404
======================
   8      16 sdb 19408794 215144 1822793716 41786912 30250693 280025117 9241761752 1343352812 138 11756144 1385085816
======================
   8      16 sdb 19408794 215144 1822793716 41786912 30252609 280025117 9242742744 1343494012 142 11757144 1385226652
======================
   8      16 sdb 19408794 215144 1822793716 41786912 30254521 280025117 9243721688 1343635364 150 11758148 1385368484
======================
   8      16 sdb 19408795 215144 1822793724 41786996 30256448 280025117 9244708320 1343770888 131 11759152 1385503728
======================
   8      16 sdb 19408795 215144 1822793724 41786996 30258370 280025133 9245689984 1343913220 129 11760156 1385645916
======================
   8      16 sdb 19408795 215144 1822793724 41786996 30260275 280025156 9246665024 1344050612 133 11761164 1385783520
======================
   8      16 sdb 19408795 215144 1822793724 41786996 30262189 280025156 9247645504 1344193112 139 11762168 1385926140
======================
   8      16 sdb 19408796 215144 1822793732 41787080 30264098 280025156 9248621896 1344327560 135 11763172 1386061456
======================
   8      16 sdb 19408796 215144 1822793732 41787080 30266032 280025172 9249610720 1344470004 153 11764176 1386203012
======================
   8      16 sdb 19408796 215144 1822793732 41787080 30267955 280025172 9250595296 1344611400 150 11765184 1386345048
======================
   8      16 sdb 19408796 215144 1822793732 41787080 30269854 280025195 9251567264 1344747892 133 11766184 1386481008
======================
   8      16 sdb 19408797 215144 1822793740 41787164 30271774 280025195 9252549800 1344882916 145 11767188 1386616460
======================
   8      16 sdb 19408797 215144 1822793740 41787164 30273657 280025212 9253513024 1345024432 150 11768192 1386758824
======================
   8      16 sdb 19408797 215144 1822793740 41787164 30275556 280025212 9254485312 1345167428 139 11769196 1386901504
======================
   8      16 sdb 19408797 215144 1822793740 41787164 30277474 280025212 9255467328 1345310256 141 11770196 1387043824
======================
   8      16 sdb 19408798 215144 1822793748 41787252 30279400 280025234 9256452608 1345440444 141 11771200 1387174500
======================
   8      16 sdb 19408798 215144 1822793748 41787252 30281315 280025250 9257432208 1345582524 146 11772204 1387316584
======================
   8      16 sdb 19408798 215144 1822793748 41787252 30283227 280025250 9258411152 1345723824 154 11773208 1387458660
======================
   8      16 sdb 19408798 215144 1822793748 41787252 30285157 280025250 9259399312 1345866696 144 11774212 1387600856
======================
   8      16 sdb 19408799 215144 1822793756 41787328 30287049 280025250 9260368528 1346001824 144 11775216 1387736108
======================
   8      16 sdb 19408799 215144 1822793756 41787328 30288939 280025274 9261335384 1346139076 154 11776220 1387873372
======================
   8      16 sdb 19408799 215144 1822793756 41787328 30290857 280025274 9262317400 1346281740 146 11777224 1388015904
======================
   8      16 sdb 19408799 215144 1822793756 41787328 30292764 280025274 9263293784 1346422876 137 11778224 1388157500
======================
   8      16 sdb 19408800 215144 1822793764 41787416 30294698 280025274 9264283488 1346558784 141 11779228 1388292780
======================
   8      16 sdb 19408800 215144 1822793764 41787416 30296608 280025290 9265259520 1346701420 151 11780232 1388434988
======================
   8      16 sdb 19408800 215144 1822793764 41787416 30298535 280025313 9266245824 1346837724 153 11781236 1388571748
======================
   8      16 sdb 19408800 215144 1822793764 41787416 30300430 280025313 9267216064 1346979076 146 11782240 1388713284
======================
   8      16 sdb 19408801 215144 1822793772 41787492 30302314 280025313 9268180168 1347112548 145 11783244 1388847896
======================
   8      16 sdb 19408801 215144 1822793772 41787492 30304243 280025313 9269167816 1347255816 136 11784248 1388990564
======================
   8      16 sdb 19408801 215144 1822793772 41787492 30306163 280025313 9270150856 1347398712 136 11785252 1389133228
======================
   8      16 sdb 19408801 215144 1822793772 41787492 30308082 280025335 9271132552 1347536188 154 11786256 1389270628
======================
   8      16 sdb 19408802 215144 1822793780 41787580 30310001 280025335 9272115080 1347671508 145 11787256 1389405664
======================
   8      16 sdb 19408802 215144 1822793780 41787580 30311914 280025335 9273094536 1347813920 151 11788260 1389548172
======================
   8      16 sdb 19408802 215144 1822793780 41787580 30313808 280025335 9274064264 1347956360 145 11789264 1389690784
======================
   8      16 sdb 19408802 215144 1822793780 41787580 30315717 280025335 9275041672 1348098516 156 11790268 1389833264
======================
   8      16 sdb 19408803 215144 1822793788 41787664 30317621 280025358 9276015696 1348228052 141 11791272 1389962360
======================
   8      16 sdb 19408803 215144 1822793788 41787664 30317811 280025421 9276106912 1348241516 0 11791368 1389970612
======================
   8      16 sdb 19408803 215144 1822793788 41787664 30317811 280025421 9276106912 1348241516 0 11791368 1389970612
======================
   8      16 sdb 19408803 215144 1822793788 41787664 30317811 280025421 9276106912 1348241516 0 11791368 1389970612
======================
   8      16 sdb 19408803 215144 1822793788 41787664 30317811 280025421 9276106912 1348241516 0 11791368 1389970612
======================
   8      16 sdb 19408803 215144 1822793788 41787664 30317811 280025421 9276106912 1348241516 0 11791368 1389970612
======================
   8      16 sdb 19408803 215144 1822793788 41787664 30317811 280025421 9276106912 1348241516 0 11791368 1389970612
started
======================
   8      16 sdb 19408925 215144 1822794758 41787716 30317828 280025421 9276106976 1348241520 0 11791376 1389970668
======================
   8      16 sdb 19408931 215144 1822794806 41787716 30317828 280025421 9276106976 1348241520 0 11791376 1389970668
======================
   8      16 sdb 19408931 215144 1822794806 41787716 30317828 280025421 9276106976 1348241520 0 11791376 1389970668
======================
   8      16 sdb 19408931 215144 1822794806 41787716 30321998 280025421 9276388448 1348249108 123 11791432 1389978256
======================
   8      16 sdb 19408931 215144 1822794806 41787716 30340003 280025422 9277611232 1348372840 134 11792320 1390102712
======================
   8      16 sdb 19408931 215144 1822794806 41787716 30353469 280025422 9278545760 1348514368 140 11793324 1390244308
======================
   8      16 sdb 19408931 215144 1822794806 41787716 30366500 280025425 9279467456 1348656568 155 11794328 1390386612
======================
   8      16 sdb 19408931 215144 1822794806 41787716 30379406 280025427 9280392648 1348798344 153 11795332 1390528592
======================
   8      16 sdb 19408931 215144 1822794806 41787716 30392211 280025429 9281319368 1348940000 134 11796332 1390669592
======================
   8      16 sdb 19408931 215144 1822794806 41787716 30404994 280025431 9282257160 1349081192 151 11797336 1390810712
======================
   8      16 sdb 19408931 215144 1822794806 41787716 30417694 280025433 9283200584 1349222748 133 11798340 1390952356
======================
   8      16 sdb 19408931 215144 1822794806 41787716 30430214 280025436 9284139680 1349363792 154 11799344 1391093480
======================
   8      16 sdb 19408931 215144 1822794806 41787716 30442643 280025438 9285078624 1349505392 141 11800348 1391235128
======================
   8      16 sdb 19408931 215144 1822794806 41787716 30454904 280025440 9286013024 1349646476 136 11801352 1391376236
======================
   8      16 sdb 19408931 215144 1822794806 41787716 30466961 280025442 9286938016 1349786948 145 11802356 1391516792
======================
   8      16 sdb 19408931 215144 1822794806 41787716 30478950 280025444 9287868832 1349928340 128 11803360 1391658220
======================
   8      16 sdb 19408931 215144 1822794806 41787716 30491001 280025447 9288812088 1350068952 133 11804364 1391798728
======================
   8      16 sdb 19408931 215144 1822794806 41787716 30502958 280025449 9289748984 1350210752 144 11805368 1391940620
======================
   8      16 sdb 19408931 215144 1822794806 41787716 30514811 280025451 9290684536 1350351816 131 11806368 1392081088
======================
   8      16 sdb 19408931 215144 1822794806 41787716 30526834 280025453 9291627128 1350492184 141 11807372 1392221544
======================
   8      16 sdb 19408931 215144 1822794806 41787716 30538984 280025454 9292551936 1350633452 139 11808376 1392362808
======================
   8      16 sdb 19408931 215144 1822794806 41787716 30551162 280025456 9293485208 1350773956 128 11809380 1392503496
======================
   8      16 sdb 19408931 215144 1822794806 41787716 30563309 280025456 9294421080 1350914628 141 11810384 1392644204
======================
   8      16 sdb 19408931 215144 1822794806 41787716 30575470 280025456 9295361752 1351055772 140 11811388 1392785396
======================
   8      16 sdb 19408931 215144 1822794806 41787716 30587557 280025456 9296303640 1351196104 149 11812392 1392925788
======================
   8      16 sdb 19408931 215144 1822794806 41787716 30599605 280025456 9297243480 1351337324 148 11813396 1393066956
======================
   8      16 sdb 19408931 215144 1822794806 41787716 30611644 280025458 9298174840 1351477920 136 11814396 1393206996
======================
   8      16 sdb 19408931 215144 1822794806 41787716 30623788 280025460 9299117240 1351613868 129 11815404 1393343344
======================
   8      16 sdb 19408931 215144 1822794806 41787716 30635743 280025461 9300040376 1351755916 142 11816404 1393484972
======================
   8      16 sdb 19408931 215144 1822794806 41787716 30647817 280025463 9300971832 1351897120 136 11817408 1393626120
======================
   8      16 sdb 19408931 215144 1822794806 41787716 30659911 280025466 9301910520 1352037896 143 11818412 1393766948
======================
   8      16 sdb 19408931 215144 1822794806 41787716 30672010 280025469 9302847312 1352178976 142 11819416 1393908092
======================
   8      16 sdb 19408931 215144 1822794806 41787716 30684121 280025471 9303786704 1352320372 133 11820420 1394049540
======================
   8      16 sdb 19408931 215144 1822794806 41787716 30696242 280025473 9304717200 1352462196 139 11821424 1394191356
======================
   8      16 sdb 19408931 215144 1822794806 41787716 30708328 280025475 9305658768 1352603792 149 11822428 1394333036
======================
   8      16 sdb 19408931 215144 1822794806 41787716 30720189 280025477 9306579984 1352746432 147 11823432 1394475748
======================
   8      16 sdb 19408931 215144 1822794806 41787716 30732161 280025479 9307506024 1352887372 128 11824432 1394616120
======================
   8      16 sdb 19408931 215144 1822794806 41787716 30744297 280025481 9308445608 1353029412 151 11825436 1394758140
======================
   8      16 sdb 19408931 215144 1822794806 41787716 30756300 280025483 9309374504 1353170788 128 11826440 1394899472
======================
   8      16 sdb 19408931 215144 1822794806 41787716 30768369 280025485 9310312040 1353310472 146 11827444 1395039196
======================
   8      16 sdb 19408931 215144 1822794806 41787716 30780067 280025487 9311219496 1353452772 152 11828448 1395181424
======================
   8      16 sdb 19408931 215144 1822794806 41787716 30792198 280025490 9312154752 1353593372 151 11829452 1395322056
======================
   8      16 sdb 19408931 215144 1822794806 41787716 30802591 280025492 9312961152 1353714860 158 11830456 1395465380
======================
   8      16 sdb 19408931 215144 1822794806 41787716 30815895 280025494 9313992448 1353880108 147 11831460 1395608856
======================
   8      16 sdb 19408931 215144 1822794806 41787716 30827781 280025495 9314912888 1354021328 151 11832464 1395750096
======================
   8      16 sdb 19408931 215144 1822794806 41787716 30839893 280025495 9315843576 1354163288 143 11833468 1395892064
======================
   8      16 sdb 19408931 215144 1822794806 41787716 30852123 280025496 9316789712 1354305404 139 11834472 1396034224
======================
   8      16 sdb 19408931 215144 1822794806 41787716 30864049 280025496 9317714960 1354445984 149 11835476 1396175364
======================
   8      16 sdb 19408931 215144 1822794806 41787716 30876166 280025496 9318650256 1354587712 128 11836480 1396316532
======================
   8      16 sdb 19408931 215144 1822794806 41787716 30888302 280025496 9319589264 1354730080 152 11837484 1396458932
======================
   8      16 sdb 19408931 215144 1822794806 41787716 30900322 280025496 9320516176 1354871416 135 11838488 1396600344
======================
   8      16 sdb 19408931 215144 1822794806 41787716 30912337 280025497 9321444200 1355012192 128 11839488 1396740484
======================
   8      16 sdb 19408931 215144 1822794806 41787716 30924368 280025497 9322381928 1355152592 129 11840492 1396881004
======================
   8      16 sdb 19408931 215144 1822794806 41787716 30936450 280025498 9323319336 1355294480 143 11841496 1397022912
======================
   8      16 sdb 19408931 215144 1822794806 41787716 30948549 280025498 9324256936 1355434780 140 11842500 1397163184
======================
   8      16 sdb 19408931 215144 1822794806 41787716 30960751 280025499 9325196840 1355576044 130 11843504 1397304608
======================
   8      16 sdb 19408931 215144 1822794806 41787716 30972946 280025500 9326138176 1355717464 129 11844512 1397446580
======================
   8      16 sdb 19408931 215144 1822794806 41787716 30984814 280025500 9327060608 1355858752 151 11845516 1397587856
======================
   8      16 sdb 19408931 215144 1822794806 41787716 30996721 280025500 9327982592 1356000520 148 11846520 1397729572
======================
   8      16 sdb 19408931 215144 1822794806 41787716 31008852 280025500 9328920256 1356141648 145 11847524 1397871096
======================
   8      16 sdb 19408931 215144 1822794806 41787716 31020959 280025501 9329860992 1356283832 132 11848524 1398012636
======================
   8      16 sdb 19408931 215144 1822794806 41787716 31033139 280025502 9330803160 1356424732 145 11849528 1398153588
======================
   8      16 sdb 19408931 215144 1822794806 41787716 31045308 280025502 9331734872 1356565932 136 11850532 1398294704
