======================
   8      16 sdb 4421938 1887 689969970 5477504 17990726 26170828 4753025832 660660808 0 6134596 666122024
======================
   8      16 sdb 4421938 1887 689969970 5477504 17990726 26170828 4753025832 660660808 0 6134596 666122024
======================
   8      16 sdb 4422521 1887 689974634 5477568 17990726 26170828 4753025832 660660808 0 6134640 666122088
======================
   8      16 sdb 4422528 1887 689974690 5477620 17995847 26170949 4755646384 660704056 89 6135096 666166768
======================
   8      16 sdb 4422532 1887 689974722 5477888 17997754 26170949 4756621744 660820760 145 6136100 666287500
======================
   8      16 sdb 4422536 1887 689974754 5478192 17999680 26170949 4757606832 660940484 141 6137104 666407640
======================
   8      16 sdb 4422537 1887 689974762 5478268 18000373 26170949 4757961648 661013844 153 6138108 666537656
======================
   8      16 sdb 4422542 1887 689974802 5478612 18002298 26171498 4758945952 661193884 134 6139108 666661376
======================
   8      16 sdb 4422544 1887 689974818 5478620 18004222 26171498 4759931040 661336600 154 6140112 666804220
======================
   8      16 sdb 4422546 1887 689974834 5478652 18006327 26172000 4760990640 661481560 129 6141116 666947716
======================
   8      16 sdb 4422550 1887 689974866 5478720 18008462 26172000 4762083760 661622872 147 6142120 667089440
======================
   8      16 sdb 4422553 1887 689974890 5478784 18010575 26172000 4763165616 661762140 152 6143124 667229540
======================
   8      16 sdb 4422555 1887 689974906 5478836 18012708 26172021 4764256872 661905092 151 6144128 667371664
======================
   8      16 sdb 4422559 1887 689974938 5479096 18014297 26172021 4765070440 662032972 148 6145128 667499376
======================
   8      16 sdb 4422561 1887 689974954 5479096 18015759 26172021 4765818984 662175000 156 6146132 667643036
======================
   8      16 sdb 4422565 1887 689974986 5479152 18018142 26172021 4767038944 662317212 155 6147156 667786060
======================
   8      16 sdb 4422568 1887 689975010 5479204 18019931 26172032 4767953992 662461112 142 6148180 667930128
======================
   8      16 sdb 4422573 1887 689975050 5479336 18021612 26172058 4768814368 662589784 131 6149184 668069752
======================
   8      16 sdb 4422576 1887 689975074 5479412 18023632 26172058 4769848104 662736824 152 6150188 668209788
======================
   8      16 sdb 4422579 1887 689975098 5479508 18025751 26172058 4770933032 662881664 110 6151192 668348368
======================
   8      16 sdb 4422582 1887 689975122 5479608 18027879 26172070 4772020648 663012956 94 6152196 668484448
======================
   8      16 sdb 4422587 1887 689975162 5479852 18030398 26172070 4773310376 663149992 119 6153200 668618248
======================
   8      16 sdb 4422592 1887 689975202 5480076 18032411 26172101 4774340776 663274928 146 6154204 668744492
======================
   8      16 sdb 4422596 1887 689975234 5480292 18034331 26172101 4775323816 663406372 135 6155204 668875460
======================
   8      16 sdb 4422600 1887 689975266 5480520 18036254 26172101 4776307888 663533780 137 6156208 669003220
======================
   8      16 sdb 4422603 1887 689975290 5480724 18038138 26172101 4777272496 663662388 29 6157208 669128692
======================
   8      16 sdb 4422608 1887 689975330 5481036 18040044 26172101 4778248368 663781992 141 6158212 669252000
======================
   8      16 sdb 4422612 1887 689975362 5481308 18041972 26172145 4779231320 663899156 133 6159216 669369560
======================
   8      16 sdb 4422616 1887 689975394 5481600 18043891 26172145 4780213848 664020564 154 6160212 669488132
======================
   8      16 sdb 4422619 1887 689975418 5481824 18045823 26172145 4781203032 664143748 65 6161220 669612800
======================
   8      16 sdb 4422624 1887 689975458 5482144 18047749 26172145 4782189144 664259716 148 6162228 669730884
======================
   8      16 sdb 4422628 1887 689975490 5482432 18049672 26172145 4783173720 664379192 144 6163232 669850708
======================
   8      16 sdb 4422632 1887 689975522 5482716 18051575 26172193 4784145416 664498708 143 6164236 669969340
======================
   8      16 sdb 4422635 1887 689975546 5482928 18053477 26172193 4785119240 664625068 65 6165240 670095168
======================
   8      16 sdb 4422640 1887 689975586 5483256 18055413 26172193 4786110472 664741708 153 6166248 670213688
======================
   8      16 sdb 4422644 1887 689975618 5483552 18057356 26172203 4787101336 664861960 132 6167260 670334092
======================
   8      16 sdb 4422648 1887 689975650 5483852 18059254 26172203 4788073112 664981444 144 6168272 670455044
======================
   8      16 sdb 4422651 1887 689975674 5484008 18061215 26172238 4789076416 665105808 1 6169276 670573368
======================
   8      16 sdb 4422656 1887 689975714 5484340 18063146 26172238 4790065088 665221756 134 6170280 670694680
======================
   8      16 sdb 4422660 1887 689975746 5484632 18065046 26172238 4791037888 665340416 130 6171280 670813892
======================
   8      16 sdb 4422664 1887 689975778 5484932 18066947 26172238 4792011200 665462240 139 6172284 670934100
======================
   8      16 sdb 4422667 1887 689975802 5485164 18068879 26172250 4792995944 665585980 58 6173288 671058160
======================
   8      16 sdb 4422672 1887 689975842 5485500 18070798 26172285 4793977744 665695296 156 6174288 671169260
======================
   8      16 sdb 4422676 1887 689975874 5485796 18072719 26172285 4794961296 665814768 132 6175288 671289320
======================
   8      16 sdb 4422680 1887 689975906 5486104 18074640 26172285 4795944848 665936360 131 6176288 671409208
======================
   8      16 sdb 4422683 1887 689975930 5486316 18076503 26172285 4796898704 666056320 132 6177292 671535116
======================
   8      16 sdb 4422688 1887 689975970 5486496 18078463 26172285 4797902224 666199792 157 6178300 671674980
======================
   8      16 sdb 4422692 1887 689976002 5486524 18080369 26172333 4798873944 666341152 151 6179304 671817404
======================
   8      16 sdb 4422696 1887 689976034 5486576 18082291 26172333 4799858008 666484400 145 6180308 671959832
======================
   8      16 sdb 4422699 1887 689976058 5486628 18084212 26172333 4800841560 666624964 112 6181312 672101224
======================
   8      16 sdb 4422704 1887 689976098 5486740 18086134 26172333 4801825624 666765812 143 6182316 672241304
======================
   8      16 sdb 4422708 1887 689976130 5486844 18088061 26172333 4802812248 666904148 143 6183320 672379744
======================
   8      16 sdb 4422712 1887 689976162 5486980 18089996 26172382 4803800840 667043052 151 6184328 672518208
======================
   8      16 sdb 4422715 1887 689976186 5487092 18091906 26172382 4804778256 667181100 104 6185336 672656280
======================
   8      16 sdb 4422720 1887 689976226 5487324 18093810 26172382 4805753104 667308612 131 6186344 672784676
======================
   8      16 sdb 4422724 1887 689976258 5487516 18095735 26172382 4806738704 667439108 152 6187348 672915288
======================
   8      16 sdb 4422728 1887 689976290 5487724 18097669 26172382 4807728912 667574344 138 6188360 673049028
======================
   8      16 sdb 4422731 1887 689976314 5487848 18099598 26172428 4808712896 667702508 100 6189360 673178376
======================
   8      16 sdb 4422736 1887 689976354 5488144 18101536 26172428 4809705152 667824120 151 6190372 673300768
======================
   8      16 sdb 4422740 1887 689976386 5488424 18103419 26172428 4810669248 667947096 134 6191380 673425440
======================
   8      16 sdb 4422744 1887 689976418 5488728 18105367 26172443 4811664728 668072716 146 6192384 673545888
======================
   8      16 sdb 4422747 1887 689976442 5488956 18107265 26172443 4812636504 668192636 133 6193388 673672032
======================
   8      16 sdb 4422752 1887 689976482 5489136 18109171 26172476 4813612136 668333732 150 6194392 673811944
======================
   8      16 sdb 4422756 1887 689976514 5489164 18111092 26172476 4814595184 668475556 147 6195396 673955052
======================
   8      16 sdb 4422759 1887 689976538 5489196 18112971 26172476 4815557232 668618248 145 6196400 674098100
======================
   8      16 sdb 4422763 1887 689976570 5489260 18114937 26172476 4816563824 668761928 150 6197404 674239748
======================
   8      16 sdb 4422768 1887 689976610 5489400 18116860 26172493 4817545512 668898968 133 6198408 674377032
======================
   8      16 sdb 4422772 1887 689976642 5489512 18118782 26172523 4818529312 669037468 155 6199408 674514772
======================
   8      16 sdb 4422775 1887 689976666 5489608 18120703 26172523 4819512360 669174936 101 6200412 674652624
======================
   8      16 sdb 4422779 1887 689976698 5489764 18122599 26172523 4820483112 669312192 150 6201416 674790476
======================
   8      16 sdb 4422784 1887 689976738 5490000 18124498 26172523 4821455400 669439232 129 6202420 674917756
======================
   8      16 sdb 4422788 1887 689976770 5490196 18126424 26172539 4822439624 669573968 148 6203424 675049784
======================
   8      16 sdb 4422791 1887 689976794 5490352 18128347 26172571 4823423448 669701016 137 6204424 675179904
======================
   8      16 sdb 4422795 1887 689976826 5490580 18130264 26172571 4824404952 669828604 133 6205428 675307856
======================
   8      16 sdb 4422800 1887 689976866 5490804 18132128 26172571 4825359320 669948344 141 6206432 675425224
======================
   8      16 sdb 4422803 1887 689976890 5491016 18134059 26172571 4826347992 670074956 63 6207432 675552876
======================
   8      16 sdb 4422807 1887 689976922 5491328 18135954 26172571 4827318232 670195452 147 6208432 675675492
======================
   8      16 sdb 4422811 1887 689976954 5491624 18137848 26172619 4828285824 670307888 135 6209432 675788880
======================
   8      16 sdb 4422816 1887 689976994 5491876 18139775 26172619 4829272448 670429976 143 6210436 675905872
======================
   8      16 sdb 4422819 1887 689977018 5492096 18141702 26172619 4830259072 670550064 105 6211432 676030284
======================
   8      16 sdb 4422823 1887 689977050 5492404 18143581 26172619 4831221120 670668988 154 6212436 676150880
======================
   8      16 sdb 4422827 1887 689977082 5492704 18145546 26172619 4832227200 670789776 153 6213440 676271164
======================
   8      16 sdb 4422832 1887 689977122 5493036 18147478 26172690 4833210400 670902864 152 6214436 676379924
======================
   8      16 sdb 4422835 1887 689977146 5493268 18149378 26172690 4834183712 671024172 122 6215444 676505880
======================
   8      16 sdb 4422839 1887 689977178 5493576 18151282 26172690 4835158048 671144268 147 6216448 676626068
======================
   8      16 sdb 4422843 1887 689977210 5493884 18153202 26172690 4836141088 671264424 147 6217452 676746640
======================
   8      16 sdb 4422847 1887 689977242 5494112 18155120 26172690 4837123104 671385104 12 6218456 676863228
======================
   8      16 sdb 4422851 1887 689977274 5494412 18157043 26172722 4838106928 671502480 139 6219456 676985496
======================
   8      16 sdb 4422855 1887 689977306 5494716 18158964 26172722 4839090480 671621852 148 6220452 677104872
======================
   8      16 sdb 4422859 1887 689977338 5495024 18160890 26172722 4840076592 671742372 140 6221456 677225908
======================
   8      16 sdb 4422863 1887 689977370 5495280 18162787 26172722 4841047856 671861204 27 6222456 677341264
======================
   8      16 sdb 4422867 1887 689977402 5495596 18164595 26172740 4841972184 671972412 152 6223460 677463832
======================
   8      16 sdb 4422871 1887 689977434 5495772 18166610 26172770 4843003096 672102412 154 6224456 677586412
======================
   8      16 sdb 4422875 1887 689977466 5496080 18168528 26172770 4843985112 672223672 155 6225460 677706756
======================
   8      16 sdb 4422879 1887 689977498 5496336 18170447 26172770 4844967640 672343208 52 6226464 677825828
======================
   8      16 sdb 4422883 1887 689977530 5496632 18172372 26172770 4845953240 672462852 151 6227468 677947836
======================
   8      16 sdb 4422887 1887 689977562 5496932 18174245 26172786 4846912216 672577504 140 6228468 678066508
======================
   8      16 sdb 4422891 1887 689977594 5497224 18176200 26172818 4847911040 672696032 137 6229472 678179512
======================
   8      16 sdb 4422895 1887 689977626 5497480 18178099 26172818 4848883328 672814228 85 6230476 678299164
======================
   8      16 sdb 4422899 1887 689977658 5497780 18180025 26172818 4849869440 672934188 153 6231476 678420292
======================
   8      16 sdb 4422903 1887 689977690 5498084 18181951 26172818 4850855552 673054584 145 6232484 678540944
======================
   8      16 sdb 4422907 1887 689977722 5498396 18183883 26172818 4851844736 673176740 134 6233492 678661704
======================
   8      16 sdb 4422911 1887 689977754 5498648 18185805 26172851 4852828056 673295600 61 6234496 678780768
======================
   8      16 sdb 4422915 1887 689977786 5498908 18187734 26172888 4853809952 673411908 147 6235496 678899312
======================
   8      16 sdb 4422919 1887 689977818 5499208 18189632 26172888 4854781728 673530588 139 6236496 679017816
======================
   8      16 sdb 4422923 1887 689977850 5499504 18191531 26172888 4855754016 673654384 149 6237496 679137972
======================
   8      16 sdb 4422927 1887 689977882 5499756 18193448 26172888 4856735520 673770684 110 6238492 679258688
======================
   8      16 sdb 4422931 1887 689977914 5499984 18195371 26172919 4857719336 673888320 130 6239492 679376408
======================
   8      16 sdb 4422935 1887 689977946 5500284 18197301 26172919 4858707496 674007264 135 6240496 679495632
======================
   8      16 sdb 4422939 1887 689977978 5500596 18199231 26172919 4859695656 674130740 140 6241504 679616184
======================
   8      16 sdb 4422943 1887 689978010 5500852 18201186 26172919 4860696616 674250272 54 6242524 679737260
======================
   8      16 sdb 4422947 1887 689978042 5501152 18203096 26172935 4861673152 674369352 153 6243532 679859360
======================
   8      16 sdb 4422951 1887 689978074 5501460 18205008 26172968 4862651352 674483180 140 6244536 679973304
======================
   8      16 sdb 4422955 1887 689978106 5501748 18206942 26172968 4863641560 674605524 136 6245544 680094032
======================
   8      16 sdb 4422959 1887 689978138 5502008 18208863 26172968 4864625112 674721924 62 6246548 680210980
======================
   8      16 sdb 4422963 1887 689978170 5502304 18210781 26172968 4865607128 674841556 137 6247552 680332804
======================
   8      16 sdb 4422967 1887 689978202 5502608 18212702 26172986 4866590680 674960800 140 6248548 680451972
======================
   8      16 sdb 4422971 1887 689978234 5502908 18214622 26173020 4867571616 675080868 142 6249552 680570556
======================
   8      16 sdb 4422975 1887 689978266 5503160 18216522 26173020 4868544416 675198552 88 6250556 680689668
======================
   8      16 sdb 4422979 1887 689978298 5503452 18218422 26173020 4869517216 675317592 149 6251556 680809964
======================
   8      16 sdb 4422982 1887 689978322 5503676 18220338 26173020 4870498208 675442756 153 6252560 680935432
======================
   8      16 sdb 4422986 1887 689978354 5503976 18222261 26173020 4871482784 675562700 151 6253556 681054020
======================
   8      16 sdb 4422990 1887 689978386 5504220 18224192 26173066 4872468296 675682944 69 6254556 681174372
======================
   8      16 sdb 4422994 1887 689978418 5504516 18226107 26173066 4873449288 675799684 148 6255560 681292952
======================
   8      16 sdb 4422998 1887 689978450 5504824 18228027 26173066 4874432328 675918820 151 6256564 681412328
======================
   8      16 sdb 4423002 1887 689978482 5505108 18229909 26173082 4875394016 676038564 157 6257564 681531280
======================
   8      16 sdb 4423006 1887 689978514 5505340 18231860 26173082 4876392928 676157832 84 6258568 681651028
======================
   8      16 sdb 4423010 1887 689978546 5505664 18233777 26173114 4877373680 676270264 130 6259572 681764648
======================
   8      16 sdb 4423013 1887 689978570 5505884 18235707 26173114 4878361840 676395720 146 6260576 681890312
======================
   8      16 sdb 4423017 1887 689978602 5506184 18237634 26173114 4879348464 676515308 139 6261576 682009892
======================
   8      16 sdb 4423022 1887 689978642 5506508 18239568 26173130 4880338672 676632096 140 6262588 682126608
======================
   8      16 sdb 4423027 1887 689978682 5506824 18241471 26173130 4881311120 676750748 31 6263592 682243320
======================
   8      16 sdb 4423031 1887 689978714 5507120 18243425 26173162 4882310816 676868892 144 6264596 682364792
======================
   8      16 sdb 4423035 1887 689978746 5507416 18245347 26173162 4883294880 676988932 148 6265608 682485252
======================
   8      16 sdb 4423040 1887 689978786 5507740 18247211 26173162 4884249248 677107120 151 6266608 682599260
======================
   8      16 sdb 4423043 1887 689978810 5507956 18249164 26173162 4885249184 677225804 60 6267608 682720648
======================
   8      16 sdb 4423047 1887 689978842 5508252 18251088 26173162 4886234272 677343920 139 6268612 682841016
======================
   8      16 sdb 4423051 1887 689978874 5508540 18253009 26173188 4887217024 677461312 130 6269612 682958300
======================
   8      16 sdb 4423056 1887 689978914 5508868 18254930 26173188 4888200576 677578904 149 6270616 683073980
======================
   8      16 sdb 4423059 1887 689978938 5509100 18256852 26173188 4889184640 677699984 54 6271620 683195664
======================
   8      16 sdb 4423063 1887 689978970 5509400 18258755 26173188 4890158976 677819236 155 6272624 683317344
======================
   8      16 sdb 4423067 1887 689979002 5509700 18260668 26173188 4891138432 677937684 135 6273620 683435656
======================
   8      16 sdb 4423071 1887 689979034 5509900 18262545 26173277 4892088056 678051264 0 6274584 683544404
======================
   8      16 sdb 4423071 1887 689979034 5509900 18262547 26173277 4892088056 678051264 0 6274584 683544404
======================
   8      16 sdb 4423071 1887 689979034 5509900 18262547 26173277 4892088056 678051264 0 6274584 683544404
======================
   8      16 sdb 4423071 1887 689979034 5509900 18262547 26173277 4892088056 678051264 0 6274584 683544404
======================
   8      16 sdb 4423071 1887 689979034 5509900 18262547 26173277 4892088056 678051264 0 6274584 683544404
======================
   8      16 sdb 4423071 1887 689979034 5509900 18262547 26173277 4892088056 678051264 0 6274584 683544404
======================
   8      16 sdb 4423071 1887 689979034 5509900 18262547 26173277 4892088056 678051264 0 6274584 683544404
======================
   8      16 sdb 4423071 1887 689979034 5509900 18262547 26173277 4892088056 678051264 0 6274584 683544404
======================
   8      16 sdb 4423071 1887 689979034 5509900 18262547 26173277 4892088056 678051264 0 6274584 683544404
======================
   8      16 sdb 4423071 1887 689979034 5509900 18262547 26173277 4892088056 678051264 0 6274584 683544404
======================
   8      16 sdb 4423071 1887 689979034 5509900 18262547 26173277 4892088056 678051264 0 6274584 683544404
======================
   8      16 sdb 4423071 1887 689979034 5509900 18262547 26173277 4892088056 678051264 0 6274584 683544404
started
started
======================
   8      16 sdb 4423071 1887 689979034 5509900 18262547 26173277 4892088056 678051264 0 6274584 683544404
======================
   8      16 sdb 4423071 1887 689979034 5509900 18262547 26173277 4892088056 678051264 0 6274584 683544404
======================
   8      16 sdb 4425970 1887 690703818 5513788 18262547 26173277 4892088056 678051264 2 6275412 683548292
======================
   8      16 sdb 4429483 1887 691602634 5518144 18262547 26173277 4892088056 678051264 2 6276376 683552644
======================
   8      16 sdb 4432906 1887 692478410 5521628 18262547 26173277 4892088056 678051264 2 6277364 683556124
======================
   8      16 sdb 4436415 1887 693375690 5526080 18262547 26173277 4892088056 678051264 2 6278332 683560576
======================
   8      16 sdb 4439855 1887 694255818 5530200 18262547 26173277 4892088056 678051264 6 6279300 683564696
======================
   8      16 sdb 4443343 1887 695148234 5534524 18262547 26173277 4892088056 678051264 5 6280264 683569012
======================
   8      16 sdb 4446650 1887 695993290 5538336 18262547 26173277 4892088056 678051264 3 6281232 683572836
======================
   8      16 sdb 4450095 1887 696875210 5542968 18262547 26173277 4892088056 678051264 1 6282208 683577456
======================
   8      16 sdb 4453484 1887 697742538 5546596 18262547 26173277 4892088056 678051264 2 6283180 683581080
======================
   8      16 sdb 4456887 1887 698613450 5550304 18262547 26173277 4892088056 678051264 5 6284152 683584812
======================
   8      16 sdb 4460343 1887 699498186 5554288 18262547 26173277 4892088056 678051264 8 6285112 683588808
======================
   8      16 sdb 4463795 1887 700381642 5558292 18262547 26173277 4892088056 678051264 5 6286076 683592804
======================
   8      16 sdb 4467173 1887 701245386 5561912 18262547 26173277 4892088056 678051264 3 6287028 683596416
======================
   8      16 sdb 4470599 1887 702120906 5566136 18262547 26173277 4892088056 678051264 13 6288016 683600648
======================
   8      16 sdb 4474018 1887 702995658 5570520 18262547 26173277 4892088056 678051264 2 6289000 683605036
======================
   8      16 sdb 4477511 1887 703888842 5575024 18262547 26173277 4892088056 678051264 3 6289972 683609536
======================
   8      16 sdb 4481016 1887 704785098 5579488 18262547 26173277 4892088056 678051264 5 6290948 683614000
======================
   8      16 sdb 4484515 1887 705680842 5584012 18262547 26173277 4892088056 678051264 16 6291912 683618568
======================
   8      16 sdb 4488014 1887 706575562 5588384 18262547 26173277 4892088056 678051264 1 6292868 683622892
======================
   8      16 sdb 4491484 1887 707463370 5592580 18262547 26173277 4892088056 678051264 3 6293828 683627084
======================
   8      16 sdb 4494900 1887 708337866 5596964 18262547 26173277 4892088056 678051264 12 6294804 683631468
======================
   8      16 sdb 4498242 1887 709192906 5601056 18262547 26173277 4892088056 678051264 1 6295772 683635560
======================
   8      16 sdb 4501638 1887 710061770 5604756 18262547 26173277 4892088056 678051264 4 6296732 683639260
======================
   8      16 sdb 4505209 1887 710973898 5609884 18262547 26173277 4892088056 678051264 10 6297728 683644384
======================
   8      16 sdb 4508634 1887 711850698 5613616 18262547 26173277 4892088056 678051264 3 6298696 683648116
======================
   8      16 sdb 4512001 1887 712712650 5616736 18262547 26173277 4892088056 678051264 5 6299640 683651236
======================
   8      16 sdb 4515450 1887 713594570 5620564 18262547 26173277 4892088056 678051264 1 6300576 683655064
======================
   8      16 sdb 4518885 1887 714473930 5624868 18262547 26173277 4892088056 678051264 3 6301544 683659388
======================
   8      16 sdb 4522123 1887 715302858 5628216 18262547 26173277 4892088056 678051264 13 6302484 683662732
======================
   8      16 sdb 4525533 1887 716174794 5631920 18262547 26173277 4892088056 678051264 10 6303440 683666436
======================
   8      16 sdb 4528981 1887 717056970 5636000 18262547 26173277 4892088056 678051264 6 6304424 683670516
======================
   8      16 sdb 4532493 1887 717956042 5640460 18262547 26173277 4892088056 678051264 2 6305396 683674980
======================
   8      16 sdb 4536069 1887 718871498 5645360 18262547 26173277 4892088056 678051264 5 6306360 683679872
======================
   8      16 sdb 4539494 1887 719747274 5649536 18262547 26173277 4892088056 678051264 3 6307324 683684048
======================
   8      16 sdb 4542787 1887 720589770 5653224 18262547 26173277 4892088056 678051264 13 6308296 683687956
======================
   8      16 sdb 4546207 1887 721465290 5657344 18262547 26173277 4892088056 678051264 3 6309236 683691856
======================
   8      16 sdb 4549157 1887 722220490 5661232 18262547 26173277 4892088056 678051264 2 6310068 683695744
======================
   8      16 sdb 4552592 1887 723099338 5665300 18262547 26173277 4892088056 678051264 2 6311040 683699804
======================
   8      16 sdb 4556117 1887 724001226 5669936 18262547 26173277 4892088056 678051264 4 6312008 683704440
======================
   8      16 sdb 4559586 1887 724888266 5674360 18262547 26173277 4892088056 678051264 1 6312984 683708860
======================
   8      16 sdb 4562954 1887 725749962 5677752 18262547 26173277 4892088056 678051264 2 6313952 683712252
======================
   8      16 sdb 4566409 1887 726633930 5681844 18262547 26173277 4892088056 678051264 4 6314912 683716340
======================
   8      16 sdb 4569771 1887 727494602 5685676 18262547 26173277 4892088056 678051264 2 6315892 683720168
======================
   8      16 sdb 4573109 1887 728348618 5689364 18262547 26173277 4892088056 678051264 1 6316884 683723860
======================
   8      16 sdb 4576635 1887 729250762 5694216 18262547 26173277 4892088056 678051264 4 6317868 683728700
======================
   8      16 sdb 4579985 1887 730107850 5697588 18262547 26173277 4892088056 678051264 6 6318836 683732068
======================
   8      16 sdb 4583570 1887 731025098 5702800 18262547 26173277 4892088056 678051264 0 6319824 683737280
======================
   8      16 sdb 4587076 1887 731922634 5707236 18262547 26173277 4892088056 678051264 3 6320796 683741712
======================
   8      16 sdb 4590664 1887 732841162 5712160 18262547 26173277 4892088056 678051264 2 6321780 683746628
======================
   8      16 sdb 4594039 1887 733704650 5716256 18262547 26173277 4892088056 678051264 4 6322744 683750724
======================
   8      16 sdb 4597442 1887 734575306 5720660 18262547 26173277 4892088056 678051264 3 6323724 683755128
======================
   8      16 sdb 4600973 1887 735478730 5725256 18262547 26173277 4892088056 678051264 3 6324692 683759724
======================
   8      16 sdb 4604522 1887 736387274 5730224 18262547 26173277 4892088056 678051264 1 6325652 683764692
======================
   8      16 sdb 4607955 1887 737266122 5734092 18262547 26173277 4892088056 678051264 4 6326616 683768556
======================
   8      16 sdb 4611524 1887 738179786 5738788 18262547 26173277 4892088056 678051264 1 6327604 683773256
======================
   8      16 sdb 4615116 1887 739099338 5743908 18262547 26173277 4892088056 678051264 5 6328576 683778372
======================
   8      16 sdb 4618496 1887 739964106 5747980 18262547 26173277 4892088056 678051264 3 6329520 683782444
======================
   8      16 sdb 4621838 1887 740819146 5751472 18262547 26173277 4892088056 678051264 2 6330460 683785932
======================
   8      16 sdb 4625327 1887 741712330 5756316 18262547 26173277 4892088056 678051264 4 6331420 683790772
======================
   8      16 sdb 4628804 1887 742601930 5760592 18262547 26173277 4892088056 678051264 3 6332376 683795048
======================
   8      16 sdb 4632093 1887 743442890 5764648 18262547 26173277 4892088056 678051264 0 6333272 683799104
