======================
   8      32 sdc 2156915 74470 223756370 17128768 14349864 36167995 4615354192 2570139648 0 20650584 2588693868
======================
   8      32 sdc 2156915 74470 223756370 17128768 14349864 36167995 4615354192 2570139648 0 20650584 2588693868
======================
   8      32 sdc 2157498 74470 223761034 17129408 14349864 36167995 4615354192 2570139648 0 20650636 2588694508
======================
   8      32 sdc 2157498 74470 223761034 17129408 14349864 36167995 4615354192 2570139648 0 20650636 2588694508
======================
   8      32 sdc 2157498 74470 223761034 17129408 14352654 36167995 4616782672 2570194732 152 20651248 2588765268
======================
   8      32 sdc 2157498 74470 223761034 17129408 14352999 36167995 4616959312 2570281912 159 20652252 2588913856
======================
   8      32 sdc 2157498 74470 223761034 17129408 14353326 36167995 4617126736 2570503580 152 20653256 2589067884
======================
   8      32 sdc 2157498 74470 223761034 17129408 14354214 36167995 4617581392 2570629716 129 20654260 2589211156
======================
   8      32 sdc 2157498 74470 223761034 17129408 14354214 36167995 4617581392 2570629716 129 20655264 2589340672
======================
   8      32 sdc 2157498 74470 223761034 17129408 14354214 36167995 4617581392 2570629716 129 20656268 2589470188
======================
   8      32 sdc 2157500 74470 223761050 17131932 14355101 36168533 4618034800 2571039952 151 20657268 2589609524
======================
   8      32 sdc 2157500 74470 223761050 17131932 14355919 36168533 4618453616 2571178824 133 20658272 2589754300
======================
   8      32 sdc 2157500 74470 223761050 17131932 14356820 36169039 4618896296 2571306908 155 20659276 2589899308
======================
   8      32 sdc 2157500 74470 223761050 17131932 14357332 36169039 4619157936 2571425416 156 20660280 2590049976
======================
   8      32 sdc 2157500 74470 223761050 17131932 14358176 36169039 4619590064 2571626748 144 20661284 2590195516
======================
   8      32 sdc 2157500 74470 223761050 17131932 14358975 36169042 4619999152 2571764684 145 20662288 2590335720
======================
   8      32 sdc 2157500 74470 223761050 17131932 14359609 36169042 4620322272 2571903168 151 20663292 2590478960
======================
   8      32 sdc 2157500 74470 223761050 17131932 14360109 36169060 4620578272 2572029844 87 20664296 2590612856
======================
   8      32 sdc 2157500 74470 223761050 17131932 14360756 36169060 4620908672 2572180780 138 20665300 2590756208
======================
   8      32 sdc 2157500 74470 223761050 17131932 14361345 36169060 4621210240 2572324552 157 20666300 2590898988
======================
   8      32 sdc 2157500 74470 223761050 17131932 14361918 36169060 4621503616 2572467488 128 20667304 2591042684
======================
   8      32 sdc 2157500 74470 223761050 17131932 14362469 36169065 4621782744 2572605344 103 20668308 2591183412
======================
   8      32 sdc 2157500 74470 223761050 17131932 14362469 36169065 4621782744 2572605344 103 20669312 2591286824
======================
   8      32 sdc 2157501 74470 223761058 17133584 14363596 36169077 4622358856 2572817684 128 20670316 2591404400
======================
   8      32 sdc 2157501 74470 223761058 17133584 14364186 36169077 4622660936 2572971092 146 20671320 2591547408
======================
   8      32 sdc 2157501 74470 223761058 17133584 14364723 36169079 4622934888 2573114480 153 20672324 2591689660
======================
   8      32 sdc 2157501 74470 223761058 17133584 14365323 36169079 4623242088 2573258360 129 20673328 2591834492
======================
   8      32 sdc 2157501 74470 223761058 17133584 14365917 36169079 4623546216 2573400172 143 20674332 2591978504
======================
   8      32 sdc 2157501 74470 223761058 17133584 14366464 36169099 4623825936 2573541820 139 20675332 2592120048
======================
   8      32 sdc 2157501 74470 223761058 17133584 14366934 36169099 4624066576 2573664644 149 20676336 2592264660
======================
   8      32 sdc 2157501 74470 223761058 17133584 14367602 36169099 4624408088 2573830412 154 20677340 2592408980
======================
   8      32 sdc 2157501 74470 223761058 17133584 14368207 36169099 4624717848 2573975692 157 20678344 2592552584
======================
   8      32 sdc 2157501 74470 223761058 17133584 14368774 36169099 4625008152 2574119304 134 20679348 2592696072
======================
   8      32 sdc 2157501 74470 223761058 17133584 14369367 36169118 4625308392 2574254680 156 20680352 2592834376
======================
   8      32 sdc 2157501 74470 223761058 17133584 14369954 36169118 4625608432 2574401076 146 20681356 2592978228
======================
   8      32 sdc 2157501 74470 223761058 17133584 14370149 36169118 4625708272 2574450256 117 20682360 2593103956
======================
   8      32 sdc 2157501 74470 223761058 17133584 14370149 36169118 4625708272 2574450256 117 20683364 2593221424
======================
   8      32 sdc 2157502 74470 223761066 17135276 14371623 36169118 4626462960 2574785336 158 20684368 2593364104
======================
   8      32 sdc 2157502 74470 223761066 17135276 14372195 36169142 4626754504 2574927000 143 20685368 2593507016
======================
   8      32 sdc 2157502 74470 223761066 17135276 14372781 36169142 4627054536 2575070772 133 20686372 2593650584
======================
   8      32 sdc 2157502 74470 223761066 17135276 14373348 36169142 4627344840 2575215388 142 20687376 2593794348
======================
   8      32 sdc 2157502 74470 223761066 17135276 14373900 36169146 4627624472 2575349048 134 20688380 2593936604
======================
   8      32 sdc 2157502 74470 223761066 17135276 14374541 36169146 4627952664 2575502084 133 20689384 2594080468
======================
   8      32 sdc 2157502 74470 223761066 17135276 14375088 36169161 4628232344 2575640516 134 20690388 2594220176
======================
   8      32 sdc 2157502 74470 223761066 17135276 14375644 36169161 4628517016 2575785768 154 20691392 2594363904
======================
   8      32 sdc 2157502 74470 223761066 17135276 14376244 36169161 4628823712 2575929928 131 20692396 2594507792
======================
   8      32 sdc 2157502 74470 223761066 17135276 14376842 36169161 4629129888 2576072936 141 20693400 2594651236
======================
   8      32 sdc 2157502 74470 223761066 17135276 14377441 36169161 4629436576 2576218212 150 20694404 2594796328
======================
   8      32 sdc 2157502 74470 223761066 17135276 14377870 36169177 4629655848 2576327188 72 20695408 2594913744
======================
   8      32 sdc 2157502 74470 223761066 17135276 14377870 36169177 4629655848 2576327188 72 20696408 2594985744
======================
   8      32 sdc 2157503 74470 223761074 17136968 14379081 36169180 4630274896 2576516488 145 20697412 2595096436
======================
   8      32 sdc 2157503 74470 223761074 17136968 14379674 36169180 4630578512 2576659432 128 20698416 2595239868
======================
   8      32 sdc 2157503 74470 223761074 17136968 14380242 36169180 4630869328 2576803092 136 20699420 2595383824
======================
   8      32 sdc 2157503 74470 223761074 17136968 14380815 36169200 4631162360 2576946364 139 20700424 2595526516
======================
   8      32 sdc 2157503 74470 223761074 17136968 14381394 36169200 4631458304 2577089620 137 20701428 2595670432
======================
   8      32 sdc 2157503 74470 223761074 17136968 14381961 36169200 4631748608 2577233320 146 20702432 2595814408
======================
   8      32 sdc 2157503 74470 223761074 17136968 14382536 36169209 4632039048 2577377040 147 20703432 2595957528
======================
   8      32 sdc 2157503 74470 223761074 17136968 14383104 36169209 4632329864 2577520876 155 20704436 2596100688
======================
   8      32 sdc 2157503 74470 223761074 17136968 14383692 36169224 4632630032 2577659264 131 20705440 2596239616
======================
   8      32 sdc 2157503 74470 223761074 17136968 14384278 36169224 4632930064 2577803060 153 20706444 2596383248
======================
   8      32 sdc 2157503 74470 223761074 17136968 14384794 36169224 4633194256 2577933424 149 20707448 2596527376
======================
   8      32 sdc 2157503 74470 223761074 17136968 14385423 36169224 4633516304 2578091408 128 20708452 2596670724
======================
   8      32 sdc 2157504 74470 223761082 17137076 14386000 36169228 4633810248 2578232716 142 20709456 2596812532
======================
   8      32 sdc 2157504 74470 223761082 17137076 14386568 36169246 4634100704 2578373284 136 20710460 2596954896
======================
   8      32 sdc 2157504 74470 223761082 17137076 14387116 36169246 4634380776 2578516360 133 20711464 2597098780
======================
   8      32 sdc 2157504 74470 223761082 17137076 14387700 36169246 4634679784 2578662764 157 20712468 2597242528
======================
   8      32 sdc 2157504 74470 223761082 17137076 14388132 36169246 4634900968 2578767424 141 20713468 2597386224
======================
   8      32 sdc 2157504 74470 223761082 17137076 14388757 36169246 4635220968 2578950392 156 20714472 2597529760
======================
   8      32 sdc 2157504 74470 223761082 17137076 14389307 36169267 4635500728 2579087572 157 20715476 2597666588
======================
   8      32 sdc 2157504 74470 223761082 17137076 14389863 36169267 4635784384 2579230712 146 20716480 2597810644
======================
   8      32 sdc 2157504 74470 223761082 17137076 14390462 36169267 4636091072 2579374540 155 20717484 2597954212
======================
   8      32 sdc 2157504 74470 223761082 17137076 14390976 36169267 4636354240 2579499476 153 20718488 2598099140
======================
   8      32 sdc 2157504 74470 223761082 17137076 14391614 36169267 4636680896 2579662516 155 20719492 2598242748
======================
   8      32 sdc 2157504 74470 223761082 17137076 14392196 36169281 4636978488 2579804324 136 20720496 2598384976
======================
   8      32 sdc 2157504 74470 223761082 17137076 14392793 36169294 4637280224 2579943728 129 20721500 2598523320
======================
   8      32 sdc 2157505 74470 223761090 17137252 14393339 36169294 4637559776 2580083136 144 20722504 2598661900
======================
   8      32 sdc 2157505 74470 223761090 17137252 14393892 36169294 4637842912 2580220876 135 20723508 2598805280
======================
   8      32 sdc 2157505 74470 223761090 17137252 14394474 36169294 4638140896 2580367324 129 20724512 2598948656
======================
   8      32 sdc 2157505 74470 223761090 17137252 14395047 36169312 4638433912 2580510592 128 20725516 2599091428
======================
   8      32 sdc 2157505 74470 223761090 17137252 14395600 36169312 4638716544 2580648528 152 20726516 2599236232
======================
   8      32 sdc 2157505 74470 223761090 17137252 14396198 36169312 4639022720 2580799096 130 20727520 2599380120
======================
   8      32 sdc 2157505 74470 223761090 17137252 14396671 36169312 4639264896 2580915360 137 20728524 2599522668
======================
   8      32 sdc 2157505 74470 223761090 17137252 14397381 36169314 4639628416 2581084332 131 20729528 2599664220
======================
   8      32 sdc 2157505 74470 223761090 17137252 14397943 36169330 4639912272 2581223776 129 20730532 2599803472
======================
   8      32 sdc 2157505 74470 223761090 17137252 14398490 36169330 4640191832 2581365004 152 20731540 2599947444
======================
   8      32 sdc 2157505 74470 223761090 17137252 14399089 36169330 4640498520 2581510056 136 20732544 2600091100
======================
   8      32 sdc 2157505 74470 223761090 17137252 14399687 36169330 4640804696 2581653308 146 20733548 2600234636
======================
   8      32 sdc 2157505 74470 223761090 17137252 14400254 36169330 4641095000 2581789356 155 20734552 2600378756
======================
   8      32 sdc 2157505 74470 223761090 17137252 14400850 36169347 4641399768 2581939972 153 20735556 2600521580
======================
   8      32 sdc 2157506 74470 223761098 17137396 14401349 36169347 4641652248 2582076800 129 20736560 2600662216
======================
   8      32 sdc 2157506 74470 223761098 17137396 14401966 36169347 4641968152 2582224244 152 20737564 2600805804
======================
   8      32 sdc 2157506 74470 223761098 17137396 14402563 36169347 4642273816 2582367044 131 20738564 2600948324
======================
   8      32 sdc 2157506 74470 223761098 17137396 14403131 36169347 4642564632 2582510148 139 20739572 2601092688
======================
   8      32 sdc 2157506 74470 223761098 17137396 14403554 36169365 4642781208 2582618040 104 20740572 2601225064
======================
   8      32 sdc 2157506 74470 223761098 17137396 14404280 36169375 4643148608 2582776228 137 20741576 2601358252
======================
   8      32 sdc 2157506 74470 223761098 17137396 14404845 36169375 4643437888 2582919016 148 20742580 2601501856
======================
   8      32 sdc 2157506 74470 223761098 17137396 14405412 36169375 4643728192 2583062496 157 20743584 2601645236
======================
   8      32 sdc 2157506 74470 223761098 17137396 14405983 36169375 4644020544 2583207640 130 20744588 2601789016
======================
   8      32 sdc 2157506 74470 223761098 17137396 14406522 36169392 4644296144 2583339028 148 20745592 2601931656
======================
   8      32 sdc 2157506 74470 223761098 17137396 14407153 36169392 4644618712 2583492296 158 20746596 2602075352
======================
   8      32 sdc 2157506 74470 223761098 17137396 14407721 36169392 4644909528 2583636880 134 20747600 2602219116
======================
   8      32 sdc 2157506 74470 223761098 17137396 14408307 36169392 4645209560 2583780576 156 20748604 2602362700
======================
   8      32 sdc 2157507 74470 223761106 17137596 14408881 36169392 4645503448 2583914224 147 20749608 2602496376
======================
   8      32 sdc 2157507 74470 223761106 17137596 14409440 36169411 4645787288 2584056864 146 20750612 2602640172
======================
   8      32 sdc 2157507 74470 223761106 17137596 14409865 36169411 4646004384 2584168456 137 20751616 2602782648
======================
   8      32 sdc 2157507 74470 223761106 17137596 14410586 36169411 4646373536 2584344060 152 20752620 2602926192
======================
   8      32 sdc 2157507 74470 223761106 17137596 14411184 36169411 4646679712 2584487700 130 20753624 2603069816
======================
   8      32 sdc 2157507 74470 223761106 17137596 14411743 36169411 4646965920 2584630172 147 20754628 2603214044
======================
   8      32 sdc 2157507 74470 223761106 17137596 14412289 36169431 4647245128 2584773232 149 20755632 2603356164
======================
   8      32 sdc 2157507 74470 223761106 17137596 14412796 36169437 4647504256 2584899788 155 20756632 2603500708
======================
   8      32 sdc 2157507 74470 223761106 17137596 14413469 36169437 4647848328 2585062604 154 20757636 2603647024
======================
   8      32 sdc 2157507 74470 223761106 17137596 14414039 36169437 4648140168 2585208092 128 20758640 2603790756
======================
   8      32 sdc 2157507 74470 223761106 17137596 14414609 36169437 4648432008 2585349536 134 20759644 2603934340
======================
   8      32 sdc 2157507 74470 223761106 17137596 14415198 36169452 4648733192 2585493080 138 20760648 2604068724
======================
   8      32 sdc 2157507 74470 223761106 17137596 14415653 36169452 4648966152 2585597568 131 20761652 2604209644
======================
   8      32 sdc 2157507 74470 223761106 17137596 14416287 36169466 4649286840 2585750944 140 20762656 2604350848
======================
   8      32 sdc 2157507 74470 223761106 17137596 14416325 36169466 4649306296 2585772084 114 20763660 2604470868
======================
   8      32 sdc 2157508 74470 223761114 17138992 14417456 36169466 4649885368 2586011328 149 20764664 2604595492
======================
   8      32 sdc 2157508 74470 223761114 17138992 14418039 36169482 4650183488 2586154964 128 20765664 2604738260
======================
   8      32 sdc 2157508 74470 223761114 17138992 14418629 36169482 4650485064 2586298804 147 20766668 2604882328
======================
   8      32 sdc 2157508 74470 223761114 17138992 14419190 36169482 4650772296 2586441992 130 20767672 2605025936
======================
   8      32 sdc 2157508 74470 223761114 17138992 14419789 36169482 4651078984 2586585056 139 20768676 2605168812
======================
   8      32 sdc 2157508 74470 223761114 17138992 14420331 36169482 4651356488 2586725972 141 20769680 2605310168
======================
   8      32 sdc 2157508 74470 223761114 17138992 14420921 36169504 4651656224 2586865996 151 20770684 2605449868
======================
   8      32 sdc 2157508 74470 223761114 17138992 14421493 36169504 4651948584 2587009316 156 20771688 2605593540
======================
   8      32 sdc 2157508 74470 223761114 17138992 14422091 36169504 4652254760 2587153636 134 20772692 2605737236
======================
   8      32 sdc 2157508 74470 223761114 17138992 14422690 36169504 4652561448 2587297352 143 20773696 2605881156
======================
   8      32 sdc 2157508 74470 223761114 17138992 14423276 36169504 4652861480 2587438524 133 20774696 2606024076
======================
   8      32 sdc 2157508 74470 223761114 17138992 14423795 36169519 4653126824 2587573640 145 20775700 2606155000
======================
   8      32 sdc 2157509 74470 223761122 17139060 14424366 36169535 4653415776 2587713748 158 20776704 2606296956
======================
   8      32 sdc 2157509 74470 223761122 17139060 14424873 36169535 4653675360 2587835412 131 20777708 2606438784
======================
   8      32 sdc 2157509 74470 223761122 17139060 14425547 36169535 4654020448 2587994884 129 20778712 2606579056
======================
   8      32 sdc 2157509 74470 223761122 17139060 14426115 36169535 4654311264 2588138316 137 20779716 2606722668
======================
   8      32 sdc 2157509 74470 223761122 17139060 14426685 36169550 4654602720 2588281072 128 20780720 2606865012
======================
   8      32 sdc 2157509 74470 223761122 17139060 14427258 36169550 4654895592 2588423096 132 20781724 2607008844
======================
   8      32 sdc 2157509 74470 223761122 17139060 14427766 36169550 4655155688 2588553044 136 20782728 2607151832
======================
   8      32 sdc 2157509 74470 223761122 17139060 14428392 36169550 4655476200 2588708232 130 20783732 2607292088
======================
   8      32 sdc 2157509 74470 223761122 17139060 14428968 36169551 4655769104 2588852204 130 20784732 2607435172
======================
   8      32 sdc 2157509 74470 223761122 17139060 14429557 36169571 4656070328 2588994440 132 20785736 2607572104
======================
   8      32 sdc 2157509 74470 223761122 17139060 14430137 36169571 4656366784 2589131768 129 20786740 2607715280
======================
   8      32 sdc 2157509 74470 223761122 17139060 14430668 36169571 4656638656 2589273644 142 20787744 2607858732
======================
   8      32 sdc 2157509 74470 223761122 17139060 14431267 36169571 4656945344 2589413008 151 20788748 2608002872
======================
   8      32 sdc 2157510 74470 223761130 17139180 14431866 36169571 4657252032 2589559464 145 20789752 2608143208
======================
   8      32 sdc 2157510 74470 223761130 17139180 14432420 36169592 4657534336 2589700000 150 20790756 2608284276
======================
   8      32 sdc 2157510 74470 223761130 17139180 14432972 36169592 4657815456 2589842860 142 20791760 2608427948
======================
   8      32 sdc 2157510 74470 223761130 17139180 14433571 36169592 4658121632 2589987472 151 20792764 2608571588
======================
   8      32 sdc 2157510 74470 223761130 17139180 14434169 36169592 4658427808 2590130916 129 20793764 2608714528
======================
   8      32 sdc 2157510 74470 223761130 17139180 14434724 36169592 4658711968 2590276652 157 20794768 2608861540
======================
   8      32 sdc 2157510 74470 223761130 17139180 14435271 36169607 4658991648 2590420284 159 20795772 2608996816
======================
   8      32 sdc 2157510 74470 223761130 17139180 14435860 36169621 4659291312 2590556880 147 20796776 2609140476
======================
   8      32 sdc 2157510 74470 223761130 17139180 14436457 36169621 4659597488 2590700220 158 20797780 2609283948
======================
   8      32 sdc 2157510 74470 223761130 17139180 14437025 36169621 4659887792 2590843208 134 20798784 2609427736
======================
   8      32 sdc 2157510 74470 223761130 17139180 14437590 36169621 4660177072 2590985464 145 20799788 2609571380
======================
   8      32 sdc 2157510 74470 223761130 17139180 14438187 36169640 4660482384 2591131280 143 20800792 2609713420
======================
   8      32 sdc 2157510 74470 223761130 17139180 14438675 36169640 4660731736 2591249088 136 20801796 2609855716
======================
   8      32 sdc 2157510 74470 223761130 17139180 14439334 36169640 4661069144 2591412848 148 20802796 2609997132
======================
   8      32 sdc 2157511 74470 223761138 17139376 14439873 36169640 4661345112 2591544060 145 20803800 2610128604
======================
   8      32 sdc 2157511 74470 223761138 17139376 14440361 36169640 4661594968 2591667648 137 20804804 2610271476
======================
   8      32 sdc 2157511 74470 223761138 17139376 14441031 36169660 4661935144 2591830948 139 20805808 2610415000
======================
   8      32 sdc 2157511 74470 223761138 17139376 14441615 36169660 4662233648 2591973476 132 20806812 2610558664
======================
   8      32 sdc 2157511 74470 223761138 17139376 14442174 36169660 4662519856 2592118368 149 20807816 2610702368
======================
   8      32 sdc 2157511 74470 223761138 17139376 14442773 36169660 4662826544 2592262520 158 20808820 2610845964
======================
   8      32 sdc 2157511 74470 223761138 17139376 14443303 36169660 4663097904 2592402280 140 20809824 2610990940
======================
   8      32 sdc 2157511 74470 223761138 17139376 14443897 36169679 4663401176 2592549392 137 20810828 2611129308
======================
   8      32 sdc 2157511 74470 223761138 17139376 14444473 36169679 4663696088 2592688968 137 20811832 2611272864
======================
   8      32 sdc 2157511 74470 223761138 17139376 14445073 36169679 4664002784 2592832584 146 20812836 2611416508
======================
   8      32 sdc 2157511 74470 223761138 17139376 14445564 36169679 4664254176 2592950420 135 20813840 2611558536
======================
   8      32 sdc 2157511 74470 223761138 17139376 14446257 36169679 4664608992 2593114080 146 20814844 2611699928
======================
   8      32 sdc 2157511 74470 223761138 17139376 14446724 36169700 4664848096 2593236964 131 20815844 2611840968
======================
   8      32 sdc 2157512 74470 223761146 17139444 14447342 36169705 4665163208 2593399388 155 20816848 2611982968
======================
   8      32 sdc 2157512 74470 223761146 17139444 14447942 36169705 4665469904 2593544384 132 20817852 2612127880
======================
   8      32 sdc 2157512 74470 223761146 17139444 14448446 36169705 4665727952 2593667940 140 20818856 2612271276
======================
   8      32 sdc 2157512 74470 223761146 17139444 14449088 36169705 4666056656 2593829916 138 20819860 2612414832
======================
   8      32 sdc 2157512 74470 223761146 17139444 14449661 36169722 4666349664 2593971468 157 20820864 2612557676
======================
   8      32 sdc 2157512 74470 223761146 17139444 14450232 36169722 4666641512 2594117064 131 20821868 2612701376
======================
   8      32 sdc 2157512 74470 223761146 17139444 14450807 36169736 4666931992 2594253852 138 20822872 2612838456
======================
   8      32 sdc 2157512 74470 223761146 17139444 14451353 36169736 4667211544 2594391712 136 20823876 2612981644
======================
   8      32 sdc 2157512 74470 223761146 17139444 14451949 36169736 4667516696 2594540828 148 20824880 2613124676
======================
   8      32 sdc 2157512 74470 223761146 17139444 14452537 36169754 4667817752 2594682480 44 20825884 2613259936
======================
   8      32 sdc 2157512 74470 223761146 17139444 14453115 36169754 4668113328 2594818408 129 20826888 2613402916
======================
   8      32 sdc 2157512 74470 223761146 17139444 14453683 36169754 4668403640 2594961628 138 20827892 2613546640
======================
   8      32 sdc 2157512 74470 223761146 17139444 14454274 36169754 4668706232 2595106152 155 20828896 2613690092
======================
   8      32 sdc 2157513 74470 223761154 17139564 14454756 36169754 4668953016 2595221696 159 20829896 2613832936
======================
   8      32 sdc 2157513 74470 223761154 17139564 14455398 36169776 4669279376 2595397984 151 20830900 2613982492
======================
   8      32 sdc 2157513 74470 223761154 17139564 14455952 36169776 4669563024 2595542132 142 20831904 2614126356
======================
   8      32 sdc 2157513 74470 223761154 17139564 14456442 36169776 4669813400 2595659980 132 20832908 2614267964
======================
   8      32 sdc 2157513 74470 223761154 17139564 14457150 36169776 4670175896 2595823076 128 20833912 2614408572
======================
   8      32 sdc 2157513 74470 223761154 17139564 14457699 36169776 4670456984 2595966932 155 20834916 2614552792
======================
   8      32 sdc 2157513 74470 223761154 17139564 14458246 36169791 4670737048 2596110820 87 20835916 2614693332
======================
   8      32 sdc 2157513 74470 223761154 17139564 14458840 36169803 4671037360 2596248908 140 20836920 2614833124
======================
   8      32 sdc 2157513 74470 223761154 17139564 14459433 36169803 4671340976 2596391792 155 20837924 2614976896
======================
   8      32 sdc 2157513 74470 223761154 17139564 14460003 36169803 4671633328 2596537196 129 20838928 2615121756
======================
   8      32 sdc 2157513 74470 223761154 17139564 14460577 36169803 4671926704 2596681452 131 20839932 2615265640
======================
   8      32 sdc 2157513 74470 223761154 17139564 14461166 36169823 4672227928 2596825064 136 20840936 2615407424
======================
   8      32 sdc 2157513 74470 223761154 17139564 14461744 36169823 4672523864 2596966148 134 20841940 2615551124
======================
   8      32 sdc 2157513 74470 223761154 17139564 14462307 36169823 4672811616 2597109760 148 20842940 2615694620
======================
   8      32 sdc 2157514 74470 223761162 17139732 14462855 36169823 4673092192 2597247392 151 20843944 2615832484
======================
   8      32 sdc 2157514 74470 223761162 17139732 14463423 36169823 4673383008 2597391656 143 20844948 2615975596
======================
   8      32 sdc 2157514 74470 223761162 17139732 14464009 36169840 4673682672 2597535096 142 20845952 2616119652
======================
   8      32 sdc 2157514 74470 223761162 17139732 14464551 36169840 4673959672 2597674756 145 20846956 2616262004
======================
   8      32 sdc 2157514 74470 223761162 17139732 14465157 36169840 4674269944 2597820932 147 20847960 2616405820
======================
   8      32 sdc 2157514 74470 223761162 17139732 14465762 36169852 4674576272 2597957292 147 20848960 2616541272
======================
   8      32 sdc 2157514 74470 223761162 17139732 14466335 36169852 4674869648 2598099144 150 20849964 2616684812
======================
   8      32 sdc 2157514 74470 223761162 17139732 14466882 36169867 4675149328 2598242760 102 20850972 2616823000
======================
   8      32 sdc 2157514 74470 223761162 17139732 14467425 36169867 4675427344 2598380052 128 20851976 2616967296
======================
   8      32 sdc 2157514 74470 223761162 17139732 14468060 36169867 4675751960 2598526200 134 20852980 2617111092
======================
   8      32 sdc 2157514 74470 223761162 17139732 14468659 36169867 4676058648 2598669832 143 20853984 2617254816
======================
   8      32 sdc 2157514 74470 223761162 17139732 14469242 36169867 4676357144 2598811980 136 20854984 2617397948
======================
   8      32 sdc 2157514 74470 223761162 17139732 14469788 36169888 4676636360 2598955344 153 20855988 2617539352
======================
   8      32 sdc 2157515 74470 223761170 17139884 14470263 36169891 4676878072 2599077004 130 20856992 2617675720
======================
   8      32 sdc 2157515 74470 223761170 17139884 14470934 36169891 4677221624 2599232212 131 20857996 2617816988
======================
   8      32 sdc 2157515 74470 223761170 17139884 14471511 36169891 4677517048 2599374852 130 20859000 2617960596
======================
   8      32 sdc 2157515 74470 223761170 17139884 14472078 36169891 4677807352 2599518412 139 20860004 2618104648
======================
   8      32 sdc 2157515 74470 223761170 17139884 14472665 36169906 4678107512 2599662400 138 20861004 2618245564
======================
   8      32 sdc 2157515 74470 223761170 17139884 14473212 36169906 4678387576 2599800360 135 20862008 2618388884
======================
   8      32 sdc 2157515 74470 223761170 17139884 14473802 36169916 4678684192 2599944152 141 20863012 2618529380
======================
   8      32 sdc 2157515 74470 223761170 17139884 14474370 36169916 4678975008 2600087088 149 20864016 2618672928
======================
   8      32 sdc 2157515 74470 223761170 17139884 14474945 36169916 4679269408 2600231376 150 20865020 2618816732
======================
   8      32 sdc 2157515 74470 223761170 17139884 14475534 36169933 4679570976 2600374980 100 20866024 2618958524
======================
   8      32 sdc 2157515 74470 223761170 17139884 14476110 36169933 4679865016 2600512004 136 20867024 2619097588
======================
   8      32 sdc 2157515 74470 223761170 17139884 14476676 36169933 4680154808 2600655296 146 20868028 2619241308
======================
   8      32 sdc 2157515 74470 223761170 17139884 14477275 36169933 4680461496 2600800736 155 20869032 2619385476
======================
   8      32 sdc 2157515 74470 223761170 17139884 14477853 36169933 4680757432 2600942212 103 20870036 2619527388
======================
   8      32 sdc 2157516 74470 223761178 17140012 14478371 36169960 4681021352 2601079996 147 20871036 2619668044
======================
   8      32 sdc 2157516 74470 223761178 17140012 14478940 36169960 4681312680 2601226880 154 20872040 2619811772
======================
   8      32 sdc 2157516 74470 223761178 17140012 14479539 36169960 4681618864 2601370496 132 20873044 2619955564
======================
   8      32 sdc 2157516 74470 223761178 17140012 14480121 36169960 4681916848 2601510424 158 20874044 2620099244
======================
   8      32 sdc 2157516 74470 223761178 17140012 14480698 36169960 4682212272 2601657800 157 20875048 2620244244
======================
   8      32 sdc 2157516 74470 223761178 17140012 14481251 36169978 4682495408 2601802720 101 20876052 2620386516
======================
   8      32 sdc 2157516 74470 223761178 17140012 14481850 36169978 4682801232 2601943732 154 20877052 2620528472
======================
   8      32 sdc 2157516 74470 223761178 17140012 14482442 36169991 4683099904 2602075508 128 20878056 2620661452
======================
   8      32 sdc 2157516 74470 223761178 17140012 14483013 36169991 4683392256 2602219952 132 20879060 2620805092
======================
   8      32 sdc 2157516 74470 223761178 17140012 14483544 36169991 4683664128 2602352952 145 20880064 2620949324
======================
   8      32 sdc 2157516 74470 223761178 17140012 14484180 36170007 4683989760 2602506504 95 20881064 2621090108
======================
   8      32 sdc 2157516 74470 223761178 17140012 14484748 36170007 4684280200 2602637724 142 20882068 2621223652
======================
   8      32 sdc 2157516 74470 223761178 17140012 14485316 36170007 4684570512 2602780964 151 20883072 2621366964
======================
   8      32 sdc 2157517 74470 223761186 17140112 14485854 36170007 4684845968 2602923388 128 20884072 2621509068
======================
   8      32 sdc 2157517 74470 223761186 17140112 14486376 36170007 4685113232 2603053612 150 20885076 2621651160
======================
   8      32 sdc 2157517 74470 223761186 17140112 14487028 36170030 4685445576 2603209268 132 20886080 2621796248
======================
   8      32 sdc 2157517 74470 223761186 17140112 14487595 36170030 4685735528 2603352216 132 20887080 2621938004
======================
   8      32 sdc 2157517 74470 223761186 17140112 14488154 36170030 4686021232 2603493572 150 20888084 2622081916
======================
   8      32 sdc 2157517 74470 223761186 17140112 14488735 36170030 4686318704 2603637856 145 20889084 2622224484
======================
   8      32 sdc 2157517 74470 223761186 17140112 14489234 36170030 4686574192 2603774136 158 20890088 2622368300
======================
   8      32 sdc 2157517 74470 223761186 17140112 14489854 36170046 4686891632 2603927672 140 20891096 2622512764
======================
   8      32 sdc 2157517 74470 223761186 17140112 14490463 36170058 4687198120 2604065048 150 20892100 2622649944
======================
   8      32 sdc 2157517 74470 223761186 17140112 14491063 36170058 4687505320 2604208772 158 20893104 2622793316
======================
   8      32 sdc 2157517 74470 223761186 17140112 14491654 36170058 4687807912 2604350956 143 20894108 2622937316
======================
   8      32 sdc 2157517 74470 223761186 17140112 14492145 36170058 4688059304 2604480036 132 20895116 2623080516
======================
   8      32 sdc 2157517 74470 223761186 17140112 14492763 36170074 4688375720 2604632660 154 20896120 2623217832
======================
   8      32 sdc 2157517 74470 223761186 17140112 14493247 36170074 4688622648 2604747784 104 20897120 2623351644
======================
   8      32 sdc 2157517 74470 223761186 17140112 14493247 36170074 4688622648 2604747784 104 20898132 2623456892
======================
   8      32 sdc 2157518 74470 223761194 17141832 14494481 36170074 4689254456 2604995040 145 20899136 2623583160
======================
   8      32 sdc 2157518 74470 223761194 17141832 14495060 36170074 4689550904 2605138428 142 20900136 2623726208
======================
   8      32 sdc 2157518 74470 223761194 17141832 14495640 36170099 4689846904 2605280528 139 20901140 2623869860
======================
   8      32 sdc 2157518 74470 223761194 17141832 14496214 36170099 4690140440 2605425860 141 20902144 2624013892
======================
   8      32 sdc 2157518 74470 223761194 17141832 14496782 36170099 4690430752 2605569568 150 20903144 2624157164
======================
   8      32 sdc 2157518 74470 223761194 17141832 14497354 36170099 4690723616 2605713632 154 20904148 2624300676
======================
   8      32 sdc 2157518 74470 223761194 17141832 14497899 36170099 4691002656 2605851836 153 20905152 2624445168
======================
   8      32 sdc 2157518 74470 223761194 17141832 14498489 36170115 4691304736 2605997616 114 20906152 2624587872
======================
   8      32 sdc 2157518 74470 223761194 17141832 14499099 36170117 4691611656 2606123736 156 20907160 2624711516
======================
   8      32 sdc 2157518 74470 223761194 17141832 14499688 36170117 4691913224 2606268104 143 20908164 2624855120
======================
   8      32 sdc 2157518 74470 223761194 17141832 14500287 36170117 4692219912 2606411704 152 20909168 2624998676
======================
   8      32 sdc 2157518 74470 223761194 17141832 14500837 36170121 4692501040 2606554348 146 20910176 2625143044
======================
   8      32 sdc 2157519 74470 223761202 17142108 14501342 36170141 4692759600 2606677472 137 20911176 2625270416
======================
   8      32 sdc 2157519 74470 223761202 17142108 14501965 36170141 4693077728 2606825128 155 20912180 2625411984
======================
   8      32 sdc 2157519 74470 223761202 17142108 14502565 36170141 4693384928 2606969288 131 20913184 2625555772
======================
   8      32 sdc 2157519 74470 223761202 17142108 14503164 36170141 4693691616 2607112880 140 20914192 2625700164
======================
   8      32 sdc 2157519 74470 223761202 17142108 14503709 36170141 4693970656 2607254904 139 20915196 2625843996
======================
   8      32 sdc 2157519 74470 223761202 17142108 14504304 36170164 4694272832 2607400472 126 20916200 2625987456
======================
   8      32 sdc 2157519 74470 223761202 17142108 14504899 36170164 4694577096 2607541600 148 20917200 2626129284
======================
   8      32 sdc 2157519 74470 223761202 17142108 14505467 36170164 4694867408 2607684800 157 20918204 2626272580
======================
   8      32 sdc 2157519 74470 223761202 17142108 14506042 36170164 4695161808 2607829236 158 20919208 2626416168
======================
   8      32 sdc 2157519 74470 223761202 17142108 14506630 36170164 4695462864 2607972448 146 20920212 2626559948
======================
   8      32 sdc 2157519 74470 223761202 17142108 14507207 36170180 4695758288 2608115372 121 20921216 2626703080
======================
   8      32 sdc 2157519 74470 223761202 17142108 14507739 36170194 4696027888 2608243324 130 20922220 2626840956
======================
   8      32 sdc 2157519 74470 223761202 17142108 14508343 36170194 4696337136 2608394412 134 20923220 2626982460
======================
   8      32 sdc 2157520 74470 223761210 17142200 14508893 36170194 4696618736 2608537484 152 20924224 2627125044
======================
   8      32 sdc 2157520 74470 223761210 17142200 14509438 36170194 4696897776 2608679304 151 20925228 2627267772
======================
   8      32 sdc 2157520 74470 223761210 17142200 14510014 36170214 4697192688 2608811924 152 20926228 2627411608
======================
   8      32 sdc 2157520 74470 223761210 17142200 14510625 36170214 4697505176 2608971368 138 20927232 2627559636
======================
   8      32 sdc 2157520 74470 223761210 17142200 14511203 36170214 4697800608 2609112532 137 20928236 2627703176
======================
   8      32 sdc 2157520 74470 223761210 17142200 14511754 36170214 4698082720 2609258000 130 20929240 2627846788
======================
   8      32 sdc 2157520 74470 223761210 17142200 14512302 36170214 4698363296 2609402108 158 20930240 2627989688
======================
   8      32 sdc 2157520 74470 223761210 17142200 14512900 36170232 4698669112 2609546228 149 20931244 2628131476
======================
   8      32 sdc 2157520 74470 223761210 17142200 14513498 36170232 4698974784 2609687936 128 20932244 2628274696
======================
   8      32 sdc 2157520 74470 223761210 17142200 14514096 36170232 4699280960 2609831308 138 20933248 2628418624
======================
   8      32 sdc 2157520 74470 223761210 17142200 14514613 36170241 4699540696 2609949828 138 20934252 2628552660
======================
   8      32 sdc 2157520 74470 223761210 17142200 14515213 36170241 4699847896 2610106928 146 20935252 2628695740
======================
   8      32 sdc 2157520 74470 223761210 17142200 14515802 36170256 4700149464 2610251936 74 20936256 2628835116
======================
   8      32 sdc 2157521 74470 223761218 17142272 14516370 36170256 4700439392 2610382052 131 20937256 2628972680
======================
   8      32 sdc 2157521 74470 223761218 17142272 14516936 36170256 4700729184 2610528136 141 20938260 2629116548
======================
   8      32 sdc 2157521 74470 223761218 17142272 14517511 36170256 4701023584 2610672944 142 20939264 2629260372
======================
   8      32 sdc 2157521 74470 223761218 17142272 14518105 36170260 4701326736 2610818576 156 20940276 2629405912
======================
   8      32 sdc 2157521 74470 223761218 17142272 14518683 36170279 4701622320 2610961184 140 20941280 2629547744
======================
   8      32 sdc 2157521 74470 223761218 17142272 14519245 36170279 4701909560 2611104480 155 20942292 2629692388
======================
   8      32 sdc 2157521 74470 223761218 17142272 14519814 36170279 4702200888 2611248420 130 20943300 2629836404
======================
   8      32 sdc 2157521 74470 223761218 17142272 14520401 36170279 4702501432 2611392988 151 20944304 2629980192
======================
   8      32 sdc 2157521 74470 223761218 17142272 14520955 36170279 4702785080 2611533548 126 20945312 2630122172
======================
   8      32 sdc 2157521 74470 223761218 17142272 14521560 36170298 4703090824 2611678464 106 20946316 2630265268
======================
   8      32 sdc 2157521 74470 223761218 17142272 14522068 36170298 4703350048 2611798504 154 20947320 2630404984
======================
   8      32 sdc 2157521 74470 223761218 17142272 14522742 36170298 4703695136 2611963756 129 20948324 2630550568
======================
   8      32 sdc 2157521 74470 223761218 17142272 14523310 36170298 4703985952 2612105256 137 20949328 2630694388
======================
   8      32 sdc 2157521 74470 223761218 17142272 14523856 36170298 4704265504 2612248988 135 20950332 2630838172
======================
   8      32 sdc 2157522 74470 223761226 17142404 14524411 36170312 4704549272 2612391968 139 20951336 2630979588
======================
   8      32 sdc 2157522 74470 223761226 17142404 14524965 36170325 4704830000 2612522748 153 20952340 2631123208
======================
   8      32 sdc 2157522 74470 223761226 17142404 14525615 36170325 4705162800 2612680856 143 20953344 2631269044
======================
   8      32 sdc 2157522 74470 223761226 17142404 14526196 36170325 4705460272 2612823432 138 20954348 2631412684
======================
   8      32 sdc 2157522 74470 223761226 17142404 14526744 36170325 4705740848 2612968120 134 20955348 2631556004
======================
   8      32 sdc 2157522 74470 223761226 17142404 14527341 36170346 4706046512 2613112084 94 20956352 2631697424
======================
   8      32 sdc 2157522 74470 223761226 17142404 14527919 36170346 4706342112 2613251720 137 20957356 2631840376
======================
   8      32 sdc 2157522 74470 223761226 17142404 14528487 36170346 4706632424 2613394220 145 20958356 2631982480
======================
   8      32 sdc 2157522 74470 223761226 17142404 14528976 36170346 4706882792 2613514816 136 20959364 2632125432
======================
   8      32 sdc 2157522 74470 223761226 17142404 14529656 36170346 4707230952 2613677856 138 20960368 2632267696
======================
   8      32 sdc 2157522 74470 223761226 17142404 14530237 36170365 4707524424 2613820364 120 20961372 2632408048
======================
   8      32 sdc 2157522 74470 223761226 17142404 14530806 36170365 4707814864 2613953964 156 20962376 2632542244
======================
   8      32 sdc 2157522 74470 223761226 17142404 14531374 36170365 4708105680 2614097876 132 20963380 2632686028
======================
   8      32 sdc 2157523 74470 223761234 17142504 14531925 36170365 4708387792 2614239600 129 20964388 2632827232
======================
   8      32 sdc 2157523 74470 223761234 17142504 14532515 36170365 4708689872 2614383604 147 20965392 2632971268
======================
   8      32 sdc 2157523 74470 223761234 17142504 14533051 36170380 4708964304 2614524248 108 20966396 2633114136
======================
   8      32 sdc 2157523 74470 223761234 17142504 14533660 36170383 4709274744 2614671424 142 20967400 2633257708
======================
   8      32 sdc 2157523 74470 223761234 17142504 14534223 36170383 4709562496 2614810428 156 20968408 2633402692
======================
   8      32 sdc 2157523 74470 223761234 17142504 14534798 36170383 4709856896 2614957784 157 20969416 2633546956
======================
   8      32 sdc 2157523 74470 223761234 17142504 14535354 36170383 4710141568 2615102916 145 20970416 2633690392
======================
   8      32 sdc 2157523 74470 223761234 17142504 14535953 36170405 4710448256 2615246772 106 20971420 2633832728
======================
   8      32 sdc 2157523 74470 223761234 17142504 14536553 36170405 4710754624 2615382088 136 20972424 2633969352
======================
   8      32 sdc 2157523 74470 223761234 17142504 14537112 36170418 4711036400 2615513692 153 20973428 2634113444
======================
   8      32 sdc 2157523 74470 223761234 17142504 14537714 36170418 4711344624 2615669136 159 20974432 2634257948
======================
   8      32 sdc 2157523 74470 223761234 17142504 14538260 36170418 4711624176 2615812608 157 20975436 2634401608
======================
   8      32 sdc 2157523 74470 223761234 17142504 14538858 36170433 4711930352 2615957732 108 20976440 2634544312
======================
   8      32 sdc 2157523 74470 223761234 17142504 14539431 36170433 4712222840 2616094780 97 20977440 2634684172
======================
   8      32 sdc 2157523 74470 223761234 17142504 14539431 36170433 4712222840 2616094780 97 20978444 2634781560
======================
   8      32 sdc 2157524 74470 223761242 17144268 14540560 36170433 4712800888 2616304600 158 20979448 2634895016
======================
   8      32 sdc 2157524 74470 223761242 17144268 14541151 36170433 4713103480 2616449684 143 20980456 2635039308
======================
   8      32 sdc 2157524 74470 223761242 17144268 14541730 36170454 4713399088 2616593276 135 20981464 2635183252
======================
   8      32 sdc 2157524 74470 223761242 17144268 14542289 36170454 4713685296 2616736560 152 20982468 2635326904
======================
   8      32 sdc 2157524 74470 223761242 17144268 14542797 36170454 4713944888 2616867220 157 20983472 2635470688
======================
   8      32 sdc 2157524 74470 223761242 17144268 14543447 36170454 4714277688 2617024748 147 20984476 2635614220
======================
   8      32 sdc 2157524 74470 223761242 17144268 14544031 36170454 4714576696 2617167856 139 20985480 2635757988
======================
   8      32 sdc 2157524 74470 223761242 17144268 14544598 36170476 4714867000 2617311352 117 20986484 2635901164
======================
   8      32 sdc 2157524 74470 223761242 17144268 14545180 36170478 4715163160 2617452880 153 20987484 2636042012
======================
   8      32 sdc 2157524 74470 223761242 17144268 14545757 36170478 4715458080 2617590964 153 20988488 2636185896
======================
   8      32 sdc 2157524 74470 223761242 17144268 14546339 36170478 4715756064 2617740528 147 20989488 2636330764
======================
   8      32 sdc 2157524 74470 223761242 17144268 14546886 36170478 4716036128 2617883508 144 20990492 2636474400
======================
   8      32 sdc 2157524 74470 223761242 17144268 14547105 36170478 4716148256 2617939596 111 20991496 2636596956
======================
   8      32 sdc 2157525 74470 223761250 17145916 14547403 36170492 4716299936 2618134708 134 20992500 2636709748
======================
   8      32 sdc 2157525 74470 223761250 17145916 14548615 36170503 4716916536 2618253812 159 20993504 2636853468
======================
   8      32 sdc 2157525 74470 223761250 17145916 14549224 36170503 4717228344 2618409776 158 20994508 2637002048
======================
   8      32 sdc 2157525 74470 223761250 17145916 14549770 36170503 4717507896 2618554200 156 20995512 2637145944
======================
   8      32 sdc 2157525 74470 223761250 17145916 14550369 36170503 4717814584 2618699088 133 20996516 2637289632
======================
   8      32 sdc 2157525 74470 223761250 17145916 14550867 36170524 4718069560 2618823136 148 20997524 2637434252
======================
   8      32 sdc 2157525 74470 223761250 17145916 14551513 36170524 4718399472 2618986600 150 20998528 2637578756
======================
   8      32 sdc 2157525 74470 223761250 17145916 14552102 36170524 4718701040 2619131064 137 20999536 2637723048
======================
   8      32 sdc 2157525 74470 223761250 17145916 14552686 36170524 4719000048 2619274216 129 21000540 2637866560
======================
   8      32 sdc 2157525 74470 223761250 17145916 14553253 36170524 4719290352 2619417544 138 21001540 2638009784
======================
   8      32 sdc 2157525 74470 223761250 17145916 14553828 36170546 4719580896 2619561228 155 21002544 2638152772
======================
   8      32 sdc 2157525 74470 223761250 17145916 14554396 36170546 4719871712 2619704344 131 21003548 2638296212
======================
   8      32 sdc 2157526 74470 223761258 17146084 14554954 36170546 4720156904 2619842084 130 21004556 2638433984
======================
   8      32 sdc 2157526 74470 223761258 17146084 14555543 36170546 4720458472 2619985956 149 21005560 2638577464
======================
   8      32 sdc 2157526 74470 223761258 17146084 14556114 36170546 4720750824 2620128456 154 21006560 2638720572
======================
   8      32 sdc 2157526 74470 223761258 17146084 14556682 36170561 4721041640 2620272436 123 21007564 2638863760
======================
   8      32 sdc 2157526 74470 223761258 17146084 14557238 36170574 4721322504 2620407692 131 21008568 2639006200
======================
   8      32 sdc 2157526 74470 223761258 17146084 14557782 36170574 4721601032 2620544460 131 21009572 2639148948
======================
   8      32 sdc 2157526 74470 223761258 17146084 14558391 36170574 4721912840 2620696864 130 21010572 2639288072
======================
   8      32 sdc 2157526 74470 223761258 17146084 14558974 36170574 4722211336 2620840124 155 21011576 2639431648
======================
   8      32 sdc 2157526 74470 223761258 17146084 14559529 36170593 4722495496 2620979392 116 21012576 2639575240
======================
   8      32 sdc 2157526 74470 223761258 17146084 14560172 36170593 4722823856 2621125336 131 21013580 2639716628
======================
   8      32 sdc 2157526 74470 223761258 17146084 14560719 36170593 4723103920 2621267088 128 21014584 2639860256
======================
   8      32 sdc 2157526 74470 223761258 17146084 14561270 36170593 4723386032 2621411144 153 21015584 2640003516
======================
   8      32 sdc 2157526 74470 223761258 17146084 14561841 36170593 4723678384 2621554472 158 21016600 2640148464
======================
   8      32 sdc 2157526 74470 223761258 17146084 14562423 36170614 4723975904 2621689820 153 21017604 2640292960
======================
   8      32 sdc 2157527 74470 223761266 17146132 14563016 36170614 4724276624 2621831536 131 21018612 2640424104
======================
   8      32 sdc 2157527 74470 223761266 17146132 14563601 36170614 4724576144 2621976376 154 21019620 2640568280
======================
   8      32 sdc 2157527 74470 223761266 17146132 14564190 36170614 4724877712 2622120044 141 21020624 2640712080
======================
   8      32 sdc 2157527 74470 223761266 17146132 14564731 36170614 4725154704 2622259972 144 21021632 2640856792
======================
   8      32 sdc 2157527 74470 223761266 17146132 14565318 36170629 4725454864 2622407208 150 21022632 2640997052
======================
   8      32 sdc 2157527 74470 223761266 17146132 14565894 36170642 4725746856 2622548280 136 21023636 2641137448
======================
   8      32 sdc 2157527 74470 223761266 17146132 14566482 36170642 4726047912 2622689420 156 21024640 2641281124
======================
   8      32 sdc 2157527 74470 223761266 17146132 14567065 36170642 4726346408 2622832704 149 21025648 2641425476
======================
   8      32 sdc 2157527 74470 223761266 17146132 14567603 36170642 4726621864 2622968652 155 21026648 2641568832
======================
   8      32 sdc 2157527 74470 223761266 17146132 14568216 36170663 4726935720 2623122864 101 21027652 2641712760
======================
   8      32 sdc 2157527 74470 223761266 17146132 14568814 36170663 4727241560 2623257952 131 21028656 2641849588
======================
   8      32 sdc 2157527 74470 223761266 17146132 14569318 36170663 4727499104 2623389900 140 21029656 2641993000
======================
   8      32 sdc 2157527 74470 223761266 17146132 14569885 36170663 4727789408 2623535968 149 21030660 2642135660
======================
   8      32 sdc 2157528 74470 223761274 17146244 14570488 36170663 4728098144 2623684404 135 21031664 2642276028
======================
   8      32 sdc 2157528 74470 223761274 17146244 14571094 36170683 4728404544 2623827992 128 21032668 2642418996
======================
   8      32 sdc 2157528 74470 223761274 17146244 14571694 36170683 4728711240 2623970948 136 21033672 2642562700
======================
   8      32 sdc 2157528 74470 223761274 17146244 14572226 36170683 4728983624 2624103532 148 21034676 2642706584
======================
   8      32 sdc 2157528 74470 223761274 17146244 14572798 36170683 4729276488 2624255408 131 21035676 2642849872
======================
   8      32 sdc 2157528 74470 223761274 17146244 14573396 36170683 4729582664 2624401828 141 21036680 2642993628
======================
   8      32 sdc 2157528 74470 223761274 17146244 14573968 36170699 4729875528 2624544960 120 21037684 2643136892
======================
   8      32 sdc 2157528 74470 223761274 17146244 14574542 36170714 4730166640 2624683280 152 21038688 2643275680
======================
   8      32 sdc 2157528 74470 223761274 17146244 14575131 36170714 4730468208 2624827300 139 21039692 2643419412
======================
   8      32 sdc 2157528 74470 223761274 17146244 14575696 36170714 4730757488 2624965752 150 21040696 2643562964
======================
   8      32 sdc 2157528 74470 223761274 17146244 14576250 36170714 4731041136 2625107640 140 21041696 2643707148
======================
   8      32 sdc 2157528 74470 223761274 17146244 14576797 36170735 4731321200 2625249508 129 21042700 2643851184
======================
   8      32 sdc 2157528 74470 223761274 17146244 14577397 36170735 4731628064 2625399108 134 21043704 2643994340
======================
   8      32 sdc 2157528 74470 223761274 17146244 14577933 36170735 4731901992 2625530072 83 21044712 2644128540
======================
   8      32 sdc 2157529 74470 223761282 17146500 14578521 36170735 4732203048 2625665592 154 21045716 2644266876
======================
   8      32 sdc 2157529 74470 223761282 17146500 14579133 36170735 4732516392 2625817448 150 21046716 2644410136
======================
   8      32 sdc 2157529 74470 223761282 17146500 14579713 36170754 4732809344 2625962124 135 21047720 2644553464
======================
   8      32 sdc 2157529 74470 223761282 17146500 14580312 36170754 4733115152 2626105040 154 21048724 2644697004
======================
   8      32 sdc 2157529 74470 223761282 17146500 14580792 36170754 4733360912 2626229424 154 21049728 2644841800
======================
   8      32 sdc 2157529 74470 223761282 17146500 14581450 36170754 4733697808 2626393264 136 21050732 2644985636
======================
   8      32 sdc 2157529 74470 223761282 17146500 14582048 36170754 4734003984 2626536656 146 21051732 2645128740
======================
   8      32 sdc 2157529 74470 223761282 17146500 14582646 36170769 4734310160 2626680312 148 21052736 2645272096
======================
   8      32 sdc 2157529 74470 223761282 17146500 14583218 36170774 4734601168 2626817300 147 21053736 2645411024
======================
   8      32 sdc 2157529 74470 223761282 17146500 14583765 36170774 4734881232 2626961272 144 21054740 2645554804
======================
   8      32 sdc 2157529 74470 223761282 17146500 14584342 36170774 4735176656 2627105972 143 21055744 2645697832
======================
   8      32 sdc 2157529 74470 223761282 17146500 14584947 36170774 4735486416 2627249856 146 21056748 2645841620
======================
   8      32 sdc 2157529 74470 223761282 17146500 14585515 36170795 4735777232 2627392888 131 21057756 2645985728
======================
   8      32 sdc 2157529 74470 223761282 17146500 14585606 36170795 4735823488 2627415864 73 21058760 2646063736
======================
   8      32 sdc 2157530 74470 223761290 17148216 14586600 36170798 4736330928 2627566460 142 21059760 2646151276
======================
   8      32 sdc 2157530 74470 223761290 17148216 14587225 36170798 4736650928 2627700396 157 21060764 2646294676
======================
   8      32 sdc 2157530 74470 223761290 17148216 14587803 36170801 4736942856 2627844900 155 21061772 2646439028
======================
   8      32 sdc 2157530 74470 223761290 17148216 14588359 36170817 4737227528 2627988608 131 21062776 2646582784
======================
   8      32 sdc 2157530 74470 223761290 17148216 14588943 36170817 4737526160 2628132816 136 21063784 2646726676
======================
   8      32 sdc 2157530 74470 223761290 17148216 14589508 36170817 4737814936 2628270644 148 21064792 2646871300
======================
   8      32 sdc 2157530 74470 223761290 17148216 14590106 36170817 4738121112 2628422160 149 21065800 2647017044
======================
   8      32 sdc 2157530 74470 223761290 17148216 14590677 36170817 4738413464 2628566400 154 21066804 2647160648
======================
   8      32 sdc 2157530 74470 223761290 17148216 14591278 36170837 4738720200 2628710156 128 21067808 2647304256
======================
   8      32 sdc 2157530 74498 223761290 17148216 14591368 36170837 4738765904 2628732196 159 21068812 2647457776
======================
   8      32 sdc 2157533 74498 223761538 17153232 14591450 36170837 4738807888 2628881132 139 21069816 2647613808
======================
   8      32 sdc 2157535 74498 223761554 17153416 14592907 36170837 4739553872 2629153632 216 21070820 2647827616
======================
   8      32 sdc 2157535 74498 223761554 17153416 14593283 36170837 4739746384 2629254944 76 21071824 2647979244
======================
   8      32 sdc 2157535 74498 223761554 17153416 14593283 36170837 4739746384 2629254944 76 21072824 2648055244
======================
   8      32 sdc 2157536 74498 223761562 17155232 14594652 36170852 4740446424 2629470464 169 21073828 2648212848
======================
   8      32 sdc 2157536 74498 223761562 17155232 14595198 36170852 4740725976 2629653312 167 21074832 2648388020
======================
   8      32 sdc 2157536 74498 223761562 17155232 14595711 36170852 4740988632 2629823260 166 21075836 2648555124
======================
   8      32 sdc 2157536 74498 223761562 17155232 14596337 36170852 4741309144 2630012892 149 21076840 2648718064
======================
   8      32 sdc 2157536 74498 223761562 17155232 14596904 36170852 4741599448 2630221688 158 21077840 2648870184
======================
   8      32 sdc 2157536 74498 223761562 17155232 14597421 36170852 4741864152 2630398088 153 21078844 2649015956
======================
   8      32 sdc 2157536 74498 223761562 17155232 14598074 36170852 4742198488 2630563516 128 21079848 2649162492
======================
   8      32 sdc 2157536 74498 223761562 17155232 14598645 36170869 4742489464 2630686124 143 21080848 2649287600
======================
   8      32 sdc 2157536 74498 223761562 17155232 14599212 36170869 4742779768 2630829756 152 21081852 2649431176
======================
   8      32 sdc 2157536 74498 223761562 17155232 14599780 36170869 4743070584 2630973756 128 21082856 2649574952
======================
   8      32 sdc 2157536 74498 223761562 17155232 14600356 36170869 4743365496 2631118372 128 21083864 2649719216
======================
   8      32 sdc 2157536 74498 223761562 17155232 14600945 36170869 4743667064 2631262048 115 21084868 2649862516
======================
   8      32 sdc 2157537 74498 223761570 17155556 14601502 36170880 4743951328 2631374848 136 21085876 2649976856
======================
   8      32 sdc 2157537 74498 223761570 17155556 14602069 36170880 4744241632 2631518484 145 21086880 2650120740
======================
   8      32 sdc 2157537 74498 223761570 17155556 14602660 36170880 4744544224 2631663212 130 21087884 2650264340
======================
   8      32 sdc 2157537 74498 223761570 17155556 14603255 36170880 4744848864 2631805860 143 21088888 2650407992
======================
   8      32 sdc 2157537 74498 223761570 17155556 14603762 36170880 4745108448 2631941232 148 21089892 2650551652
======================
   8      32 sdc 2157537 74498 223761570 17155556 14604394 36170889 4745431096 2632079512 141 21090896 2650680836
======================
   8      32 sdc 2157537 74498 223761570 17155556 14604992 36170889 4745737272 2632222804 137 21091896 2650824088
======================
   8      32 sdc 2157537 74498 223761570 17155556 14605590 36170889 4746043448 2632366196 147 21092900 2650967632
======================
   8      32 sdc 2157537 74498 223761570 17155556 14606147 36170889 4746328632 2632507888 134 21093904 2651111228
======================
   8      32 sdc 2157537 74498 223761570 17155556 14606693 36170889 4746608184 2632651512 132 21094904 2651254352
======================
   8      32 sdc 2157537 74498 223761570 17155556 14607289 36170905 4746912456 2632779116 148 21095908 2651380520
======================
   8      32 sdc 2157537 74498 223761570 17155556 14607880 36170905 4747215048 2632921692 133 21096912 2651524132
======================
   8      32 sdc 2157537 74498 223761570 17155556 14608448 36170905 4747505864 2633065248 141 21097916 2651667852
======================
   8      32 sdc 2157538 74498 223761578 17155860 14608994 36170905 4747785416 2633182156 130 21098916 2651783324
======================
   8      32 sdc 2157538 74498 223761578 17155860 14609582 36170905 4748086472 2633325152 150 21099920 2651927240
======================
   8      32 sdc 2157538 74498 223761578 17155860 14610160 36170918 4748381504 2633454540 145 21100924 2652057320
======================
   8      32 sdc 2157538 74498 223761578 17155860 14610726 36170918 4748671808 2633597832 155 21101928 2652200908
======================
   8      32 sdc 2157538 74498 223761578 17155860 14611283 36170918 4748956480 2633741804 142 21102928 2652344176
======================
   8      32 sdc 2157538 74498 223761578 17155860 14611862 36170918 4749252928 2633885108 139 21103932 2652487752
======================
   8      32 sdc 2157538 74498 223761578 17155860 14612431 36170960 4749544256 2634028252 119 21104936 2652631068
======================
   8      32 sdc 2157538 74498 223761578 17155860 14612558 36170974 4749600136 2634060852 0 21105264 2652645332
======================
   8      32 sdc 2157538 74498 223761578 17155860 14612558 36170974 4749600136 2634060852 0 21105264 2652645332
======================
   8      32 sdc 2157538 74498 223761578 17155860 14612558 36170974 4749600136 2634060852 0 21105264 2652645332
======================
   8      32 sdc 2157538 74498 223761578 17155860 14612558 36170974 4749600136 2634060852 0 21105264 2652645332
======================
   8      32 sdc 2157538 74498 223761578 17155860 14612558 36170974 4749600136 2634060852 0 21105264 2652645332
started
======================
   8      32 sdc 2157538 74498 223761578 17155860 14612558 36170974 4749600136 2634060852 0 21105264 2652645332
======================
   8      32 sdc 2157574 74498 223761866 17156916 14612558 36170974 4749600136 2634060852 1 21105904 2652646460
======================
   8      32 sdc 2158675 74498 223770674 17167492 14612558 36170974 4749600136 2634060852 0 21106540 2652656964
======================
   8      32 sdc 2158675 74498 223770674 17167492 14612558 36170974 4749600136 2634060852 0 21106540 2652656964
