======================
   8      16 sdb 3881444 638 621330978 3563864 15563263 22435753 4429251584 611180844 0 5671900 614729616
======================
   8      16 sdb 3881444 638 621330978 3563864 15563263 22435753 4429251584 611180844 0 5671900 614729616
======================
   8      16 sdb 3897548 638 621459810 3574120 15563263 22435753 4429251584 611180844 42 5672388 614739936
======================
   8      16 sdb 3935229 638 621761258 3593864 15563263 22435753 4429251584 611180844 7 5673336 614759604
======================
   8      16 sdb 3975142 638 622080562 3608900 15563263 22435753 4429251584 611180844 19 5674216 614774624
======================
   8      16 sdb 4018014 638 622423538 3625392 15563263 22435753 4429251584 611180844 30 5675120 614791108
======================
   8      16 sdb 4060319 638 622761978 3638128 15563263 22435753 4429251584 611180844 31 5675952 614803836
======================
   8      16 sdb 4097213 924 623059482 3646252 15564727 22449743 4429375160 611229896 131 5676788 614871032
======================
   8      16 sdb 4118610 1659 623236722 3653688 15571256 22450203 4429431096 611373356 151 5677792 615014916
======================
   8      16 sdb 4131145 1886 623338866 3659120 15575324 22450404 4429465280 611418052 0 5678340 615061984
======================
   8      16 sdb 4131968 1886 623345450 3659448 15575324 22450404 4429465280 611418052 0 5678380 615062312
======================
   8      16 sdb 4132298 1886 623348090 3659976 15576353 22515145 4429991440 611418608 0 5678640 615063396
======================
   8      16 sdb 4132579 1886 623350338 3660064 15576353 22515145 4429991440 611418608 0 5678728 615063484
======================
   8      16 sdb 4132758 1886 623351770 3660404 15577382 22579886 4430517600 611419032 0 5679084 615064240
======================
   8      16 sdb 4132979 1886 623353538 3660428 15577382 22579886 4430517600 611419032 0 5679108 615064264
======================
   8      16 sdb 4133229 1886 623355538 3660480 15577759 22603640 4430709608 611419156 3 5679220 615064440
======================
   8      16 sdb 4133229 1886 623355538 3660480 15593463 22644628 4431164168 611530904 135 5680100 615176460
======================
   8      16 sdb 4133315 1886 623356226 3660540 15615441 22644634 4431340032 611612464 0 5680752 615257756
======================
   8      16 sdb 4133592 1886 623358442 3660588 15615441 22644634 4431340032 611612464 0 5680800 615257804
======================
   8      16 sdb 4133801 1886 623360114 3660656 15622071 22712806 4431881064 611657080 241 5681268 615341172
======================
   8      16 sdb 4133801 1886 623360114 3660656 15650462 22730582 4432305312 611893172 157 5682268 615539796
======================
   8      16 sdb 4133939 1886 623361218 3660812 15671118 22740213 4432550072 612008664 0 5682904 615654136
======================
   8      16 sdb 4134219 1886 623363458 3660836 15671118 22740213 4432550072 612008664 0 5682928 615654160
======================
   8      16 sdb 4134358 1886 623364570 3660856 15678485 22804956 4433126952 612045440 151 5683368 615691156
======================
   8      16 sdb 4134576 1886 623366314 3660896 15689457 22804958 4433214736 612082480 0 5683680 615727992
======================
   8      16 sdb 4134943 1886 623369250 3660928 15689457 22804958 4433214736 612082480 0 5683712 615728024
======================
   8      16 sdb 4134981 1886 623369554 3660932 15712060 22869708 4433913560 612156492 123 5684412 615802492
======================
   8      16 sdb 4135219 1886 623371458 3660980 15714020 22869708 4433929232 612161800 0 5684496 615807352
======================
   8      16 sdb 4135523 1886 623373890 3661056 15714020 22869708 4433929232 612161800 0 5684572 615807428
======================
   8      16 sdb 4135539 1886 623374018 3661060 15739544 22934452 4434651376 612256816 147 5685396 615902464
======================
   8      16 sdb 4135745 1886 623375666 3661120 15751562 22934458 4434747560 612296604 0 5685744 615942220
======================
   8      16 sdb 4136035 1886 623377986 3661208 15761985 22940285 4434876920 612319516 141 5685976 615966056
======================
   8      16 sdb 4136096 1886 623378474 3661224 15777610 23005041 4435520608 612384808 151 5686672 616031492
======================
   8      16 sdb 4136195 1886 623379266 3661268 15793216 23005044 4435645472 612462304 0 5687260 616107980
======================
   8      16 sdb 4136513 1886 623381810 3661324 15793216 23005044 4435645472 612462304 0 5687316 616108036
======================
   8      16 sdb 4136653 1886 623382930 3661352 15804779 23069786 4436255912 612498708 140 5687776 616145864
======================
   8      16 sdb 4136718 1886 623383450 3661392 15823791 23069791 4436408040 612589244 0 5688448 616235000
======================
   8      16 sdb 4136925 1886 623385106 3661608 15861778 23096706 4436926344 612669080 145 5689304 616316288
======================
   8      16 sdb 4137132 1886 623386762 3661844 15883780 23110616 4437214552 612777240 0 5690076 616423304
======================
   8      16 sdb 4137307 1886 623388162 3661888 15884811 23175357 4437740720 612777804 0 5690280 616423908
======================
   8      16 sdb 4137543 1886 623390050 3661908 15884811 23175357 4437740720 612777804 0 5690300 616423928
======================
   8      16 sdb 4137775 1886 623391906 3661924 15885840 23240098 4438266880 612778420 0 5690476 616424556
======================
   8      16 sdb 4137954 1886 623393338 3662044 15885842 23240098 4438266888 612778420 0 5690596 616424676
======================
   8      16 sdb 4138267 1886 623395842 3662092 15885842 23240098 4438266888 612778420 0 5690644 616424724
======================
   8      16 sdb 4138327 1886 623396322 3662096 15894687 23304844 4438855616 612854580 151 5691348 616501560
======================
   8      16 sdb 4138327 1886 623396322 3662096 15920669 23304861 4439063608 612997056 131 5692352 616643700
======================
   8      16 sdb 4138539 1886 623398018 3662120 15923558 23304861 4439086712 613010324 0 5692468 616656568
======================
   8      16 sdb 4138842 1886 623400442 3662140 15923558 23304861 4439086712 613010324 0 5692488 616656588
======================
   8      16 sdb 4138886 1886 623400794 3662140 15939905 23369606 4439735440 613094064 154 5693248 616741140
======================
   8      16 sdb 4138954 1886 623401338 3662168 15960719 23369616 4439902032 613174752 0 5693852 616820992
======================
   8      16 sdb 4139160 1886 623402986 3662192 15960719 23369616 4439902032 613174752 0 5693876 616821016
======================
   8      16 sdb 4139444 1886 623405258 3662216 15960822 23376118 4439954768 613174832 1 5693916 616821120
======================
   8      16 sdb 4139444 1886 623405258 3662216 15988367 23434365 4440641208 613281012 136 5694804 616927420
======================
   8      16 sdb 4139662 1886 623407002 3662272 15998358 23434367 4440721144 613313456 0 5695096 616959732
======================
   8      16 sdb 4139974 1886 623409498 3662308 15998358 23434367 4440721144 613313456 0 5695132 616959768
======================
   8      16 sdb 4140001 1886 623409714 3662316 16023280 23499115 4441438504 613402300 138 5695932 617048576
======================
   8      16 sdb 4140152 1886 623410922 3662360 16036020 23499119 4441540448 613445948 0 5696292 617092256
======================
   8      16 sdb 4140463 1886 623413410 3662412 16036020 23499119 4441540448 613445948 0 5696344 617092308
======================
   8      16 sdb 4140569 1886 623414258 3662440 16054703 23563869 4442207912 613504900 159 5696948 617151380
======================
   8      16 sdb 4140641 1886 623414834 3662468 16073354 23563877 4442357176 613605356 0 5697688 617251724
======================
   8      16 sdb 4140957 1886 623417362 3662500 16073354 23563877 4442357176 613605356 0 5697720 617251756
======================
   8      16 sdb 4141131 1886 623418754 3662504 16081809 23628621 4442942768 613628400 133 5698044 617275880
======================
   8      16 sdb 4141138 1886 623418810 3662516 16110880 23628630 4443175400 613765000 0 5699012 617411376
======================
   8      16 sdb 4141352 1886 623420522 3662548 16110880 23628630 4443175400 613765000 0 5699044 617411408
======================
   8      16 sdb 4141663 1886 623423010 3662584 16110880 23628630 4443175400 613765000 0 5699080 617411444
======================
   8      16 sdb 4141692 1886 623423242 3662592 16134970 23693390 4443886200 613854292 128 5699884 617500940
======================
   8      16 sdb 4141871 1886 623424674 3662652 16148797 23693399 4443996880 613901692 0 5700288 617548128
======================
   8      16 sdb 4142177 1886 623427122 3662708 16148797 23693399 4443996880 613901692 0 5700344 617548184
======================
   8      16 sdb 4142250 1886 623427706 3662720 16166605 23758146 4444657320 613971884 141 5701016 617618408
======================
   8      16 sdb 4142335 1886 623428386 3662752 16186137 23758149 4444813592 614034228 0 5701500 617680668
======================
   8      16 sdb 4142623 1886 623430690 3662772 16186137 23758149 4444813592 614034228 0 5701520 617680688
======================
   8      16 sdb 4142801 1886 623432114 3662784 16196450 23822891 4445414032 614062416 156 5701880 617709120
======================
   8      16 sdb 4142815 1886 623432226 3662804 16223638 23822897 4445631576 614194864 1 5702832 617841312
======================
   8      16 sdb 4143041 1886 623434034 3662856 16223638 23822897 4445631576 614194864 0 5702884 617841364
======================
   8      16 sdb 4143295 1886 623436066 3662952 16249619 23839579 4445971520 614271304 159 5703468 617917844
======================
   8      16 sdb 4143359 1886 623436578 3663076 16281021 23926380 4446917352 614415924 128 5704472 618063576
======================
   8      16 sdb 4143625 1886 623438706 3663096 16285328 23930132 4446982984 614434216 0 5704616 618080864
======================
   8      16 sdb 4143911 1886 623440994 3663100 16285677 23952386 4447161672 614434376 5 5704680 618081024
======================
   8      16 sdb 4144043 1886 623442050 3663412 16286359 23994873 4447509152 614434684 0 5705100 618081644
======================
   8      16 sdb 4144345 1886 623444466 3663484 16286359 23994873 4447509152 614434684 0 5705172 618081716
======================
   8      16 sdb 4144464 1886 623445418 3663492 16290106 24059614 4448057056 614478292 139 5705656 618126992
======================
   8      16 sdb 4144464 1886 623445418 3663492 16296826 24059621 4448110872 614622504 139 5706660 618270468
======================
   8      16 sdb 4144464 1886 623445418 3663492 16314563 24059631 4448252840 614767340 147 5707664 618414656
======================
   8      16 sdb 4144748 1886 623447690 3663560 16315513 24059631 4448260440 614769976 0 5707748 618417028
======================
   8      16 sdb 4145032 1886 623449962 3663620 16316136 24099137 4448579152 614770400 5 5707912 618417516
======================
   8      16 sdb 4145032 1886 623449962 3663620 16330859 24124378 4448901184 614884644 155 5708776 618532836
======================
   8      16 sdb 4145039 1886 623450018 3663632 16352880 24124394 4449077472 615017820 0 5709720 618664904
======================
   8      16 sdb 4145218 1886 623451450 3663716 16352880 24124394 4449077472 615017820 0 5709804 618664988
======================
   8      16 sdb 4145522 1886 623453882 3663744 16352880 24124394 4449077472 615017820 0 5709832 618665016
======================
   8      16 sdb 4145599 1886 623454498 3663744 16361680 24189137 4449665816 615086736 132 5710480 618734876
======================
   8      16 sdb 4145599 1886 623454498 3663744 16388612 24189153 4449881400 615227340 141 5711484 618874908
======================
   8      16 sdb 4145874 1886 623456698 3663872 16390666 24189153 4449897824 615233732 0 5711656 618880988
======================
   8      16 sdb 4146162 1886 623459002 3663920 16390963 24207907 4450049888 615233944 1 5711748 618881248
======================
   8      16 sdb 4146162 1886 623459002 3663920 16399774 24253897 4450488640 615338516 139 5712636 618987176
======================
   8      16 sdb 4146177 1886 623459122 3663960 16428654 24253902 4450719712 615461772 0 5713544 619109076
======================
   8      16 sdb 4146372 1886 623460682 3664020 16428654 24253902 4450719712 615461772 0 5713604 619109136
======================
   8      16 sdb 4146639 1886 623462818 3664036 16428654 24253902 4450719712 615461772 0 5713620 619109152
======================
   8      16 sdb 4146729 1886 623463538 3664036 16434999 24318643 4451288400 615519584 143 5714192 619167960
======================
   8      16 sdb 4146729 1886 623463538 3664036 16461193 24318656 4451498064 615661552 142 5715196 619308920
======================
   8      16 sdb 4146972 1886 623465482 3664112 16465879 24318660 4451535576 615677184 0 5715392 619325064
======================
   8      16 sdb 4147273 1886 623467890 3664176 16465879 24318660 4451535576 615677184 0 5715456 619325128
======================
   8      16 sdb 4147281 1886 623467954 3664176 16489791 24383414 4452244904 615774860 141 5716308 619423616
======================
   8      16 sdb 4147392 1886 623468842 3664248 16503389 24383423 4452353752 615855696 0 5716940 619503628
======================
   8      16 sdb 4147704 1886 623471338 3664280 16503389 24383423 4452353752 615855696 0 5716972 619503660
======================
   8      16 sdb 4147843 1886 623472450 3664288 16511590 24448168 4452937320 615897264 129 5717440 619546664
======================
   8      16 sdb 4147843 1886 623472450 3664288 16526806 24448172 4453059080 616041124 128 5718444 619689588
======================
   8      16 sdb 4147976 1886 623473514 3664372 16553547 24457592 4453347336 616109628 137 5719012 619757604
======================
   8      16 sdb 4148148 1886 623474890 3664744 16585336 24480732 4453787136 616235648 132 5720016 619884340
======================
   8      16 sdb 4148349 1886 623476498 3665040 16601024 24490074 4453988032 616321092 0 5720644 619969652
======================
   8      16 sdb 4148468 1886 623477450 3665164 16602055 24554815 4454514200 616323672 0 5720936 619972352
======================
   8      16 sdb 4148692 1886 623479242 3665212 16602055 24554815 4454514200 616323672 0 5720984 619972400
======================
   8      16 sdb 4148971 1886 623481474 3665228 16602757 24599322 4454873624 616323948 5 5721112 619972692
======================
   8      16 sdb 4149076 1886 623482314 3665576 16603086 24619556 4455040368 616324152 0 5721544 619973244
======================
   8      16 sdb 4149259 1886 623483778 3665596 16603086 24619556 4455040368 616324152 0 5721564 619973264
======================
   8      16 sdb 4149523 1886 623485890 3665632 16603086 24619556 4455040368 616324152 0 5721600 619973300
======================
   8      16 sdb 4149523 1886 623485890 3665632 16607535 24684299 4455593904 616421624 144 5722464 620073960
======================
   8      16 sdb 4149523 1886 623485890 3665632 16611497 24684303 4455625632 616565832 143 5723468 620217548
======================
   8      16 sdb 4149523 1886 623485890 3665632 16632580 24684312 4455794368 616710392 144 5724472 620360884
======================
   8      16 sdb 4149641 1886 623486834 3665668 16640600 24684316 4455858552 616788388 0 5725048 620437504
======================
   8      16 sdb 4149823 1886 623488290 3665700 16640613 24685317 4455865208 616788388 3 5725080 620437536
======================
   8      16 sdb 4150105 1886 623490546 3665836 16641202 24722140 4456165960 616788700 0 5725220 620437984
======================
   8      16 sdb 4150394 1886 623492858 3665864 16641775 24758396 4456459336 616788968 4 5725340 620438280
======================
   8      16 sdb 4150394 1886 623492858 3665864 16651561 24786882 4456766768 616902552 138 5726220 620553500
======================
   8      16 sdb 4150440 1886 623493226 3665904 16673462 24786891 4456942040 617013376 0 5727040 620662672
======================
   8      16 sdb 4150654 1886 623494938 3665928 16673462 24786891 4456942040 617013376 0 5727064 620662696
======================
   8      16 sdb 4150958 1886 623497370 3665968 16673493 24789143 4456958424 617013396 5 5727112 620662756
======================
   8      16 sdb 4150958 1886 623497370 3665968 16697829 24851641 4457654976 617115004 158 5727996 620764964
======================
   8      16 sdb 4151169 1886 623499058 3666060 16705164 24851641 4457713648 617139380 0 5728260 620788788
======================
   8      16 sdb 4151472 1886 623501482 3666100 16705164 24851641 4457713648 617139380 0 5728300 620788828
======================
   8      16 sdb 4151516 1886 623501834 3666104 16713500 24916383 4458298272 617220940 145 5729056 620872568
======================
   8      16 sdb 4151516 1886 623501834 3666104 16728249 24916388 4458416296 617364896 148 5730056 621014616
======================
   8      16 sdb 4151568 1886 623502250 3666144 16759054 24916401 4458662832 617468112 0 5730836 621117488
======================
   8      16 sdb 4151863 1886 623504610 3666180 16759054 24916401 4458662832 617468112 0 5730872 621117524
======================
   8      16 sdb 4152077 1886 623506322 3666212 16761593 24981142 4459201072 617471968 132 5731092 621121880
======================
   8      16 sdb 4152077 1886 623506322 3666212 16785926 24981148 4459395784 617613088 128 5732096 621263004
======================
   8      16 sdb 4152249 1886 623507698 3666260 16797213 24981154 4459486120 617650228 0 5732408 621299664
======================
   8      16 sdb 4152556 1886 623510154 3666296 16797213 24981154 4459486120 617650228 0 5732444 621299700
======================
   8      16 sdb 4152630 1886 623510746 3666296 16804574 25045902 4460062992 617707700 159 5733016 621358640
======================
   8      16 sdb 4152630 1886 623510746 3666296 16816571 25045904 4460158984 617850696 144 5734020 621500152
======================
   8      16 sdb 4152765 1886 623511826 3666348 16834846 25045912 4460305240 617915208 0 5734528 621564688
======================
   8      16 sdb 4153073 1886 623514290 3666392 16834846 25045912 4460305240 617915208 1 5734572 621564732
======================
   8      16 sdb 4153190 1886 623515226 3666420 16845385 25110657 4460907512 617965064 129 5735124 621616540
======================
   8      16 sdb 4153259 1886 623515778 3666480 16872696 25110665 4461126056 618059108 0 5735848 621708636
======================
   8      16 sdb 4153486 1886 623517594 3666516 16872696 25110665 4461126056 618059108 0 5735884 621708672
======================
   8      16 sdb 4153703 1886 623519330 3666712 16904073 25130220 4461532928 618130236 158 5736588 621780560
======================
   8      16 sdb 4153766 1886 623519834 3666840 16929755 25214328 4462411832 618253152 0 5737484 621903436
======================
   8      16 sdb 4154059 1886 623522178 3666864 16929755 25214328 4462411832 618253152 0 5737508 621903460
======================
   8      16 sdb 4154295 1886 623524066 3666884 16930783 25279069 4462937984 618253664 0 5737728 621903980
======================
   8      16 sdb 4154436 1886 623525194 3667024 16933421 25279090 4462959248 618259072 0 5737908 621909524
======================
   8      16 sdb 4154744 1886 623527658 3667060 16933421 25279090 4462959248 618259072 0 5737944 621909560
======================
   8      16 sdb 4154843 1886 623528450 3667084 16942051 25343834 4463546240 618313120 140 5738520 621964836
======================
   8      16 sdb 4154871 1886 623528674 3667112 16965645 25343855 4463735152 618424900 0 5739340 622075384
======================
   8      16 sdb 4155066 1886 623530234 3667144 16965645 25343855 4463735152 618424900 0 5739372 622075416
======================
   8      16 sdb 4155334 1886 623532378 3667188 16965645 25343855 4463735152 618424900 0 5739416 622075460
======================
   8      16 sdb 4155410 1886 623532986 3667188 16978994 25408600 4464359896 618490524 131 5740032 622141736
======================
   8      16 sdb 4155485 1886 623533586 3667240 17003651 25408610 4464557232 618578536 0 5740720 622229088
======================
   8      16 sdb 4155712 1886 623535402 3667276 17003651 25408610 4464557232 618578536 0 5740756 622229124
======================
   8      16 sdb 4155963 1886 623537410 3667304 17004680 25473350 4465083384 618579088 0 5740944 622229700
======================
   8      16 sdb 4155963 1886 623537410 3667304 17040431 25473361 4465369480 618704080 143 5741848 622355252
======================
   8      16 sdb 4156168 1886 623539050 3667372 17042010 25473361 4465382104 618717308 0 5742008 622367916
======================
   8      16 sdb 4156471 1886 623541474 3667404 17042010 25473361 4465382104 618717308 0 5742040 622367948
======================
   8      16 sdb 4156515 1886 623541826 3667420 17057005 25538106 4466020032 618799988 130 5742800 622450900
======================
   8      16 sdb 4156565 1886 623542226 3667480 17079632 25538113 4466201096 618893520 0 5743536 622544176
======================
   8      16 sdb 4156764 1886 623543818 3667504 17079632 25538113 4466201096 618893520 0 5743560 622544200
======================
   8      16 sdb 4157066 1886 623546234 3667512 17079632 25538113 4466201096 618893520 0 5743568 622544208
======================
   8      16 sdb 4157073 1886 623546290 3667512 17104438 25602866 4466917568 618992476 97 5744432 622643248
======================
   8      16 sdb 4157229 1886 623547538 3667600 17117038 25602873 4467018416 619035700 0 5744828 622686420
======================
   8      16 sdb 4157542 1886 623550042 3667668 17117038 25602873 4467018416 619035700 0 5744896 622686488
======================
   8      16 sdb 4157631 1886 623550754 3667700 17132560 25667619 4467660560 619097148 138 5745520 622748228
======================
   8      16 sdb 4157729 1886 623551538 3667756 17154566 25667631 4467836696 619171352 0 5746108 622822144
======================
   8      16 sdb 4157961 1886 623553394 3667804 17154566 25667631 4467836696 619171352 0 5746156 622822192
======================
   8      16 sdb 4158189 1886 623555218 3667808 17155595 25732372 4468362856 619171776 0 5746320 622822616
======================
   8      16 sdb 4158189 1886 623555218 3667808 17191404 25732387 4468649448 619307492 147 5747292 622958676
======================
   8      16 sdb 4158432 1886 623557162 3667924 17191794 25732387 4468652560 619310576 0 5747432 622961468
======================
   8      16 sdb 4158734 1886 623559578 3667956 17191794 25732387 4468652560 619310576 0 5747464 622961500
======================
   8      16 sdb 4158741 1886 623559634 3667956 17210277 25797134 4469318400 619408836 149 5748308 623060416
======================
   8      16 sdb 4158831 1886 623560354 3668032 17240579 25807328 4469642360 619513736 0 5749076 623164660
======================
   8      16 sdb 4159032 1886 623561962 3668056 17240579 25807328 4469642360 619513736 0 5749100 623164684
======================
   8      16 sdb 4159301 1886 623564114 3668088 17241028 25835833 4469872248 619513976 4 5749200 623164956
======================
   8      16 sdb 4159301 1886 623564114 3668088 17266653 25872081 4470368976 619626420 159 5750088 623277472
======================
   8      16 sdb 4159553 1886 623566130 3668136 17271578 25872082 4470408376 619640408 0 5750236 623291388
======================
   8      16 sdb 4159851 1886 623568514 3668176 17271757 25883835 4470500024 619640572 8 5750304 623291588
======================
   8      16 sdb 4159851 1886 623568514 3668176 17298680 25936829 4471143160 619746320 147 5751192 623397564
======================
   8      16 sdb 4160021 1886 623569874 3668276 17301175 25936829 4471163120 619755076 0 5751352 623406156
======================
   8      16 sdb 4160273 1886 623571890 3668312 17301175 25936829 4471163120 619755076 0 5751388 623406192
======================
   8      16 sdb 4160406 1886 623572954 3668344 17309739 26001576 4471749608 619776724 159 5751724 623427860
======================
   8      16 sdb 4160406 1886 623572954 3668344 17338339 26001584 4471978472 619916820 0 5752716 623567904
======================
   8      16 sdb 4160631 1886 623574754 3668416 17338341 26001584 4471978480 619916820 0 5752788 623567976
======================
   8      16 sdb 4160936 1886 623577194 3668476 17338341 26001584 4471978480 619916820 0 5752848 623568036
======================
   8      16 sdb 4160967 1886 623577442 3668476 17362328 26066330 4472688344 620004816 142 5753648 623656424
======================
   8      16 sdb 4161085 1886 623578386 3668580 17375908 26066335 4472797016 620055560 0 5754104 623706812
======================
   8      16 sdb 4161250 1886 623579706 3668616 17375908 26066335 4472797016 620055560 0 5754140 623706848
======================
   8      16 sdb 4161250 1886 623579706 3668616 17375908 26066335 4472797016 620055560 0 5754140 623706848
======================
   8      16 sdb 4161254 1886 623579738 3668644 17388449 26074078 4473685048 620078564 0 5754392 623729840
======================
   8      16 sdb 4161257 1886 623579762 3668796 17401626 26120135 4474813616 620197192 156 5755368 623853264
======================
   8      16 sdb 4161259 1886 623579778 3668892 17414872 26134824 4475575880 620330000 133 5756368 623986604
======================
   8      16 sdb 4161262 1886 623579802 3669084 17428810 26150082 4476413232 620459692 146 5757372 624113644
======================
   8      16 sdb 4161265 1886 623579826 3669324 17432154 26151980 4477414648 620584164 139 5758376 624236548
======================
   8      16 sdb 4161265 1886 623579826 3669324 17447019 26166721 4477652456 620725344 138 5759376 624379028
======================
   8      16 sdb 4161266 1886 623579834 3669388 17452472 26167863 4478010320 620856464 4 5760384 624509376
======================
   8      16 sdb 4161271 1886 623579874 3669860 17454111 26167863 4478849488 620960636 142 5761388 624623320
======================
   8      16 sdb 4161273 1886 623579890 3669872 17455781 26168055 4479351752 621100716 134 5762392 624766024
======================
   8      16 sdb 4161275 1886 623579906 3669900 17456890 26168055 4479918048 621245820 143 5763396 624908544
======================
   8      16 sdb 4161277 1886 623579922 3669948 17457864 26168055 4480416736 621386404 150 5764400 625051388
======================
   8      16 sdb 4161279 1886 623579938 3670032 17458763 26168076 4480876688 621526748 148 5765400 625191588
======================
   8      16 sdb 4161280 1886 623579946 3670084 17459601 26168076 4481305240 621668800 143 5766404 625333728
======================
   8      16 sdb 4161282 1886 623579962 3670212 17460467 26168076 4481748632 621808944 137 5767408 625473652
======================
   8      16 sdb 4161285 1886 623579986 3670432 17461435 26168076 4482244248 621935152 134 5768412 625600776
======================
   8      16 sdb 4161287 1886 623580002 3670600 17462431 26168076 4482754200 622071648 136 5769416 625736512
======================
   8      16 sdb 4161289 1886 623580018 3670764 17463551 26168094 4483326776 622208732 141 5770420 625869340
======================
   8      16 sdb 4161292 1886 623580042 3670908 17465282 26168110 4484209144 622328200 120 5771420 625999136
======================
   8      16 sdb 4161296 1886 623580074 3671068 17466843 26168110 4485008376 622478160 151 5772424 626137320
======================
   8      16 sdb 4161300 1886 623580106 3671152 17468552 26168110 4485883384 622616356 156 5773428 626278900
======================
   8      16 sdb 4161302 1886 623580122 3671212 17469672 26168110 4486456824 622755508 131 5774432 626421384
======================
   8      16 sdb 4161304 1886 623580138 3671288 17470624 26168137 4486943456 622898984 145 5775436 626564464
======================
   8      16 sdb 4161306 1886 623580154 3671420 17471561 26168137 4487423200 623036604 132 5776440 626706284
======================
   8      16 sdb 4161308 1886 623580170 3671504 17472918 26168137 4488117984 623187644 138 5777444 626847752
======================
   8      16 sdb 4161312 1886 623580202 3671740 17474583 26168149 4488968544 623318516 147 5778448 626982108
======================
   8      16 sdb 4161316 1886 623580234 3671764 17476271 26168149 4489832800 623464504 144 5779452 627125040
======================
   8      16 sdb 4161319 1886 623580258 3671800 17477911 26168174 4490672176 623604204 153 5780452 627267312
======================
   8      16 sdb 4161321 1886 623580274 3671844 17478981 26168174 4491219512 623748904 135 5781456 627409756
======================
   8      16 sdb 4161324 1886 623580298 3671948 17480123 26168174 4491804216 623888000 135 5782460 627550908
======================
   8      16 sdb 4161326 1886 623580314 3672020 17481364 26168174 4492439608 624030060 143 5783464 627692964
======================
   8      16 sdb 4161329 1886 623580338 3672116 17482978 26168185 4493265056 624173420 146 5784468 627834028
======================
   8      16 sdb 4161333 1886 623580370 3672316 17484452 26168212 4494018952 624298128 128 5785472 627966724
======================
   8      16 sdb 4161335 1886 623580386 3672508 17485494 26168212 4494552456 624439844 153 5786476 628103792
======================
   8      16 sdb 4161337 1886 623580402 3672700 17486486 26168212 4495060360 624570780 138 5787476 628236500
======================
   8      16 sdb 4161339 1886 623580418 3672904 17487412 26168212 4495534472 624703212 147 5788480 628367500
======================
   8      16 sdb 4161341 1886 623580434 3673112 17488401 26168212 4496040840 624838488 148 5789484 628499984
======================
   8      16 sdb 4161343 1886 623580450 3673328 17489438 26168234 4496570952 624963236 144 5790488 628624552
======================
   8      16 sdb 4161345 1886 623580466 3673612 17490460 26168259 4497091392 625081240 133 5791492 628743404
======================
   8      16 sdb 4161348 1886 623580490 3673648 17491525 26168259 4497636672 625218724 152 5792496 628887320
======================
   8      16 sdb 4161350 1886 623580506 3673700 17492763 26168259 4498270528 625368484 146 5793500 629030908
======================
   8      16 sdb 4161354 1886 623580538 3673752 17494512 26168259 4499166016 625499184 153 5794504 629172492
======================
   8      16 sdb 4161356 1886 623580554 3673828 17495467 26168286 4499654688 625646664 142 5795504 629313456
======================
   8      16 sdb 4161359 1886 623580578 3673900 17497369 26168286 4500628008 625791672 151 5796508 629453780
======================
   8      16 sdb 4161361 1886 623580594 3673984 17498346 26168286 4501128232 625933972 135 5797512 629598744
======================
   8      16 sdb 4161364 1886 623580618 3674176 17499409 26168286 4501672488 626059724 148 5798516 629729760
======================
   8      16 sdb 4161366 1886 623580634 3674380 17500360 26168296 4502159400 626194192 149 5799520 629861920
======================
   8      16 sdb 4161368 1886 623580650 3674548 17501364 26168321 4502671216 626327652 138 5800524 629995608
======================
   8      16 sdb 4161370 1886 623580666 3674644 17502372 26168321 4503186800 626461024 142 5801528 630131176
======================
   8      16 sdb 4161372 1886 623580682 3674852 17503388 26168321 4503706992 626596780 145 5802528 630264128
======================
   8      16 sdb 4161374 1886 623580698 3675080 17504342 26168321 4504195440 626724120 130 5803532 630393360
======================
   8      16 sdb 4161376 1886 623580714 3675324 17505352 26168321 4504712560 626855820 147 5804536 630524340
======================
   8      16 sdb 4161378 1886 623580730 3675336 17506318 26168340 4505206296 626999824 141 5805540 630667708
======================
   8      16 sdb 4161381 1886 623580754 3675412 17507298 26168360 4505705192 627142520 132 5806544 630810212
======================
   8      16 sdb 4161383 1886 623580770 3675488 17508339 26168360 4506238184 627283892 141 5807548 630952404
======================
   8      16 sdb 4161385 1886 623580786 3675540 17509479 26168360 4506821864 627430500 136 5808552 631094512
======================
   8      16 sdb 4161389 1886 623580818 3675636 17511384 26168360 4507797224 627570104 154 5809552 631234884
======================
   8      16 sdb 4161391 1886 623580834 3675740 17512444 26168387 4508339152 627706580 133 5810560 631373248
======================
   8      16 sdb 4161394 1886 623580858 3675844 17514273 26168387 4509275600 627842048 147 5811560 631511696
======================
   8      16 sdb 4161400 1886 623580906 3675956 17516526 26168387 4510429136 627984072 149 5812564 631649992
======================
   8      16 sdb 4161403 1886 623580930 3676092 17518188 26168393 4511277616 628122384 141 5813568 631786956
======================
   8      16 sdb 4161405 1886 623580946 3676216 17519528 26168393 4511963184 628256216 78 5814572 631922848
======================
   8      16 sdb 4161408 1886 623580970 3676476 17520666 26168425 4512545088 628386688 133 5815576 632051276
======================
   8      16 sdb 4161410 1886 623580986 3676656 17521918 26168425 4513186112 628512252 148 5816580 632184368
======================
   8      16 sdb 4161414 1886 623581018 3676988 17523221 26168425 4513853248 628636924 152 5817584 632298088
======================
   8      16 sdb 4161416 1886 623581034 3677164 17524598 26168437 4514558272 628761700 137 5818588 632427340
======================
   8      16 sdb 4161420 1886 623581066 3677456 17526435 26168437 4515495384 628877856 133 5819592 632548752
======================
   8      16 sdb 4161423 1886 623581090 3677460 17527974 26168463 4516283056 629016656 154 5820596 632683516
======================
   8      16 sdb 4161426 1886 623581114 3677472 17529611 26168463 4517120696 629151192 147 5821596 632825636
======================
   8      16 sdb 4161431 1886 623581154 3677576 17531272 26168463 4517971128 629300232 152 5822600 632966036
======================
   8      16 sdb 4161434 1886 623581178 3677640 17532833 26168471 4518770360 629438384 139 5823604 633107232
======================
   8      16 sdb 4161436 1886 623581194 3677720 17533916 26168471 4519321896 629579408 139 5824608 633248308
======================
   8      16 sdb 4161437 1886 623581202 3677768 17534687 26168501 4519715880 629720068 129 5825612 633389608
======================
   8      16 sdb 4161440 1886 623581226 3677888 17536098 26168501 4520438312 629857408 142 5826616 633529056
======================
   8      16 sdb 4161444 1886 623581258 3678072 17537618 26168501 4521216552 629993040 153 5827620 633660668
======================
   8      16 sdb 4161447 1886 623581282 3678236 17539398 26168501 4522127912 630129576 150 5828624 633796344
======================
   8      16 sdb 4161451 1886 623581314 3678432 17541129 26168510 4523010728 630263716 158 5829624 633928540
======================
   8      16 sdb 4161454 1886 623581338 3678596 17542754 26168540 4523841960 630394128 147 5830628 634060260
======================
   8      16 sdb 4161458 1886 623581370 3678828 17544699 26168540 4524837800 630525416 138 5831632 634189044
======================
   8      16 sdb 4161462 1886 623581402 3679076 17546280 26168540 4525647784 630647464 140 5832636 634313180
======================
   8      16 sdb 4161465 1886 623581426 3679280 17548012 26168540 4526534056 630766524 154 5833640 634442076
======================
   8      16 sdb 4161469 1886 623581458 3679560 17549918 26168552 4527507000 630896336 157 5834640 634562496
======================
   8      16 sdb 4161472 1886 623581482 3679772 17551592 26168583 4528363328 631013812 136 5835644 634682304
======================
   8      16 sdb 4161477 1886 623581522 3680092 17553496 26168583 4529338176 631132908 135 5836644 634797912
======================
   8      16 sdb 4161480 1886 623581546 3680316 17555220 26168583 4530220864 631253288 133 5837648 634922176
======================
   8      16 sdb 4161484 1886 623581578 3680616 17557132 26168583 4531199808 631371784 135 5838648 635041776
======================
   8      16 sdb 4161487 1886 623581602 3680844 17558784 26168583 4532045632 631497472 148 5839648 635166732
======================
   8      16 sdb 4161490 1886 623581626 3681064 17560520 26168628 4532931800 631621212 72 5840656 635289936
======================
   8      16 sdb 4161495 1886 623581666 3681384 17562433 26168628 4533911256 631736028 138 5841656 635406004
======================
   8      16 sdb 4161498 1886 623581690 3681616 17564114 26168628 4534771928 631860884 62 5842660 635529468
======================
   8      16 sdb 4161502 1886 623581722 3681924 17566013 26168628 4535744216 631980264 155 5843660 635650976
======================
   8      16 sdb 4161506 1886 623581754 3682116 17567674 26168628 4536594648 632107516 150 5844664 635778216
======================
   8      16 sdb 4161510 1886 623581786 3682160 17569503 26168674 4537527936 632242740 131 5845668 635919408
======================
   8      16 sdb 4161514 1886 623581818 3682200 17571322 26168674 4538459264 632390296 132 5846668 636060580
======================
   8      16 sdb 4161517 1886 623581842 3682248 17573018 26168674 4539327616 632530496 136 5847672 636202880
======================
   8      16 sdb 4161520 1886 623581866 3682312 17574536 26168687 4540101408 632669508 153 5848676 636345452
======================
   8      16 sdb 4161524 1886 623581898 3682440 17576257 26168687 4540982560 632811364 135 5849680 636482780
======================
   8      16 sdb 4161528 1886 623581930 3682576 17578140 26168720 4541946416 632947052 149 5850684 636618576
======================
   8      16 sdb 4161531 1886 623581954 3682684 17579816 26168720 4542804024 633087120 137 5851688 636758812
======================
   8      16 sdb 4161535 1886 623581986 3682848 17581731 26168720 4543784504 633221500 132 5852688 636892956
======================
   8      16 sdb 4161538 1886 623582010 3682992 17583433 26168720 4544655928 633356808 134 5853692 637028228
======================
   8      16 sdb 4161542 1886 623582042 3683188 17585139 26168733 4545525472 633484304 54 5854696 637154476
======================
   8      16 sdb 4161546 1886 623582074 3683420 17587021 26168763 4546488288 633610740 154 5855700 637282664
======================
   8      16 sdb 4161550 1886 623582106 3683668 17588733 26168763 4547364832 633742492 149 5856704 637411372
======================
   8      16 sdb 4161553 1886 623582130 3683868 17590639 26168763 4548340704 633868208 133 5857708 637540720
======================
   8      16 sdb 4161557 1886 623582162 3684132 17592272 26168763 4549176800 633989880 90 5858708 637661736
======================
   8      16 sdb 4161561 1886 623582194 3684432 17594122 26168776 4550121584 634105328 148 5859712 637781692
======================
   8      16 sdb 4161564 1886 623582218 3684608 17595851 26168806 4551006064 634231028 86 5860716 637902936
======================
   8      16 sdb 4161568 1886 623582250 3684908 17597557 26168806 4551879536 634351968 131 5861720 638024124
======================
   8      16 sdb 4161572 1886 623582282 3685144 17599461 26168806 4552854384 634473272 60 5862724 638145296
======================
   8      16 sdb 4161576 1886 623582314 3685456 17601165 26168806 4553726832 634592288 140 5863728 638265656
======================
   8      16 sdb 4161579 1886 623582338 3685684 17603063 26168806 4554698608 634717288 42 5864732 638388984
======================
   8      16 sdb 4161583 1886 623582370 3685960 17604878 26168853 4555625240 634826208 133 5865728 638505560
======================
   8      16 sdb 4161586 1886 623582394 3686200 17606605 26168853 4556509464 634955888 106 5866732 638630392
======================
   8      16 sdb 4161591 1886 623582434 3686544 17608304 26168853 4557379352 635071572 154 5867736 638745204
======================
   8      16 sdb 4161594 1886 623582458 3686780 17610234 26168867 4558364096 635194980 36 5868740 638867404
======================
   8      16 sdb 4161598 1886 623582490 3687092 17611924 26168867 4559229376 635314564 130 5869744 638990288
======================
   8      16 sdb 4161601 1886 623582514 3687252 17613831 26168900 4560205016 635435592 25 5870748 639108136
======================
   8      16 sdb 4161606 1886 623582554 3687628 17615458 26168900 4561038040 635549908 151 5871744 639223408
======================
   8      16 sdb 4161609 1886 623582578 3687856 17617195 26168900 4561927384 635667712 142 5872748 639349864
======================
   8      16 sdb 4161613 1886 623582610 3688168 17619101 26168913 4562899832 635793392 133 5873752 639469848
======================
   8      16 sdb 4161616 1886 623582634 3688408 17620786 26168913 4563762552 635917052 156 5874756 639594356
======================
   8      16 sdb 4161621 1886 623582674 3688740 17622688 26168944 4564735616 636031092 129 5875760 639707888
======================
   8      16 sdb 4161624 1886 623582698 3688956 17624373 26168944 4565598336 636154952 140 5876764 639832628
======================
   8      16 sdb 4161628 1886 623582730 3689252 17626295 26168944 4566582912 636274168 155 5877768 639951896
======================
   8      16 sdb 4161631 1886 623582754 3689488 17627989 26168944 4567449728 636398576 158 5878772 640078116
======================
   8      16 sdb 4161634 1886 623582778 3689716 17629708 26168958 4568326944 636525460 51 5879772 640201772
======================
   8      16 sdb 4161639 1886 623582818 3690044 17631597 26168990 4569293360 636634016 147 5880776 640312752
======================
   8      16 sdb 4161642 1886 623582842 3690296 17633278 26168990 4570154032 636755312 67 5881780 640432764
======================
   8      16 sdb 4161646 1886 623582874 3690596 17635202 26168990 4571139120 636874476 137 5882780 640552944
======================
   8      16 sdb 4161650 1886 623582906 3690900 17637076 26168990 4572098608 636990388 151 5883784 640672412
======================
   8      16 sdb 4161655 1886 623582946 3691216 17639046 26168990 4573107248 637110372 131 5884788 640788236
======================
   8      16 sdb 4161658 1886 623582970 3691412 17640732 26169036 4573967320 637228676 146 5885792 640909196
======================
   8      16 sdb 4161662 1886 623583002 3691708 17642628 26169036 4574938072 637348956 141 5886796 641028884
======================
   8      16 sdb 4161665 1886 623583026 3691948 17644526 26169036 4575910360 637473296 26 5887800 641150144
======================
   8      16 sdb 4161670 1886 623583066 3692300 17646218 26169036 4576776152 637587680 153 5888804 641267288
======================
   8      16 sdb 4161673 1886 623583090 3692520 17647946 26169036 4577660888 637704500 152 5889808 641391980
======================
   8      16 sdb 4161677 1886 623583122 3692824 17649846 26169103 4578628680 637823264 151 5890808 641503828
======================
   8      16 sdb 4161681 1886 623583154 3693112 17651766 26169103 4579611720 637945792 150 5891812 641622840
======================
   8      16 sdb 4161685 1886 623583186 3693384 17653443 26169103 4580470344 638063440 149 5892812 641745080
======================
   8      16 sdb 4161689 1886 623583218 3693688 17655362 26169103 4581452872 638184896 146 5893816 641862980
======================
   8      16 sdb 4161692 1886 623583242 3693948 17656992 26169103 4582287432 638305412 157 5894820 641986888
======================
   8      16 sdb 4161695 1886 623583266 3694160 17658741 26169134 4583182160 638428796 136 5895824 642112988
======================
   8      16 sdb 4161700 1886 623583306 3694480 17660658 26169134 4584163664 638548024 129 5896828 642230772
======================
   8      16 sdb 4161703 1886 623583330 3694708 17662350 26169134 4585029968 638670228 143 5897832 642353552
======================
   8      16 sdb 4161707 1886 623583362 3695008 17664275 26169134 4586015568 638790356 155 5898836 642473916
======================
   8      16 sdb 4161710 1886 623583386 3695244 17665898 26169146 4586843616 638911796 154 5899836 642598556
======================
   8      16 sdb 4161714 1886 623583418 3695544 17667838 26169181 4587836168 639032096 135 5900836 642717496
======================
   8      16 sdb 4161718 1886 623583450 3695816 17669503 26169181 4588688648 639152368 135 5901844 642837012
======================
   8      16 sdb 4161721 1886 623583474 3696040 17671188 26169181 4589551368 639275872 41 5902848 642958324
======================
   8      16 sdb 4161725 1886 623583506 3696344 17673099 26169181 4590529800 639396160 140 5903848 643081348
======================
   8      16 sdb 4161728 1886 623583530 3696584 17674797 26169181 4591399176 639521960 16 5904852 643203188
======================
   8      16 sdb 4161733 1886 623583570 3696896 17676731 26169224 4592384184 639633616 131 5905856 643319344
======================
   8      16 sdb 4161737 1886 623583602 3697220 17678438 26169224 4593258168 639754044 156 5906860 643437480
======================
   8      16 sdb 4161740 1886 623583626 3697444 17680193 26169224 4594156728 639868688 145 5907864 643563060
======================
   8      16 sdb 4161744 1886 623583658 3697776 17682052 26169236 4595105104 639997936 148 5908864 643681896
======================
   8      16 sdb 4161748 1886 623583690 3698020 17683755 26169236 4595977040 640118852 152 5909876 643806016
======================
   8      16 sdb 4161752 1886 623583722 3698320 17685662 26169270 4596952688 640236076 141 5910880 643922464
======================
   8      16 sdb 4161757 1886 623583762 3698652 17687353 26169270 4597818480 640365756 128 5911880 644052928
======================
   8      16 sdb 4161761 1886 623583794 3698964 17689273 26169270 4598801520 640486164 129 5912880 644173136
======================
   8      16 sdb 4161764 1886 623583818 3699200 17690967 26169270 4599668848 640610168 131 5913884 644298116
======================
   8      16 sdb 4161768 1886 623583850 3699456 17692641 26169270 4600525936 640726372 112 5914888 644418324
======================
   8      16 sdb 4161772 1886 623583882 3699768 17694591 26169306 4601523616 640844724 141 5915888 644533304
======================
   8      16 sdb 4161776 1886 623583914 3700068 17696492 26169306 4602496928 640964160 129 5916888 644652916
======================
   8      16 sdb 4161780 1886 623583946 3700376 17698414 26169306 4603480992 641088688 125 5917892 644773064
======================
   8      16 sdb 4161784 1886 623583978 3700628 17700333 26169306 4604463520 641203692 118 5918892 644892728
======================
   8      16 sdb 4161788 1886 623584010 3700932 17702257 26169306 4605448608 641323800 155 5919892 645013348
======================
   8      16 sdb 4161792 1886 623584042 3701236 17704179 26169335 4606432408 641438428 154 5920896 645128532
======================
   8      16 sdb 4161796 1886 623584074 3701540 17706104 26169335 4607417496 641561956 151 5921900 645247956
======================
   8      16 sdb 4161800 1886 623584106 3701784 17707999 26169386 4608387736 641678600 39 5922904 645366292
======================
   8      16 sdb 4161800 1886 623584106 3701784 17708049 26169415 4608399344 641681412 0 5922924 645366524
======================
   8      16 sdb 4161800 1886 623584106 3701784 17708049 26169415 4608399344 641681412 0 5922924 645366524
======================
   8      16 sdb 4161800 1886 623584106 3701784 17708049 26169415 4608399344 641681412 0 5922924 645366524
======================
   8      16 sdb 4161800 1886 623584106 3701784 17708049 26169415 4608399344 641681412 0 5922924 645366524
======================
   8      16 sdb 4161800 1886 623584106 3701784 17708049 26169415 4608399344 641681412 0 5922924 645366524
started
======================
   8      16 sdb 4161800 1886 623584106 3701784 17708049 26169415 4608399344 641681412 0 5922924 645366524
======================
   8      16 sdb 4161862 1886 623587842 3701808 17708049 26169415 4608399344 641681412 3 5922936 645366548
======================
   8      16 sdb 4166053 1886 624645522 3724528 17708049 26169415 4608399344 641681412 26 5923940 645389660
======================
   8      16 sdb 4170286 1886 625729170 3751888 17708049 26169415 4608399344 641681412 30 5924940 645416792
======================
   8      16 sdb 4174551 1886 626821010 3781052 17708049 26169415 4608399344 641681412 33 5925944 645446032
======================
   8      16 sdb 4178818 1886 627913106 3810616 17708049 26169415 4608399344 641681412 33 5926948 645475752
======================
   8      16 sdb 4183084 1886 629005202 3839488 17708049 26169415 4608399344 641681412 32 5927948 645504528
======================
   8      16 sdb 4187303 1887 630085274 3869212 17708051 26169418 4608399384 641681412 33 5928952 645534312
======================
   8      16 sdb 4191568 1887 631177114 3898480 17708051 26169418 4608399384 641681412 32 5929952 645563488
======================
   8      16 sdb 4195784 1887 632256410 3928000 17708051 26169418 4608399384 641681412 33 5930956 645593032
======================
   8      16 sdb 4200003 1887 633334938 3958184 17708051 26169418 4608399384 641681412 30 5931960 645623392
======================
   8      16 sdb 4204270 1887 634427034 3987796 17708051 26169418 4608399384 641681412 32 5932960 645653016
======================
   8      16 sdb 4208561 1887 635524250 4016308 17708051 26169418 4608399384 641681412 28 5933964 645681588
======================
   8      16 sdb 4212859 1887 636623770 4045944 17708051 26169418 4608399384 641681412 27 5934964 645711164
======================
   8      16 sdb 4217162 1887 637724314 4076304 17708051 26169418 4608399384 641681412 32 5935968 645741560
======================
   8      16 sdb 4221720 1887 638886810 4104464 17708051 26169418 4608399384 641681412 26 5936972 645769776
======================
   8      16 sdb 4225934 1887 639965338 4134556 17708051 26169418 4608399384 641681412 33 5937972 645799812
======================
   8      16 sdb 4230152 1887 641045146 4164160 17708051 26169418 4608399384 641681412 32 5938976 645829460
======================
   8      16 sdb 4234418 1887 642136474 4193040 17708051 26169418 4608399384 641681412 31 5939976 645858240
======================
   8      16 sdb 4238685 1887 643228570 4222060 17708051 26169418 4608399384 641681412 32 5940980 645887308
======================
   8      16 sdb 4242953 1887 644320666 4251948 17708051 26169418 4608399384 641681412 32 5941984 645917244
======================
   8      16 sdb 4247218 1887 645411994 4282108 17708051 26169418 4608399384 641681412 33 5942984 645947320
======================
   8      16 sdb 4251486 1887 646504346 4312232 17708051 26169418 4608399384 641681412 32 5943988 645977512
======================
   8      16 sdb 4255728 1887 647589530 4341596 17708051 26169418 4608399384 641681412 31 5944988 646006796
======================
   8      16 sdb 4259931 1887 648664218 4366576 17708051 26169418 4608399384 641681412 32 5945992 646031812
======================
   8      16 sdb 4264226 1887 649763482 4396508 17708051 26169418 4608399384 641681412 31 5946996 646061796
======================
   8      16 sdb 4268426 1887 650838170 4419744 17708051 26169418 4608399384 641681412 33 5947996 646084964
======================
   8      16 sdb 4272696 1887 651930010 4442360 17708051 26169418 4608399384 641681412 32 5949000 646107660
======================
   8      16 sdb 4277030 1887 653036954 4471040 17708051 26169418 4608399384 641681412 31 5950000 646136228
======================
   8      16 sdb 4281269 1887 654120090 4491992 17708051 26169418 4608399384 641681412 30 5951004 646157280
======================
   8      16 sdb 4285451 1887 655190426 4516552 17708051 26169418 4608399384 641681412 28 5952004 646181780
======================
   8      16 sdb 4289662 1887 656268186 4545856 17708051 26169418 4608399384 641681412 32 5953008 646211164
======================
   8      16 sdb 4293921 1887 657358490 4575632 17708051 26169418 4608399384 641681412 32 5954012 646240988
======================
   8      16 sdb 4298183 1887 658449050 4605292 17708051 26169418 4608399384 641681412 33 5955012 646270544
======================
   8      16 sdb 4302478 1887 659548058 4634912 17708051 26169418 4608399384 641681412 26 5956016 646300340
======================
   8      16 sdb 4306742 1887 660638874 4665280 17708051 26169418 4608399384 641681412 31 5957016 646330660
======================
   8      16 sdb 4311009 1887 661730970 4695528 17708051 26169418 4608399384 641681412 32 5958020 646360960
======================
   8      16 sdb 4315212 1887 662806170 4723488 17708052 26169420 4608399408 641681416 32 5959020 646388800
======================
   8      16 sdb 4319449 1887 663890330 4752676 17708052 26169420 4608399408 641681416 26 5960024 646418152
======================
   8      16 sdb 4323709 1887 664980890 4781804 17708052 26169420 4608399408 641681416 33 5961024 646447276
======================
   8      16 sdb 4327978 1887 666072986 4812188 17708052 26169420 4608399408 641681416 25 5962028 646477700
======================
   8      16 sdb 4332277 1887 667172506 4841720 17708052 26169420 4608399408 641681416 24 5963032 646507360
======================
   8      16 sdb 4336608 1887 668278938 4869724 17708052 26169420 4608399408 641681416 24 5964032 646535308
======================
   8      16 sdb 4340976 1887 669396122 4898876 17708052 26169420 4608399408 641681416 26 5965036 646564440
======================
   8      16 sdb 4345190 1887 670474650 4928456 17708052 26169420 4608399408 641681416 24 5966040 646594024
======================
   8      16 sdb 4349424 1887 671557530 4957240 17708052 26169420 4608399408 641681416 23 5967044 646622800
======================
   8      16 sdb 4353721 1887 672656794 4985744 17708052 26169420 4608399408 641681416 29 5968048 646651456
======================
   8      16 sdb 4357997 1887 673750682 5013868 17708052 26169420 4608399408 641681416 28 5969052 646679548
======================
   8      16 sdb 4362287 1887 674848666 5042792 17708052 26169420 4608399408 641681416 32 5970056 646708516
======================
   8      16 sdb 4366556 1887 675941018 5072808 17708052 26169420 4608399408 641681416 26 5971060 646738492
======================
   8      16 sdb 4370836 1887 677036442 5102188 17708052 26169420 4608399408 641681416 29 5972064 646767908
======================
   8      16 sdb 4375115 1887 678131610 5131652 17708052 26169420 4608399408 641681416 26 5973068 646797364
======================
   8      16 sdb 4379329 1887 679210138 5159656 17708052 26169420 4608399408 641681416 25 5974072 646825376
======================
   8      16 sdb 4383551 1887 680290714 5189556 17708052 26169420 4608399408 641681416 24 5975072 646855168
======================
   8      16 sdb 4387853 1887 681391258 5218456 17708052 26169420 4608399408 641681416 26 5976080 646884180
======================
   8      16 sdb 4392261 1887 682517146 5246856 17708052 26169420 4608399408 641681416 31 5977080 646912500
======================
   8      16 sdb 4396587 1887 683622298 5276084 17708052 26169420 4608399408 641681416 30 5978084 646941752
======================
   8      16 sdb 4400851 1887 684713626 5304716 17708052 26169420 4608399408 641681416 28 5979088 646970432
======================
   8      16 sdb 4405149 1887 685813146 5333620 17708052 26169420 4608399408 641681416 30 5980092 646999360
======================
   8      16 sdb 4409391 1887 686898074 5362100 17708052 26169420 4608399408 641681416 33 5981092 647027732
======================
   8      16 sdb 4413606 1887 687976858 5391800 17708052 26169420 4608399408 641681416 30 5982096 647057896
======================
   8      16 sdb 4417876 1887 689069722 5421796 17708052 26169420 4608399408 641681416 32 5983100 647087536
======================
   8      16 sdb 4421375 1887 689965466 5446404 17708052 26169420 4608399408 641681416 0 5983920 647111964
