======================
   8      16 sdb 992208 5 252974348 400344 1297505 4019384 661849896 88838248 0 919360 89232988
======================
   8      16 sdb 992208 5 252974348 400344 1297505 4019384 661849896 88838248 0 919360 89232988
======================
   8      16 sdb 992697 5 252978260 400360 1297505 4019384 661849896 88838248 0 919376 89233004
======================
   8      16 sdb 992697 5 252978260 400360 1297505 4019384 661849896 88838248 0 919376 89233004
======================
   8      16 sdb 992738 5 252978588 400404 1300976 4019384 663627048 88874096 156 919784 89274220
======================
   8      16 sdb 992742 5 252978620 400716 1302900 4019384 664612136 88993172 151 920784 89393656
======================
   8      16 sdb 992747 5 252978660 401032 1304823 4019384 665596712 89114668 146 921788 89511540
======================
   8      16 sdb 992750 5 252978684 401264 1306746 4019898 666580864 89233736 81 922792 89633856
======================
   8      16 sdb 992753 5 252978708 401496 1308248 4020372 667332008 89327828 158 923792 89763892
======================
   8      16 sdb 992757 5 252978740 401964 1309931 4020372 668193704 89503136 149 924796 89903332
======================
   8      16 sdb 992761 5 252978772 401984 1311938 4020372 669221288 89647148 154 925800 90047496
======================
   8      16 sdb 992765 5 252978804 402080 1313412 4020372 669975976 89732084 145 926804 90191152
======================
   8      16 sdb 992768 5 252978828 402148 1315288 4020392 670936144 89923444 155 927808 90332244
======================
   8      16 sdb 992771 5 252978852 402228 1317010 4020392 671817808 90057752 101 928808 90471724
======================
   8      16 sdb 992776 5 252978892 402376 1319459 4020392 673071696 90207188 145 929812 90607952
======================
   8      16 sdb 992782 5 252978940 402556 1321945 4020392 674344528 90336792 143 930816 90737796
======================
   8      16 sdb 992786 5 252978972 402808 1323878 4020392 675334224 90470712 156 931820 90873848
======================
   8      16 sdb 992790 5 252979004 402824 1325725 4020392 676279888 90615336 129 932844 91019396
======================
   8      16 sdb 992795 5 252979044 402880 1327809 4020392 677346896 90755684 128 933848 91160320
======================
   8      16 sdb 992798 5 252979068 402944 1329728 4020392 678329424 90896412 129 934848 91301592
======================
   8      16 sdb 992802 5 252979100 403028 1331652 4020392 679314512 91036932 140 935852 91442324
======================
   8      16 sdb 992806 5 252979132 403128 1333570 4020392 680296528 91176052 143 936856 91581556
======================
   8      16 sdb 992810 5 252979164 403260 1335476 4020392 681272400 91313384 66 937860 91718072
======================
   8      16 sdb 992814 5 252979196 403392 1337394 4020392 682254416 91449284 148 938864 91855152
======================
   8      16 sdb 992818 5 252979228 403560 1339294 4020392 683227216 91583224 150 939868 91989400
======================
   8      16 sdb 992822 5 252979260 403740 1341213 4020392 684209744 91717280 145 940872 92122684
======================
   8      16 sdb 992825 5 252979284 403892 1343136 4020392 685194320 91849032 87 941872 92254448
======================
   8      16 sdb 992830 5 252979324 404160 1345062 4020467 686179016 91970696 148 942876 92377008
======================
   8      16 sdb 992834 5 252979356 404408 1346977 4020467 687159496 92094724 133 943880 92501764
======================
   8      16 sdb 992838 5 252979388 404676 1348900 4020467 688144072 92221928 128 944884 92626112
======================
   8      16 sdb 992841 5 252979412 404892 1350799 4020467 689115856 92346048 109 945884 92752784
======================
   8      16 sdb 992846 5 252979452 405216 1352702 4020519 690088088 92459844 152 946888 92867320
======================
   8      16 sdb 992850 5 252979484 405516 1354623 4020541 691070808 92579524 140 947892 92987592
======================
   8      16 sdb 992854 5 252979516 405828 1356546 4020558 692054512 92703336 140 948896 93108188
======================
   8      16 sdb 992857 5 252979540 406056 1358470 4020558 693039600 92825636 95 949896 93233752
======================
   8      16 sdb 992862 5 252979580 406380 1360386 4020558 694020592 92941272 140 950896 93349824
======================
   8      16 sdb 992866 5 252979612 406688 1362303 4020558 695002096 93060956 143 951900 93470056
======================
   8      16 sdb 992870 5 252979644 406980 1364205 4020597 695973712 93179988 52 952900 93584196
======================
   8      16 sdb 992873 5 252979668 407212 1366108 4020597 696948048 93300540 142 953896 93709880
======================
   8      16 sdb 992878 5 252979708 407536 1368012 4020597 697922896 93415300 134 954896 93825120
======================
   8      16 sdb 992882 5 252979740 407840 1369934 4020597 698906960 93535416 132 955900 93945072
======================
   8      16 sdb 992885 5 252979764 408068 1371858 4020597 699892048 93660540 24 956900 94067300
======================
   8      16 sdb 992889 5 252979796 408368 1373777 4020620 700873752 93773604 132 957900 94184040
======================
   8      16 sdb 992894 5 252979836 408708 1375691 4020637 701852848 93887276 141 958904 94298328
======================
   8      16 sdb 992898 5 252979868 409012 1377612 4020637 702836912 94007904 139 959904 94418588
======================
   8      16 sdb 992901 5 252979892 409240 1379511 4020637 703808688 94132924 55 960908 94542488
======================
   8      16 sdb 992905 5 252979924 409560 1381412 4020637 704782000 94251312 148 961912 94663424
======================
   8      16 sdb 992910 5 252979964 409888 1383336 4020676 705765896 94364176 147 962916 94776740
======================
   8      16 sdb 992914 5 252979996 410196 1385259 4020676 706749960 94486292 144 963916 94896484
======================
   8      16 sdb 992917 5 252980020 410424 1387178 4020676 707732488 94609592 72 964920 95020992
======================
   8      16 sdb 992921 5 252980052 410732 1389098 4020676 708715528 94729448 145 965916 95142496
======================
   8      16 sdb 992926 5 252980092 411064 1391019 4020676 709699080 94843276 144 966920 95256728
======================
   8      16 sdb 992930 5 252980124 411352 1392920 4020715 710670184 94960840 136 967920 95371120
======================
   8      16 sdb 992933 5 252980148 411580 1394821 4020715 711643496 95082572 114 968924 95496292
======================
   8      16 sdb 992937 5 252980180 411880 1396744 4020715 712628072 95201452 156 969928 95615760
======================
   8      16 sdb 992942 5 252980220 412196 1398662 4020715 713610088 95315056 155 970928 95729780
======================
   8      16 sdb 992946 5 252980252 412496 1400585 4020715 714594664 95439376 151 971924 95849568
======================
   8      16 sdb 992949 5 252980276 412712 1402508 4020755 715577544 95552728 79 972924 95966548
======================
   8      16 sdb 992953 5 252980308 413016 1404431 4020755 716562120 95672708 149 973928 96088052
======================
   8      16 sdb 992958 5 252980348 413352 1406324 4020755 717531336 95786660 144 974928 96202036
======================
   8      16 sdb 992962 5 252980380 413664 1408224 4020755 718504136 95912184 74 975932 96322764
======================
   8      16 sdb 992965 5 252980404 413888 1410147 4020755 719488712 96030956 120 976932 96446808
======================
   8      16 sdb 992969 5 252980436 414184 1412070 4020795 720471592 96147880 130 977936 96564208
======================
   8      16 sdb 992974 5 252980476 414512 1413992 4020795 721455656 96261040 129 978940 96677628
======================
   8      16 sdb 992978 5 252980508 414820 1415915 4020795 722440232 96385644 147 979944 96797888
======================
   8      16 sdb 992981 5 252980532 415052 1417837 4020795 723424296 96506404 114 980944 96923568
======================
   8      16 sdb 992985 5 252980564 415364 1419736 4020795 724396584 96624132 150 981944 97041928
======================
   8      16 sdb 992990 5 252980604 415632 1421638 4020833 725368696 96735944 135 982944 97153316
======================
   8      16 sdb 992993 5 252980628 415860 1423561 4020833 726353272 96860540 26 983944 97274976
======================
   8      16 sdb 992997 5 252980660 416168 1425484 4020833 727337848 96979976 129 984948 97398188
======================
   8      16 sdb 993001 5 252980692 416468 1427404 4020833 728320888 97098768 132 985948 97517324
======================
   8      16 sdb 993006 5 252980732 416784 1429324 4020833 729303928 97213792 129 986952 97632164
======================
   8      16 sdb 993009 5 252980756 417000 1431247 4020873 730285800 97331252 26 987948 97746840
======================
   8      16 sdb 993013 5 252980788 417312 1433148 4020873 731259112 97450352 150 988952 97870092
======================
   8      16 sdb 993017 5 252980820 417624 1435060 4020873 732238056 97569896 157 989956 97989980
======================
   8      16 sdb 993022 5 252980860 417952 1436966 4020873 733213928 97687272 144 990960 98105240
======================
   8      16 sdb 993025 5 252980884 418176 1438883 4020873 734195432 97809024 70 991956 98227764
======================
   8      16 sdb 993029 5 252980916 418488 1440807 4020913 735178824 97925136 141 992960 98345764
======================
   8      16 sdb 993033 5 252980948 418792 1442730 4020913 736163400 98044080 142 993964 98465040
======================
   8      16 sdb 993038 5 252980988 419112 1444649 4020913 737145928 98160488 141 994964 98579616
======================
   8      16 sdb 993041 5 252981012 419344 1446573 4020913 738131016 98283620 64 995968 98703472
======================
   8      16 sdb 993045 5 252981044 419652 1448473 4020913 739103816 98403476 147 996972 98825332
======================
   8      16 sdb 993049 5 252981076 419960 1450375 4020952 740076448 98523272 148 997972 98944928
======================
   8      16 sdb 993054 5 252981116 420288 1452290 4020952 741056416 98640820 110 998972 99058216
======================
   8      16 sdb 993057 5 252981140 420500 1454213 4020952 742040992 98759544 108 999972 99181728
======================
   8      16 sdb 993061 5 252981172 420808 1456138 4020952 743026592 98877272 142 1000976 99299888
======================
   8      16 sdb 993065 5 252981204 421100 1458060 4020952 744010656 98995336 143 1001980 99418208
======================
   8      16 sdb 993070 5 252981244 421424 1459986 4020991 744994560 99107064 151 1002984 99526204
======================
   8      16 sdb 993073 5 252981268 421664 1461886 4020991 745967360 99224860 120 1003988 99648220
======================
   8      16 sdb 993077 5 252981300 421976 1463786 4020991 746940160 99340244 150 1004992 99764160
======================
   8      16 sdb 993081 5 252981332 422284 1465705 4020991 747922688 99459940 150 1005996 99883908
======================
   8      16 sdb 993085 5 252981364 422540 1467624 4020991 748905216 99579728 14 1007000 99999944
======================
   8      16 sdb 993089 5 252981396 422848 1469551 4021030 749889632 99696644 140 1008000 100121104
======================
   8      16 sdb 993093 5 252981428 423140 1471471 4021030 750872672 99814204 139 1009004 100238932
======================
   8      16 sdb 993097 5 252981460 423432 1473395 4021030 751857760 99931752 145 1010004 100356996
======================
   8      16 sdb 993102 5 252981500 423760 1475294 4021030 752830048 100050916 20 1011008 100471248
======================
   8      16 sdb 993105 5 252981524 423972 1477213 4021030 753812576 100169412 126 1012012 100595092
======================
   8      16 sdb 993109 5 252981556 424284 1479136 4021071 754794960 100286252 134 1013016 100712344
======================
   8      16 sdb 993113 5 252981588 424592 1481060 4021071 755780048 100405600 134 1014020 100832128
======================
   8      16 sdb 993118 5 252981628 424924 1482982 4021071 756764112 100524904 78 1015024 100946620
======================
   8      16 sdb 993121 5 252981652 425152 1484902 4021071 757747152 100643760 122 1016028 101070720
======================
   8      16 sdb 993125 5 252981684 425448 1486825 4021071 758731728 100762096 129 1017028 101189052
======================
   8      16 sdb 993129 5 252981716 425748 1488735 4021111 759707448 100881908 143 1018028 101308908
======================
   8      16 sdb 993133 5 252981748 425996 1490630 4021111 760677688 101001796 31 1019032 101426304
======================
   8      16 sdb 993137 5 252981780 426300 1492549 4021111 761660216 101121156 137 1020036 101549240
======================
   8      16 sdb 993141 5 252981812 426608 1494474 4021111 762645816 101240660 132 1021036 101668940
======================
   8      16 sdb 993145 5 252981844 426912 1496397 4021111 763630392 101360496 129 1022040 101788612
======================
   8      16 sdb 993149 5 252981876 427172 1498313 4021149 764609672 101474252 32 1023044 101899920
======================
   8      16 sdb 993153 5 252981908 427464 1500237 4021149 765594760 101593124 134 1024044 102022452
======================
   8      16 sdb 993157 5 252981940 427784 1502137 4021149 766567560 101711940 154 1025048 102141688
======================
   8      16 sdb 993161 5 252981972 428100 1504032 4021149 767537800 101833360 147 1026048 102260596
======================
   8      16 sdb 993165 5 252982004 428348 1505951 4021149 768520328 101951504 74 1027052 102380136
======================
   8      16 sdb 993169 5 252982036 428644 1507879 4021188 769505256 102068776 141 1028056 102498860
======================
   8      16 sdb 993173 5 252982068 428952 1509796 4021188 770487272 102187956 148 1029060 102618724
======================
   8      16 sdb 993177 5 252982100 429252 1511714 4021188 771468776 102309044 149 1030056 102737472
======================
   8      16 sdb 993181 5 252982132 429504 1513642 4021188 772455912 102427448 68 1031064 102857036
======================
   8      16 sdb 993185 5 252982164 429800 1515543 4021188 773429224 102546764 129 1032064 102978108
======================
   8      16 sdb 993189 5 252982196 430048 1517453 4021227 774404936 102664052 140 1033068 103095608
======================
   8      16 sdb 993193 5 252982228 430344 1519376 4021227 775389512 102786228 140 1034068 103214740
======================
   8      16 sdb 993197 5 252982260 430592 1521298 4021227 776373576 102902348 97 1035072 103334108
======================
   8      16 sdb 993201 5 252982292 430892 1523218 4021227 777356616 103018012 137 1036072 103450356
======================
   8      16 sdb 993205 5 252982324 431200 1525141 4021227 778341192 103137652 146 1037072 103570204
======================
   8      16 sdb 993209 5 252982356 431512 1527066 4021250 779325968 103255332 131 1038076 103685128
======================
   8      16 sdb 993213 5 252982388 431776 1528968 4021250 780299792 103372124 109 1039076 103805140
======================
   8      16 sdb 993217 5 252982420 432076 1530865 4021250 781271056 103492192 140 1040080 103925932
======================
   8      16 sdb 993221 5 252982452 432392 1532761 4021250 782241808 103612232 144 1041084 104046320
======================
   8      16 sdb 993224 5 252982476 432612 1534684 4021250 783226384 103737748 25 1042084 104168376
======================
   8      16 sdb 993229 5 252982516 432960 1536604 4021273 784208600 103849232 128 1043088 104283900
======================
   8      16 sdb 993233 5 252982548 433268 1538527 4021273 785193176 103968776 140 1044088 104403836
======================
   8      16 sdb 993237 5 252982580 433572 1540450 4021273 786177752 104089344 156 1045088 104523740
======================
   8      16 sdb 993240 5 252982604 433796 1542369 4021273 787160280 104214184 22 1046092 104645636
======================
   8      16 sdb 993243 5 252982628 433964 1543427 4021344 787695976 104278220 0 1046644 104708404
======================
   8      16 sdb 993243 5 252982628 433964 1543427 4021344 787695976 104278220 0 1046644 104708404
======================
   8      16 sdb 993243 5 252982628 433964 1543427 4021344 787695976 104278220 0 1046644 104708404
======================
   8      16 sdb 993243 5 252982628 433964 1543427 4021344 787695976 104278220 0 1046644 104708404
======================
   8      16 sdb 993243 5 252982628 433964 1543427 4021344 787695976 104278220 0 1046644 104708404
======================
   8      16 sdb 993243 5 252982628 433964 1543427 4021344 787695976 104278220 0 1046644 104708404
started
======================
   8      16 sdb 993368 5 252983622 433992 1543442 4021344 787696032 104278220 0 1046648 104708432
======================
   8      16 sdb 994037 5 253152934 434180 1543442 4021344 787696032 104278220 1 1046832 104708620
======================
   8      16 sdb 995892 5 253624110 434696 1543442 4021344 787696032 104278220 1 1047340 104709136
======================
   8      16 sdb 997657 5 254071302 435248 1543442 4021344 787696032 104278220 0 1047868 104709684
======================
   8      16 sdb 999645 5 254577078 435788 1543442 4021344 787696032 104278220 1 1048392 104710224
======================
   8      16 sdb 1001547 5 255059542 436304 1543442 4021344 787696032 104278220 1 1048888 104710740
======================
   8      16 sdb 1003396 5 255528486 436828 1543442 4021344 787696032 104278220 0 1049396 104711264
======================
   8      16 sdb 1005451 6 256052118 437396 1543445 4021345 787696064 104278220 0 1049948 104711824
======================
   8      16 sdb 1007479 6 256568454 438012 1543445 4021345 787696064 104278220 1 1050560 104712440
======================
   8      16 sdb 1009588 6 257106086 438636 1543445 4021345 787696064 104278220 1 1051164 104713064
======================
   8      16 sdb 1011699 6 257640582 439272 1543445 4021345 787696064 104278220 1 1051768 104713700
======================
   8      16 sdb 1013686 6 258143958 439880 1543445 4021345 787696064 104278220 1 1052340 104714308
======================
   8      16 sdb 1015696 6 258652006 440500 1543445 4021345 787696064 104278220 0 1052928 104714928
======================
   8      16 sdb 1017676 6 259156326 441028 1543445 4021345 787696064 104278220 1 1053432 104715456
======================
   8      16 sdb 1019630 6 259649926 441608 1543445 4021345 787696064 104278220 1 1053984 104716036
======================
   8      16 sdb 1021710 6 260177910 442196 1543445 4021345 787696064 104278220 1 1054568 104716624
======================
   8      16 sdb 1023832 6 260717862 442864 1543445 4021345 787696064 104278220 0 1055180 104717288
======================
   8      16 sdb 1025743 6 261203046 443412 1543445 4021345 787696064 104278220 1 1055700 104717836
======================
   8      16 sdb 1027739 6 261711366 443980 1543445 4021345 787696064 104278220 1 1056244 104718404
======================
   8      16 sdb 1029705 6 262211062 444472 1543445 4021345 787696064 104278220 1 1056728 104718896
======================
   8      16 sdb 1031791 6 262737078 445116 1543445 4021345 787696064 104278220 0 1057344 104719536
======================
   8      16 sdb 1033676 6 263215686 445604 1543445 4021345 787696064 104278220 1 1057816 104720024
======================
   8      16 sdb 1035740 6 263741478 446160 1543445 4021345 787696064 104278220 1 1058364 104720580
======================
   8      16 sdb 1037741 6 264250134 446728 1543445 4021345 787696064 104278220 1 1058904 104721144
======================
   8      16 sdb 1039670 6 264739846 447308 1543445 4021345 787696064 104278220 1 1059440 104721724
======================
   8      16 sdb 1041498 6 265205542 447800 1543445 4021345 787696064 104278220 1 1059912 104722208
======================
   8      16 sdb 1043366 6 265680598 448368 1543445 4021345 787696064 104278220 1 1060472 104722776
======================
   8      16 sdb 1045256 6 266160134 448896 1543445 4021345 787696064 104278220 0 1060992 104723304
======================
   8      16 sdb 1047167 6 266643574 449412 1543445 4021345 787696064 104278220 0 1061500 104723820
======================
   8      16 sdb 1049068 6 267126182 449968 1543445 4021345 787696064 104278220 0 1062036 104724376
======================
   8      16 sdb 1051187 6 267663126 450648 1543445 4021345 787696064 104278220 0 1062668 104725056
======================
   8      16 sdb 1053408 6 268226006 451352 1543445 4021345 787696064 104278220 1 1063332 104725756
======================
   8      16 sdb 1055385 6 268728502 451904 1543445 4021345 787696064 104278220 1 1063880 104726308
======================
   8      16 sdb 1057365 6 269230726 452476 1543445 4021345 787696064 104278220 1 1064440 104726872
======================
   8      16 sdb 1059259 6 269711014 452972 1543445 4021345 787696064 104278220 0 1064924 104727360
======================
   8      16 sdb 1061263 6 270217622 453508 1543445 4021345 787696064 104278220 1 1065452 104727896
======================
   8      16 sdb 1063117 6 270688742 454024 1543445 4021345 787696064 104278220 1 1065948 104728408
======================
   8      16 sdb 1065157 6 271205862 454644 1543446 4021345 787696072 104278232 1 1066528 104729040
======================
   8      16 sdb 1067297 6 271747622 455264 1543446 4021345 787696072 104278232 0 1067112 104729656
======================
   8      16 sdb 1069069 6 272196470 455780 1543446 4021345 787696072 104278232 0 1067604 104730168
======================
   8      16 sdb 1070835 6 272642118 456272 1543446 4021345 787696072 104278232 0 1068076 104730660
======================
   8      16 sdb 1072557 6 273077526 456796 1543446 4021345 787696072 104278232 1 1068584 104731184
======================
   8      16 sdb 1074235 6 273501894 457292 1543446 4021345 787696072 104278232 1 1069064 104731680
======================
   8      16 sdb 1076032 6 273956318 457780 1543446 4021345 787696072 104278232 1 1069536 104732168
======================
   8      16 sdb 1078122 6 274488622 458392 1543446 4021345 787696072 104278232 0 1070108 104732780
======================
   8      16 sdb 1079831 6 274923774 458864 1543446 4021345 787696072 104278232 0 1070548 104733248
======================
   8      16 sdb 1081651 6 275385390 459360 1543446 4021345 787696072 104278232 1 1071036 104733744
======================
   8      16 sdb 1083389 6 275826590 459816 1543446 4021345 787696072 104278232 0 1071480 104734200
======================
   8      16 sdb 1085108 6 276260078 460336 1543446 4021345 787696072 104278232 1 1071984 104734720
======================
   8      16 sdb 1086796 6 276687662 460844 1543446 4021345 787696072 104278232 1 1072480 104735228
======================
   8      16 sdb 1088538 6 277126686 461372 1543446 4021345 787696072 104278232 0 1072992 104735756
======================
   8      16 sdb 1090177 6 277538494 461840 1543446 4021345 787696072 104278232 1 1073436 104736220
======================
   8      16 sdb 1091812 6 277951886 462340 1543446 4021345 787696072 104278232 0 1073908 104736720
======================
   8      16 sdb 1093703 6 278429758 462888 1543446 4021345 787696072 104278232 0 1074428 104737268
======================
   8      16 sdb 1095431 6 278866366 463412 1543446 4021345 787696072 104278232 0 1074940 104737792
======================
   8      16 sdb 1097209 6 279317230 463936 1543446 4021345 787696072 104278232 1 1075452 104738316
======================
   8      16 sdb 1098870 6 279735150 464456 1543446 4021345 787696072 104278232 0 1075968 104738836
======================
   8      16 sdb 1100507 6 280149358 464904 1543446 4021345 787696072 104278232 1 1076396 104739280
======================
   8      16 sdb 1102161 6 280567318 465300 1543446 4021345 787696072 104278232 0 1076772 104739672
======================
   8      16 sdb 1103769 6 280973094 465760 1543446 4021345 787696072 104278232 0 1077212 104740132
======================
   8      16 sdb 1105604 6 281439558 466328 1543446 4021345 787696072 104278232 1 1077764 104740708
======================
   8      16 sdb 1107318 6 281873286 466832 1543446 4021345 787696072 104278232 1 1078248 104741212
