======================
   8      16 sdb 2825726 10 496360618 1376840 5879054 4052536 3005823432 385415744 0 3694744 386778880
======================
   8      16 sdb 2825726 10 496360618 1376840 5879054 4052536 3005823432 385415744 0 3694744 386778880
======================
   8      16 sdb 2826215 10 496364530 1376860 5879054 4052536 3005823432 385415744 0 3694764 386778900
======================
   8      16 sdb 2826215 10 496364530 1376860 5879054 4052536 3005823432 385415744 0 3694764 386778900
======================
   8      16 sdb 2826287 10 496365106 1376904 5882388 4052536 3007530440 385441196 153 3695104 386808624
======================
   8      16 sdb 2826291 10 496365138 1377184 5884309 4052536 3008513992 385551208 152 3696100 386919728
======================
   8      16 sdb 2826295 10 496365170 1377472 5886222 4052536 3009493448 385675376 1 3697108 387039120
======================
   8      16 sdb 2826299 10 496365202 1377628 5888130 4053049 3010469408 385795536 135 3698108 387163228
======================
   8      16 sdb 2826302 10 496365226 1377892 5889634 4053521 3011225072 385896132 134 3699112 387287420
======================
   8      16 sdb 2826306 10 496365258 1377960 5891257 4053521 3012053040 386018228 137 3700116 387429660
======================
   8      16 sdb 2826308 10 496365274 1377984 5892682 4053521 3012782640 386204220 152 3701128 387573896
======================
   8      16 sdb 2826313 10 496365314 1378080 5894822 4053521 3013878320 386345692 154 3702132 387714184
======================
   8      16 sdb 2826352 10 496365626 1378512 5896063 4053543 3014513384 386437156 133 3703136 387810784
======================
   8      16 sdb 2826356 10 496365658 1378612 5898437 4053543 3015728872 386580680 154 3704136 387950632
======================
   8      16 sdb 2826361 10 496365698 1378748 5900648 4053543 3016860904 386719380 103 3705140 388086904
======================
   8      16 sdb 2826365 10 496365730 1378868 5903173 4053543 3018153704 386854516 95 3706144 388223336
======================
   8      16 sdb 2826371 10 496365778 1379076 5905413 4053543 3019300584 386982548 132 3707148 388353276
======================
   8      16 sdb 2826375 10 496365810 1379264 5907310 4053543 3020271848 387117856 77 3708152 388486576
======================
   8      16 sdb 2826378 10 496365834 1379428 5909230 4053543 3021254888 387249116 128 3709156 388620204
======================
   8      16 sdb 2826382 10 496365866 1379608 5911152 4053543 3022238952 387381832 134 3710156 388752728
======================
   8      16 sdb 2826387 10 496365906 1379900 5913070 4053593 3023218344 387501152 153 3711160 388871520
======================
   8      16 sdb 2826390 10 496365930 1380104 5915004 4053621 3024206256 387626012 51 3712164 388995408
======================
   8      16 sdb 2826394 10 496365962 1380400 5916927 4053621 3025190832 387747524 141 3713168 389119456
======================
   8      16 sdb 2826398 10 496365994 1380688 5918825 4053621 3026162608 387866412 144 3714168 389238840
======================
   8      16 sdb 2826403 10 496366034 1380948 5920714 4053621 3027129776 387987504 149 3715164 389355748
======================
   8      16 sdb 2826406 10 496366058 1381112 5922633 4053643 3028111472 388106428 104 3716164 389478620
======================
   8      16 sdb 2826410 10 496366090 1381416 5924558 4053659 3029096192 388225500 143 3717168 389598560
======================
   8      16 sdb 2826414 10 496366122 1381728 5926475 4053659 3030077696 388344836 146 3718168 389717848
======================
   8      16 sdb 2826419 10 496366162 1382052 5928396 4053659 3031061248 388463024 145 3719172 389832516
======================
   8      16 sdb 2826422 10 496366186 1382280 5930321 4053659 3032046848 388584192 98 3720172 389957380
======================
   8      16 sdb 2826426 10 496366218 1382580 5932218 4053682 3033017288 388696368 133 3721176 390070640
======================
   8      16 sdb 2826430 10 496366250 1382888 5934121 4053699 3033990752 388816580 152 3722180 390190556
======================
   8      16 sdb 2826434 10 496366282 1383136 5936041 4053699 3034973792 388936456 14 3723184 390306800
======================
   8      16 sdb 2826438 10 496366314 1383448 5937962 4053699 3035957344 389056128 141 3724188 390431288
======================
   8      16 sdb 2826442 10 496366346 1383744 5939883 4053699 3036940896 389175356 149 3725188 390550248
======================
   8      16 sdb 2826446 10 496366378 1384048 5941805 4053723 3037924144 389292772 149 3726192 390667996
======================
   8      16 sdb 2826450 10 496366410 1384304 5943727 4053740 3038906832 389412604 13 3727196 390784588
======================
   8      16 sdb 2826454 10 496366442 1384600 5945622 4053740 3039877072 389531944 139 3728196 390908296
======================
   8      16 sdb 2826458 10 496366474 1384900 5947520 4053740 3040848848 389647512 141 3729196 391025504
======================
   8      16 sdb 2826462 10 496366506 1385216 5949444 4053740 3041833936 389767904 136 3730196 391143364
======================
   8      16 sdb 2826466 10 496366538 1385408 5951366 4053778 3042816800 389883740 58 3731196 391259160
======================
   8      16 sdb 2826470 10 496366570 1385704 5953287 4053778 3043799840 390002916 135 3732200 391380296
======================
   8      16 sdb 2826474 10 496366602 1386004 5955208 4053778 3044783392 390122084 130 3733204 391499980
======================
   8      16 sdb 2826478 10 496366634 1386312 5957130 4053778 3045767456 390242968 128 3734208 391619716
======================
   8      16 sdb 2826482 10 496366666 1386568 5959048 4053778 3046749472 390361148 56 3735212 391737672
======================
   8      16 sdb 2826486 10 496366698 1386872 5960954 4053801 3047724520 390474500 146 3736208 391853064
======================
   8      16 sdb 2826490 10 496366730 1387176 5962855 4053817 3048696448 390594000 135 3737212 391972912
======================
   8      16 sdb 2826494 10 496366762 1387480 5964753 4053817 3049668224 390717824 99 3738212 392092208
======================
   8      16 sdb 2826498 10 496366794 1387728 5966671 4053817 3050650240 390832128 118 3739216 392211712
======================
   8      16 sdb 2826502 10 496366826 1388032 5968594 4053817 3051634816 390950796 132 3740212 392330336
======================
   8      16 sdb 2826506 10 496366858 1388320 5970516 4053841 3052618064 391066408 138 3741212 392446440
======================
   8      16 sdb 2826510 10 496366890 1388620 5972430 4053858 3053596656 391189836 44 3742216 392565116
======================
   8      16 sdb 2826514 10 496366922 1388880 5974350 4053858 3054579696 391302420 124 3743216 392682792
======================
   8      16 sdb 2826518 10 496366954 1389172 5976240 4053858 3055547376 391420808 133 3744220 392802224
======================
   8      16 sdb 2826522 10 496366986 1389408 5978142 4053858 3056521200 391547116 151 3745220 392927256
======================
   8      16 sdb 2826525 10 496367010 1389588 5980067 4053896 3057505088 391666056 43 3746220 393044708
======================
   8      16 sdb 2826530 10 496367050 1389924 5981990 4053896 3058489664 391780160 137 3747224 393161784
======================
   8      16 sdb 2826534 10 496367082 1390224 5983913 4053896 3059474240 391898892 143 3748228 393280760
======================
   8      16 sdb 2826538 10 496367114 1390528 5985829 4053896 3060455232 392018580 147 3749232 393400008
======================
   8      16 sdb 2826541 10 496367138 1390704 5987750 4053896 3061438784 392145180 40 3750232 393524696
======================
   8      16 sdb 2826546 10 496367178 1391024 5989653 4053936 3062411424 392253296 151 3751232 393635868
======================
   8      16 sdb 2826550 10 496367210 1391308 5991549 4053936 3063382176 392370364 135 3752228 393753236
======================
   8      16 sdb 2826554 10 496367242 1391596 5993471 4053936 3064366240 392490724 138 3753232 393871336
======================
   8      16 sdb 2826557 10 496367266 1391816 5995388 4053936 3065347744 392610336 86 3754232 393993080
======================
   8      16 sdb 2826562 10 496367306 1392132 5997314 4053936 3066333856 392724184 141 3755236 394107968
======================
   8      16 sdb 2826566 10 496367338 1392428 5999239 4053960 3067318640 392841048 152 3756240 394225040
======================
   8      16 sdb 2826570 10 496367370 1392724 6001166 4053976 3068303376 392961356 148 3757244 394343460
======================
   8      16 sdb 2826573 10 496367394 1392956 6003067 4053976 3069276688 393082344 93 3758248 394466320
======================
   8      16 sdb 2826578 10 496367434 1393304 6004958 4053976 3070245392 393194968 149 3759252 394580208
======================
   8      16 sdb 2826582 10 496367466 1393580 6006890 4053976 3071234064 393313280 131 3760252 394698408
======================
   8      16 sdb 2826586 10 496367498 1393816 6008816 4054014 3072218464 393434240 131 3761248 394814912
======================
   8      16 sdb 2826589 10 496367522 1394040 6010735 4054014 3073200992 393553828 109 3762252 394939176
======================
   8      16 sdb 2826594 10 496367562 1394368 6012655 4054014 3074184032 393664984 137 3763256 395050932
======================
   8      16 sdb 2826598 10 496367594 1394660 6014577 4054014 3075168096 393782896 150 3764256 395168728
======================
   8      16 sdb 2826602 10 496367626 1394948 6016475 4054014 3076139872 393907528 8 3765260 395288724
======================
   8      16 sdb 2826605 10 496367650 1395172 6018379 4054054 3077113024 394020436 132 3766260 395407000
======================
   8      16 sdb 2826610 10 496367690 1395500 6020302 4054054 3078097600 394134168 144 3767260 395520896
======================
   8      16 sdb 2826614 10 496367722 1395796 6022227 4054054 3079083200 394253392 152 3768264 395640268
======================
   8      16 sdb 2826617 10 496367746 1396020 6024145 4054054 3080065216 394376848 15 3769264 395760104
======================
   8      16 sdb 2826621 10 496367778 1396324 6026065 4054054 3081048256 394495616 143 3770268 395883332
======================
   8      16 sdb 2826626 10 496367818 1396640 6027991 4054094 3082032672 394608004 141 3771268 395996304
======================
   8      16 sdb 2826630 10 496367850 1396956 6029889 4054094 3083004448 394728028 156 3772268 396114880
======================
   8      16 sdb 2826633 10 496367874 1397176 6031791 4054094 3083978272 394850656 53 3773272 396237076
======================
   8      16 sdb 2826637 10 496367906 1397476 6033714 4054094 3084962848 394968944 145 3774272 396357720
======================
   8      16 sdb 2826642 10 496367946 1397796 6035634 4054094 3085945888 395083028 147 3775276 396472404
======================
   8      16 sdb 2826646 10 496367978 1398020 6037559 4054132 3086928768 395201116 138 3776276 396589320
======================
   8      16 sdb 2826649 10 496368002 1398248 6039477 4054132 3087910784 395324736 53 3777276 396712124
======================
   8      16 sdb 2826653 10 496368034 1398548 6041399 4054132 3088894848 395443644 153 3778272 396833328
======================
   8      16 sdb 2826658 10 496368074 1398880 6043294 4054132 3089865088 395557284 145 3779276 396947768
======================
   8      16 sdb 2826662 10 496368106 1399188 6045191 4054132 3090836352 395680128 153 3780280 397066560
======================
   8      16 sdb 2826665 10 496368130 1399412 6047118 4054172 3091821280 395794504 96 3781284 397184764
======================
   8      16 sdb 2826669 10 496368162 1399704 6049042 4054172 3092806368 395912296 135 3782280 397302976
======================
   8      16 sdb 2826674 10 496368202 1400024 6050961 4054172 3093788896 396025788 153 3783284 397416720
======================
   8      16 sdb 2826678 10 496368234 1400320 6052880 4054172 3094771424 396148120 152 3784288 397535464
======================
   8      16 sdb 2826681 10 496368258 1400540 6054802 4054172 3095755488 396268692 60 3785292 397658668
======================
   8      16 sdb 2826685 10 496368290 1400836 6056703 4054213 3096726608 396384972 147 3786292 397777076
======================
   8      16 sdb 2826690 10 496368330 1401160 6058621 4054213 3097708624 396497884 149 3787292 397890500
======================
   8      16 sdb 2826694 10 496368362 1401460 6060542 4054213 3098692176 396619320 147 3788292 398007832
======================
   8      16 sdb 2826697 10 496368386 1401668 6062464 4054213 3099676240 396738916 83 3789292 398130768
======================
   8      16 sdb 2826701 10 496368418 1401960 6064388 4054213 3100661328 396857012 154 3790296 398250076
======================
   8      16 sdb 2826706 10 496368458 1402228 6066315 4054252 3101645744 396968728 140 3791300 398362116
======================
   8      16 sdb 2826710 10 496368490 1402532 6068237 4054252 3102629808 397089708 134 3792304 398480584
======================
   8      16 sdb 2826713 10 496368514 1402748 6070158 4054252 3103613360 397210724 74 3793304 398603488
======================
   8      16 sdb 2826717 10 496368546 1403052 6072059 4054252 3104586672 397327776 135 3794304 398722072
======================
   8      16 sdb 2826722 10 496368586 1403388 6073957 4054252 3105558448 397440316 130 3795304 398834200
======================
   8      16 sdb 2826726 10 496368618 1403688 6075883 4054291 3106542352 397557544 153 3796308 398947664
======================
   8      16 sdb 2826729 10 496368642 1403912 6077806 4054291 3107526928 397677648 111 3797308 399072432
======================
   8      16 sdb 2826733 10 496368674 1404208 6079728 4054291 3108510992 397795516 128 3798304 399190488
======================
   8      16 sdb 2826738 10 496368714 1404528 6081648 4054291 3109494032 397909024 153 3799304 399304004
======================
   8      16 sdb 2826742 10 496368746 1404836 6083567 4054314 3110476560 398032024 14 3800308 399422796
======================
   8      16 sdb 2826745 10 496368770 1405064 6085475 4054331 3111451760 398149712 126 3801312 399545680
======================
   8      16 sdb 2826749 10 496368802 1405356 6087374 4054331 3112424048 398267348 127 3802316 399663812
======================
   8      16 sdb 2826754 10 496368842 1405680 6089291 4054331 3113405552 398382116 145 3803312 399777624
======================
   8      16 sdb 2826757 10 496368866 1405900 6091219 4054331 3114392688 398506032 14 3804320 399898692
======================
   8      16 sdb 2826761 10 496368898 1406204 6093142 4054354 3115377264 398624860 107 3805324 400021856
======================
   8      16 sdb 2826765 10 496368930 1406432 6095068 4054370 3116361168 398739628 128 3806324 400137016
======================
   8      16 sdb 2826770 10 496368970 1406744 6096984 4054370 3117342160 398853080 139 3807324 400249696
======================
   8      16 sdb 2826773 10 496368994 1406964 6098883 4054370 3118314448 398976352 35 3808328 400371292
======================
   8      16 sdb 2826777 10 496369026 1407260 6100784 4054370 3119287760 399094164 142 3809328 400492416
======================
   8      16 sdb 2826781 10 496369058 1407556 6102706 4054393 3120271824 399212224 52 3810328 400608540
======================
   8      16 sdb 2826786 10 496369098 1407880 6104627 4054393 3121254552 399319300 140 3811328 400715368
======================
   8      16 sdb 2826789 10 496369122 1408108 6106550 4054393 3122239128 399442288 50 3812332 400839116
======================
   8      16 sdb 2826793 10 496369154 1408412 6108473 4054393 3123223704 399561160 133 3813336 400960356
======================
   8      16 sdb 2826797 10 496369186 1408712 6110393 4054393 3124206744 399680268 131 3814340 401079792
======================
   8      16 sdb 2826802 10 496369226 1409032 6112312 4054417 3125188960 399796236 155 3815340 401193652
======================
   8      16 sdb 2826805 10 496369250 1409256 6114212 4054417 3126161256 399919244 70 3816344 401318188
======================
   8      16 sdb 2826809 10 496369282 1409560 6116136 4054417 3127146344 400038520 152 3817344 401439232
======================
   8      16 sdb 2826813 10 496369314 1409864 6118060 4054417 3128131432 400157852 147 3818348 401558836
======================
   8      16 sdb 2826818 10 496369354 1410184 6119982 4054417 3129115496 400274716 129 3819348 401672660
======================
   8      16 sdb 2826821 10 496369378 1410420 6121902 4054440 3130098536 400397480 61 3820352 401796936
======================
   8      16 sdb 2826825 10 496369410 1410720 6123817 4054440 3131078192 400515448 140 3821352 401917812
======================
   8      16 sdb 2826827 10 496369426 1410868 6124986 4054506 3131669672 400591964 0 3821960 401988424
======================
   8      16 sdb 2826827 10 496369426 1410868 6124986 4054506 3131669672 400591964 0 3821960 401988424
======================
   8      16 sdb 2826827 10 496369426 1410868 6124986 4054506 3131669672 400591964 0 3821960 401988424
======================
   8      16 sdb 2826827 10 496369426 1410868 6124986 4054506 3131669672 400591964 0 3821960 401988424
======================
   8      16 sdb 2826827 10 496369426 1410868 6124986 4054506 3131669672 400591964 0 3821960 401988424
======================
   8      16 sdb 2826827 10 496369426 1410868 6124986 4054506 3131669672 400591964 0 3821960 401988424
======================
   8      16 sdb 2826827 10 496369426 1410868 6124986 4054506 3131669672 400591964 0 3821960 401988424
started
======================
   8      16 sdb 2826954 10 496370436 1410948 6125003 4054506 3131669736 400591964 0 3821964 401988504
======================
   8      16 sdb 2826959 10 496370476 1410948 6125003 4054506 3131669736 400591964 0 3821964 401988504
======================
   8      16 sdb 2826959 10 496370476 1410948 6125003 4054506 3131669736 400591964 0 3821964 401988504
======================
   8      16 sdb 2826959 10 496370476 1410948 6125003 4054506 3131669736 400591964 0 3821964 401988504
======================
   8      16 sdb 2826959 10 496370476 1410948 6125003 4054506 3131669736 400591964 0 3821964 401988504
======================
   8      16 sdb 2826959 10 496370476 1410948 6125003 4054506 3131669736 400591964 0 3821964 401988504
======================
   8      16 sdb 2826959 10 496370476 1410948 6125006 4054508 3131669776 400591964 0 3821964 401988504
======================
   8      16 sdb 2826959 10 496370476 1410948 6125006 4054508 3131669776 400591964 0 3821964 401988504
======================
   8      16 sdb 2826959 10 496370476 1410948 6125006 4054508 3131669776 400591964 0 3821964 401988504
======================
   8      16 sdb 2826959 10 496370476 1410948 6125006 4054508 3131669776 400591964 0 3821964 401988504
======================
   8      16 sdb 2826959 10 496370476 1410948 6125006 4054508 3131669776 400591964 0 3821964 401988504
======================
   8      16 sdb 2826959 10 496370476 1410948 6125008 4054509 3131669800 400591964 0 3821964 401988504
======================
   8      16 sdb 2826959 10 496370476 1410948 6125008 4054509 3131669800 400591964 0 3821964 401988504
======================
   8      16 sdb 2826959 10 496370476 1410948 6125008 4054509 3131669800 400591964 0 3821964 401988504
======================
   8      16 sdb 2826959 10 496370476 1410948 6125008 4054509 3131669800 400591964 0 3821964 401988504
======================
   8      16 sdb 2826959 10 496370476 1410948 6125008 4054509 3131669800 400591964 0 3821964 401988504
======================
   8      16 sdb 2826959 10 496370476 1410948 6125010 4054510 3131669824 400591964 0 3821964 401988504
======================
   8      16 sdb 2826959 10 496370476 1410948 6125010 4054510 3131669824 400591964 0 3821964 401988504
======================
   8      16 sdb 2826959 10 496370476 1410948 6125010 4054510 3131669824 400591964 0 3821964 401988504
======================
   8      16 sdb 2826959 10 496370476 1410948 6125010 4054510 3131669824 400591964 0 3821964 401988504
======================
   8      16 sdb 2826959 10 496370476 1410948 6125010 4054510 3131669824 400591964 0 3821964 401988504
======================
   8      16 sdb 2826959 10 496370476 1410948 6160430 4054511 3131968312 400698336 130 3822724 402094976
======================
   8      16 sdb 2826959 10 496370476 1410948 6197375 4054511 3132281096 400839532 128 3823728 402236248
======================
   8      16 sdb 2826959 10 496370476 1410948 6233966 4054511 3132591328 400980476 130 3824732 402377440
======================
   8      16 sdb 2826959 10 496370476 1410948 6269523 4054511 3132894376 401103036 128 3825600 402499588
======================
   8      16 sdb 2826959 10 496370476 1410948 6307262 4054511 3133216552 401243612 149 3826604 402640304
======================
   8      16 sdb 2826959 10 496370476 1410948 6345124 4054512 3133540568 401384752 140 3827608 402781500
======================
   8      16 sdb 2826959 10 496370476 1410948 6383219 4054512 3133866640 401525652 127 3828612 402922420
======================
   8      16 sdb 2826959 10 496370476 1410948 6421509 4054512 3134195568 401666176 139 3829612 403062540
======================
   8      16 sdb 2826959 10 496370476 1410948 6460069 4054512 3134528248 401806980 139 3830616 403203424
======================
   8      16 sdb 2826959 10 496370476 1410948 6498151 4054512 3134857704 401947704 145 3831620 403344240
======================
   8      16 sdb 2826959 10 496370476 1410948 6536402 4054513 3135189216 402088656 129 3832624 403485200
======================
   8      16 sdb 2826959 10 496370476 1410948 6575700 4054513 3135530176 402229664 159 3833624 403625760
======================
   8      16 sdb 2826959 10 496370476 1410948 6615195 4054513 3135873672 402371404 125 3834628 403767440
======================
   8      16 sdb 2826959 10 496370476 1410948 6651738 4054513 3136192056 402511272 153 3835632 403907516
======================
   8      16 sdb 2826959 10 496370476 1410948 6691601 4054513 3136541856 402651492 153 3836636 404047944
======================
   8      16 sdb 2826959 10 496370476 1410948 6731925 4054514 3136895304 402792204 136 3837640 404188916
======================
   8      16 sdb 2826959 10 496370476 1410948 6771764 4054514 3137246024 402932316 137 3838640 404328628
======================
   8      16 sdb 2826959 10 496370476 1410948 6808503 4054514 3137569664 403073648 150 3839644 404470092
======================
   8      16 sdb 2826959 10 496370476 1410948 6849312 4054514 3137930696 403213964 141 3840648 404610472
======================
   8      16 sdb 2826959 10 496370476 1410948 6890282 4054514 3138293656 403354996 129 3841652 404751432
======================
   8      16 sdb 2826959 10 496370476 1410948 6931506 4054515 3138660536 403495004 152 3842656 404891580
======================
   8      16 sdb 2826959 10 496370476 1410948 6973012 4054516 3139029176 403634208 150 3843656 405030272
======================
   8      16 sdb 2826959 10 496370476 1410948 6988328 4054516 3139165632 403697416 0 3844108 405093480
======================
   8      16 sdb 2826959 10 496370476 1410948 6988328 4054516 3139165632 403697416 0 3844108 405093480
======================
   8      16 sdb 2826959 10 496370476 1410948 7025202 4054516 3139496512 403809256 144 3844916 405205584
======================
   8      16 sdb 2826959 10 496370476 1410948 7067465 4054517 3139877192 403951036 136 3845920 405347356
======================
   8      16 sdb 2826959 10 496370476 1410948 7109997 4054517 3140261080 404091420 149 3846924 405487564
======================
   8      16 sdb 2826959 10 496370476 1410948 7152646 4054517 3140646504 404231248 159 3847928 405627632
======================
   8      16 sdb 2826959 10 496370476 1410948 7191978 4054517 3141003592 404371440 139 3848932 405767760
======================
   8      16 sdb 2826959 10 496370476 1410948 7235012 4054517 3141395648 404510824 133 3849932 405906632
======================
   8      16 sdb 2826959 10 496370476 1410948 7277611 4054519 3141783800 404650820 149 3850936 406046556
======================
   8      16 sdb 2826959 10 496370476 1410948 7320221 4054519 3142173240 404791436 131 3851940 406187096
======================
   8      16 sdb 2826959 10 496370476 1410948 7356272 4054519 3142487288 404932420 144 3852944 406328340
======================
   8      16 sdb 2826959 10 496370476 1410948 7395993 4054520 3142833304 405073688 135 3853948 406469668
======================
   8      16 sdb 2826959 10 496370476 1410948 7435832 4054520 3143180432 405214512 136 3854952 406610468
======================
   8      16 sdb 2826959 10 496370476 1410948 7475690 4054521 3143527616 405355008 149 3855952 406750580
======================
   8      16 sdb 2826959 10 496370476 1410948 7512274 4054521 3143846640 405496444 136 3856956 406892176
======================
   8      16 sdb 2826959 10 496370476 1410948 7551560 4054522 3144190176 405638112 146 3857960 407033708
======================
   8      16 sdb 2826959 10 496370476 1410948 7590701 4054522 3144531560 405779356 141 3858964 407175112
======================
   8      16 sdb 2826959 10 496370476 1410948 7630521 4054522 3144878392 405919836 154 3859964 407315124
======================
   8      16 sdb 2826959 10 496370476 1410948 7670253 4054524 3145225488 406060968 128 3860968 407456324
