======================
   8      16 sdb 11716196 202810 1081962832 21675304 21537512 203711492 6075189448 877285616 0 7615824 898916940
======================
   8      16 sdb 11716227 202810 1081963960 21675304 21537512 203711492 6075189448 877285616 0 7615824 898916940
======================
   8      16 sdb 11716229 202810 1081963976 21675324 21537512 203711492 6075189448 877285616 0 7615844 898916960
======================
   8      16 sdb 11716229 202810 1081963976 21675324 21537512 203711492 6075189448 877285616 0 7615844 898916960
======================
   8      16 sdb 11716230 202810 1081963984 21675328 21539400 203711492 6076156104 877313680 0 7616104 898945012
======================
   8      16 sdb 11716230 202810 1081963984 21675328 21542014 203711492 6077494472 877445556 151 7617084 899080884
======================
   8      16 sdb 11716230 202810 1081963984 21675328 21543879 203711492 6078449864 877585444 142 7618084 899222224
======================
   8      16 sdb 11716231 202810 1081963992 21675428 21545724 203711520 6079393208 877712696 132 7619088 899349360
======================
   8      16 sdb 11716231 202810 1081963992 21675428 21547230 203711520 6080164280 877833604 130 7620092 899491604
======================
   8      16 sdb 11716231 202810 1081963992 21675428 21548198 203711520 6080659896 877990908 154 7621092 899627492
======================
   8      16 sdb 11716231 202810 1081963992 21675428 21550202 203711520 6081685944 878119316 134 7622096 899768456
======================
   8      16 sdb 11716231 202810 1081963992 21675428 21551924 203711520 6082567608 878272188 140 7623096 899909116
======================
   8      16 sdb 11716232 202810 1081964000 21675488 21554515 203711557 6083889968 878403808 137 7624100 900038624
======================
   8      16 sdb 11716232 202810 1081964000 21675488 21556875 203711557 6085097776 878542444 129 7625100 900179156
======================
   8      16 sdb 11716232 202810 1081964000 21675488 21558727 203711557 6086046000 878682228 131 7626104 900319572
======================
   8      16 sdb 11716233 202810 1081964008 21675572 21560548 203711557 6086977848 878813752 140 7627108 900451836
======================
   8      16 sdb 11716233 202810 1081964008 21675572 21562432 203711572 6087941568 878956868 144 7628112 900593860
======================
   8      16 sdb 11716233 202810 1081964008 21675572 21564283 203711595 6088888960 879093136 149 7629112 900730068
======================
   8      16 sdb 11716233 202810 1081964008 21675572 21566126 203711595 6089832576 879235276 130 7630116 900871920
======================
   8      16 sdb 11716233 202810 1081964008 21675572 21567975 203711595 6090779264 879377488 18 7631120 901010244
======================
   8      16 sdb 11716234 202810 1081964016 21675652 21569855 203711612 6091740448 879511404 153 7632124 901148372
======================
   8      16 sdb 11716234 202810 1081964016 21675652 21571690 203711612 6092679968 879651096 142 7633128 901289964
======================
   8      16 sdb 11716234 202810 1081964016 21675652 21573559 203711635 6093636576 879788540 145 7634128 901425500
======================
   8      16 sdb 11716234 202810 1081964016 21675652 21575395 203711635 6094576608 879929148 133 7635132 901567848
======================
   8      16 sdb 11716235 202810 1081964024 21675736 21577222 203711651 6095510144 880064108 147 7636140 901702380
======================
   8      16 sdb 11716235 202810 1081964024 21675736 21579066 203711651 6096454272 880206516 134 7637140 901844320
======================
   8      16 sdb 11716235 202810 1081964024 21675736 21580937 203711651 6097412224 880349116 144 7638144 901986540
======================
   8      16 sdb 11716235 202810 1081964024 21675736 21582800 203711673 6098365752 880484008 157 7639148 902121588
======================
   8      16 sdb 11716236 202810 1081964032 21675816 21584730 203711689 6099352528 880617996 129 7640152 902255588
======================
   8      16 sdb 11716236 202810 1081964032 21675816 21586634 203711689 6100327376 880758980 145 7641152 902396264
======================
   8      16 sdb 11716236 202810 1081964032 21675816 21588541 203711689 6101303760 880900200 127 7642156 902537392
======================
   8      16 sdb 11716236 202810 1081964032 21675816 21590466 203711689 6102289360 881041076 153 7643160 902678544
======================
   8      16 sdb 11716237 202810 1081964040 21675892 21592393 203711712 6103275664 881168728 137 7644160 902806472
======================
   8      16 sdb 11716237 202810 1081964040 21675892 21594318 203711712 6104261264 881310616 132 7645160 902948024
======================
   8      16 sdb 11716237 202810 1081964040 21675892 21596243 203711712 6105246864 881452448 132 7646164 903089976
======================
   8      16 sdb 11716237 202810 1081964040 21675892 21598168 203711712 6106232464 881593924 154 7647164 903231196
======================
   8      16 sdb 11716238 202810 1081964048 21675972 21600074 203711728 6107206448 881728112 143 7648168 903365672
======================
   8      16 sdb 11716238 202810 1081964048 21675972 21601978 203711752 6108180984 881859204 154 7649172 903496868
======================
   8      16 sdb 11716238 202810 1081964048 21675972 21603905 203711752 6109167608 882001452 147 7650176 903639216
======================
   8      16 sdb 11716238 202810 1081964048 21675972 21605833 203711752 6110154744 882143260 139 7651176 903780568
======================
   8      16 sdb 11716239 202810 1081964056 21676056 21607765 203711769 6111142048 882277288 140 7652180 903914616
======================
   8      16 sdb 11716239 202810 1081964056 21676056 21609691 203711769 6112128160 882419200 134 7653184 904056764
======================
   8      16 sdb 11716239 202810 1081964056 21676056 21611619 203711791 6113114968 882555240 140 7654188 904192776
======================
   8      16 sdb 11716239 202810 1081964056 21676056 21613522 203711791 6114089304 882697168 143 7655192 904335128
======================
   8      16 sdb 11716240 202810 1081964064 21676132 21615449 203711807 6115074544 882832644 152 7656192 904469848
======================
   8      16 sdb 11716240 202810 1081964064 21676132 21617376 203711807 6116061168 882973276 145 7657196 904610788
======================
   8      16 sdb 11716240 202810 1081964064 21676132 21619304 203711807 6117048304 883113992 137 7658200 904751396
======================
   8      16 sdb 11716240 202810 1081964064 21676132 21621232 203711830 6118035120 883248844 130 7659204 904886348
======================
   8      16 sdb 11716241 202810 1081964072 21676204 21623160 203711847 6119020880 883383612 157 7660208 905021368
======================
   8      16 sdb 11716241 202810 1081964072 21676204 21625087 203711847 6120007504 883523956 150 7661208 905161388
======================
   8      16 sdb 11716241 202810 1081964072 21676204 21626997 203711847 6120985424 883664568 128 7662212 905302060
======================
   8      16 sdb 11716241 202810 1081964072 21676204 21628905 203711847 6121962320 883805212 140 7663216 905443044
======================
   8      16 sdb 11716242 202810 1081964080 21676276 21630833 203711871 6122949144 883932628 133 7664216 905570496
======================
   8      16 sdb 11716242 202810 1081964080 21676276 21632758 203711871 6123935256 884072880 128 7665216 905710372
======================
   8      16 sdb 11716242 202810 1081964080 21676276 21634685 203711871 6124921368 884213216 153 7666220 905850908
======================
   8      16 sdb 11716242 202810 1081964080 21676276 21636611 203711871 6125907480 884353456 147 7667220 905991200
======================
   8      16 sdb 11716243 202810 1081964088 21676348 21638542 203711887 6126893760 884487784 140 7668224 906125808
======================
   8      16 sdb 11716243 202810 1081964088 21676348 21640448 203711910 6127869312 884624116 135 7669228 906262320
======================
   8      16 sdb 11716243 202810 1081964088 21676348 21642352 203711910 6128844160 884765908 151 7670232 906404168
======================
   8      16 sdb 11716243 202810 1081964088 21676348 21644272 203711910 6129827200 884908564 151 7671236 906546672
======================
   8      16 sdb 11716244 202810 1081964096 21676432 21646207 203711927 6130816544 885042692 157 7672236 906680728
======================
   8      16 sdb 11716244 202810 1081964096 21676432 21648134 203711927 6131803168 885184400 150 7673240 906822636
======================
   8      16 sdb 11716244 202810 1081964096 21676432 21650062 203711949 6132789976 885319576 146 7674244 906957880
======================
   8      16 sdb 11716244 202810 1081964096 21676432 21651988 203711949 6133776088 885459896 140 7675248 907098396
======================
   8      16 sdb 11716245 202810 1081964104 21676504 21653902 203711965 6134754672 885594688 150 7676248 907232904
======================
   8      16 sdb 11716245 202810 1081964104 21676504 21655811 203711965 6135732592 885736992 129 7677252 907375196
======================
   8      16 sdb 11716245 202810 1081964104 21676504 21657738 203711965 6136718704 885878864 154 7678256 907517256
======================
   8      16 sdb 11716245 202810 1081964104 21676504 21659663 203711988 6137703984 886015276 128 7679256 907653432
======================
   8      16 sdb 11716246 202810 1081964112 21676584 21661591 203712005 6138690256 886150292 134 7680260 907788664
======================
   8      16 sdb 11716246 202810 1081964112 21676584 21663520 203712005 6139677392 886291720 157 7681264 907930068
======================
   8      16 sdb 11716246 202810 1081964112 21676584 21665447 203712005 6140664016 886432796 137 7682268 908071312
======================
   8      16 sdb 11716246 202810 1081964112 21676584 21667372 203712005 6141649616 886573700 145 7683268 908211824
======================
   8      16 sdb 11716247 202810 1081964120 21676656 21669276 203712029 6142624152 886703104 151 7684268 908341432
======================
   8      16 sdb 11716247 202810 1081964120 21676656 21671163 203712029 6143590296 886845748 152 7685272 908483860
======================
   8      16 sdb 11716247 202810 1081964120 21676656 21673104 203712029 6144584088 886987072 131 7686272 908625360
======================
   8      16 sdb 11716247 202810 1081964120 21676656 21675033 203712029 6145571736 887128908 152 7687280 908767744
======================
   8      16 sdb 11716248 202810 1081964128 21676740 21676967 203712045 6146559552 887264028 132 7688280 908902204
======================
   8      16 sdb 11716248 202810 1081964128 21676740 21678896 203712068 6147546880 887399572 142 7689284 909037804
======================
   8      16 sdb 11716248 202810 1081964128 21676740 21680822 203712068 6148533504 887540400 135 7690288 909178824
======================
   8      16 sdb 11716248 202810 1081964128 21676740 21682747 203712068 6149518592 887680544 145 7691292 909318944
======================
   8      16 sdb 11716249 202810 1081964136 21676812 21684673 203712085 6150503840 887815488 144 7692296 909453916
======================
   8      16 sdb 11716249 202810 1081964136 21676812 21686601 203712085 6151490464 887955584 136 7693300 909594044
======================
   8      16 sdb 11716249 202810 1081964136 21676812 21688529 203712107 6152477272 888090672 130 7694304 909729224
======================
   8      16 sdb 11716249 202810 1081964136 21676812 21690345 203712107 6153407064 888238320 76 7695304 909871892
======================
   8      16 sdb 11716250 202810 1081964144 21676892 21692385 203712123 6154450160 888366944 134 7696308 910005200
======================
   8      16 sdb 11716250 202810 1081964144 21676892 21694314 203712123 6155437808 888508720 140 7697312 910146952
======================
   8      16 sdb 11716250 202810 1081964144 21676892 21696219 203712123 6156413168 888650012 140 7698316 910289044
======================
   8      16 sdb 11716250 202810 1081964144 21676892 21698140 203712147 6157396408 888786300 148 7699320 910424560
======================
   8      16 sdb 11716251 202810 1081964152 21676968 21700072 203712164 6158383712 888920600 142 7700324 910558892
======================
   8      16 sdb 11716251 202810 1081964152 21676968 21701983 203712164 6159362144 889056372 150 7701324 910694632
======================
   8      16 sdb 11716251 202810 1081964152 21676968 21703911 203712164 6160349280 889197764 142 7702328 910836088
======================
   8      16 sdb 11716251 202810 1081964152 21676968 21705840 203712164 6161336928 889339032 133 7703332 910977316
======================
   8      16 sdb 11716252 202810 1081964160 21677044 21707769 203712187 6162324256 889468856 141 7704336 911107272
======================
   8      16 sdb 11716252 202810 1081964160 21677044 21709674 203712187 6163299616 889610592 146 7705340 911249020
======================
   8      16 sdb 11716252 202810 1081964160 21677044 21711578 203712187 6164274464 889752628 136 7706344 911391008
======================
   8      16 sdb 11716252 202810 1081964160 21677044 21713507 203712187 6165262112 889893956 129 7707348 911532268
======================
   8      16 sdb 11716253 202810 1081964168 21677128 21715438 203712203 6166248896 890028372 147 7708348 911667060
======================
   8      16 sdb 11716253 202810 1081964168 21677128 21717366 203712227 6167235720 890164948 149 7709352 911803736
======================
   8      16 sdb 11716253 202810 1081964168 21677128 21719293 203712227 6168222344 890307064 142 7710356 911945884
======================
   8      16 sdb 11716253 202810 1081964168 21677128 21721221 203712227 6169209480 890448560 134 7711360 912087196
======================
   8      16 sdb 11716254 202810 1081964176 21677208 21723128 203712244 6170183984 890583128 136 7712364 912221844
======================
   8      16 sdb 11716254 202810 1081964176 21677208 21725033 203712244 6171159344 890723788 151 7713368 912362804
======================
   8      16 sdb 11716254 202810 1081964176 21677208 21726961 203712267 6172146160 890860652 141 7714368 912499032
======================
   8      16 sdb 11716254 202810 1081964176 21677208 21728889 203712267 6173133296 891002580 146 7715372 912641012
======================
   8      16 sdb 11716255 202810 1081964184 21677292 21730804 203712283 6174111888 891137384 151 7716376 912776128
======================
   8      16 sdb 11716255 202810 1081964184 21677292 21732718 203712283 6175091856 891280384 157 7717380 912919172
======================
   8      16 sdb 11716255 202810 1081964184 21677292 21734630 203712283 6176070800 891418444 133 7718412 913061796
======================
   8      16 sdb 11716255 202810 1081964184 21677292 21736517 203712306 6177036624 891554476 152 7719416 913197784
======================
   8      16 sdb 11716256 202810 1081964192 21677376 21738408 203712323 6178003440 891688324 137 7720420 913331980
======================
   8      16 sdb 11716256 202810 1081964192 21677376 21740306 203712323 6178975216 891830172 132 7721420 913473152
======================
   8      16 sdb 11716256 202810 1081964192 21677376 21742211 203712323 6179950576 891971816 142 7722424 913615192
======================
   8      16 sdb 11716256 202810 1081964192 21677376 21744124 203712323 6180930032 892113584 149 7723428 913756964
======================
   8      16 sdb 11716257 202810 1081964200 21677464 21746042 203712345 6181911720 892243152 133 7724432 913886484
======================
   8      16 sdb 11716257 202810 1081964200 21677464 21747960 203712345 6182893736 892384468 129 7725436 914028204
======================
   8      16 sdb 11716257 202810 1081964200 21677464 21749872 203712345 6183872680 892526488 137 7726440 914170420
======================
   8      16 sdb 11716257 202810 1081964200 21677464 21751766 203712345 6184842920 892668448 131 7727444 914312492
======================
   8      16 sdb 11716258 202810 1081964208 21677552 21753661 203712361 6185810760 892802796 150 7728448 914447096
======================
   8      16 sdb 11716258 202810 1081964208 21677552 21755547 203712384 6186776072 892939124 139 7729452 914583328
======================
   8      16 sdb 11716258 202810 1081964208 21677552 21757459 203712384 6187755528 893080648 147 7730452 914724532
======================
   8      16 sdb 11716258 202810 1081964208 21677552 21759370 203712384 6188733448 893222388 130 7731456 914866096
======================
   8      16 sdb 11716259 202810 1081964216 21677636 21761283 203712400 6189711016 893355560 152 7732460 914999448
======================
   8      16 sdb 11716259 202810 1081964216 21677636 21763196 203712400 6190690472 893496924 148 7733464 915140728
======================
   8      16 sdb 11716259 202810 1081964216 21677636 21765102 203712423 6191666024 893633188 148 7734468 915277208
======================
   8      16 sdb 11716259 202810 1081964216 21677636 21766992 203712423 6192634216 893775296 146 7735472 915419548
======================
   8      16 sdb 11716260 202810 1081964224 21677724 21768875 203712423 6193597296 893910960 151 7736476 915555092
======================
   8      16 sdb 11716260 202810 1081964224 21677724 21770799 203712423 6194582384 894053904 147 7737480 915698168
======================
   8      16 sdb 11716260 202810 1081964224 21677724 21772707 203712423 6195559280 894199384 135 7738484 915843572
======================
   8      16 sdb 11716260 202810 1081964224 21677724 21774623 203712445 6196539440 894336736 134 7739488 915981140
======================
   8      16 sdb 11716261 202810 1081964232 21677812 21776521 203712445 6197511216 894472284 156 7740492 916116680
======================
   8      16 sdb 11716261 202810 1081964232 21677812 21778440 203712445 6198493744 894615200 148 7741492 916259016
======================
   8      16 sdb 11716261 202810 1081964232 21677812 21780322 203712445 6199457328 894757944 131 7742496 916401788
======================
   8      16 sdb 11716261 202810 1081964232 21677812 21782219 203712445 6200429104 894899216 154 7743500 916543292
======================
   8      16 sdb 11716262 202810 1081964240 21677900 21783403 203712525 6201027864 894978684 0 7744116 916617644
======================
   8      16 sdb 11716262 202810 1081964240 21677900 21783403 203712525 6201027864 894978684 0 7744116 916617644
======================
   8      16 sdb 11716262 202810 1081964240 21677900 21783403 203712525 6201027864 894978684 0 7744116 916617644
======================
   8      16 sdb 11716262 202810 1081964240 21677900 21783403 203712525 6201027864 894978684 0 7744116 916617644
======================
   8      16 sdb 11716262 202810 1081964240 21677900 21783403 203712525 6201027864 894978684 0 7744116 916617644
======================
   8      16 sdb 11716262 202810 1081964240 21677900 21783403 203712525 6201027864 894978684 0 7744116 916617644
started
======================
   8      16 sdb 11716384 202810 1081965210 21678332 21783416 203712525 6201027912 894978684 0 7744120 916618076
======================
   8      16 sdb 11718448 202810 1082492354 21679152 21783416 203712525 6201027912 894978684 1 7744624 916618896
======================
   8      16 sdb 11722531 202810 1083537602 21680832 21783416 203712525 6201027912 894978684 2 7745628 916620576
======================
   8      16 sdb 11726601 202810 1084579522 21682476 21783416 203712525 6201027912 894978684 2 7746632 916622216
======================
   8      16 sdb 11730696 202810 1085627842 21684052 21783416 203712525 6201027912 894978684 1 7747636 916623792
======================
   8      16 sdb 11734780 202810 1086673346 21685676 21783416 203712525 6201027912 894978684 2 7748636 916625416
======================
   8      16 sdb 11738802 202811 1087703234 21687332 21783419 203712527 6201027952 894978788 2 7749640 916627176
======================
   8      16 sdb 11742820 202811 1088731842 21689028 21783419 203712527 6201027952 894978788 2 7750644 916628868
======================
   8      16 sdb 11746904 202811 1089777346 21690692 21783419 203712527 6201027952 894978788 2 7751648 916630524
======================
   8      16 sdb 11750991 202811 1090823618 21692344 21783419 203712527 6201027952 894978788 2 7752652 916632176
======================
   8      16 sdb 11755062 202811 1091865794 21693976 21783419 203712527 6201027952 894978788 2 7753656 916633796
======================
   8      16 sdb 11759148 202811 1092911810 21695616 21783419 203712527 6201027952 894978788 2 7754660 916635436
======================
   8      16 sdb 11763233 202811 1093957570 21697312 21783419 203712527 6201027952 894978788 2 7755664 916637120
======================
   8      16 sdb 11767210 202811 1094975682 21698936 21783419 203712527 6201027952 894978788 2 7756660 916638744
======================
   8      16 sdb 11771233 202811 1096005570 21700588 21783419 203712527 6201027952 894978788 2 7757664 916640396
======================
   8      16 sdb 11775294 202811 1097045186 21702200 21783419 203712527 6201027952 894978788 2 7758664 916642004
======================
   8      16 sdb 11779379 202811 1098090946 21703860 21783419 203712527 6201027952 894978788 2 7759664 916643660
======================
   8      16 sdb 11783466 202811 1099137218 21705540 21783419 203712527 6201027952 894978788 2 7760668 916645336
======================
   8      16 sdb 11787547 202811 1100181954 21707180 21783419 203712527 6201027952 894978788 2 7761672 916646980
======================
   8      16 sdb 11791631 202811 1101227458 21708804 21783419 203712527 6201027952 894978788 1 7762672 916648600
======================
   8      16 sdb 11795647 202811 1102255554 21710516 21783419 203712527 6201027952 894978788 2 7763676 916650308
======================
   8      16 sdb 11799669 202811 1103285186 21712132 21783419 203712527 6201027952 894978788 2 7764680 916651924
======================
   8      16 sdb 11803762 202811 1104333250 21713748 21783419 203712527 6201027952 894978788 2 7765684 916653540
======================
   8      16 sdb 11807838 202811 1105376450 21715380 21783419 203712527 6201027952 894978788 2 7766688 916655172
======================
   8      16 sdb 11811986 202811 1106438338 21717024 21783419 203712527 6201027952 894978788 2 7767692 916656816
======================
   8      16 sdb 11816137 202811 1107500994 21718668 21783419 203712527 6201027952 894978788 1 7768696 916658456
======================
   8      16 sdb 11820291 202811 1108564418 21720316 21783419 203712527 6201027952 894978788 2 7769700 916660100
======================
   8      16 sdb 11824370 202811 1109608642 21721956 21783419 203712527 6201027952 894978788 2 7770704 916661736
======================
   8      16 sdb 11828452 202811 1110653634 21723608 21783419 203712527 6201027952 894978788 2 7771708 916663388
======================
   8      16 sdb 11832607 202811 1111717314 21725264 21783419 203712527 6201027952 894978788 2 7772712 916665040
======================
   8      16 sdb 11836761 202811 1112780738 21726944 21783419 203712527 6201027952 894978788 2 7773712 916666720
======================
   8      16 sdb 11840910 202811 1113842882 21728612 21783419 203712527 6201027952 894978788 2 7774716 916668384
======================
   8      16 sdb 11845062 202811 1114905794 21730272 21783419 203712527 6201027952 894978788 2 7775720 916670044
======================
   8      16 sdb 11849197 202811 1115964354 21731884 21783419 203712527 6201027952 894978788 2 7776724 916671660
======================
   8      16 sdb 11853352 202811 1117028034 21733536 21783419 203712527 6201027952 894978788 1 7777728 916673308
======================
   8      16 sdb 11857437 202811 1118073794 21735188 21783419 203712527 6201027952 894978788 2 7778728 916674960
======================
   8      16 sdb 11861519 202811 1119118786 21736856 21783419 203712527 6201027952 894978788 1 7779728 916676624
======================
   8      16 sdb 11865674 202811 1120182466 21738508 21783421 203712527 6201027968 894978788 1 7780732 916678272
======================
   8      16 sdb 11869821 202811 1121244098 21740124 21783421 203712527 6201027968 894978788 2 7781736 916679888
======================
   8      16 sdb 11873977 202811 1122308034 21741772 21783421 203712527 6201027968 894978788 2 7782740 916681532
======================
   8      16 sdb 11878134 202811 1123372226 21743424 21783421 203712527 6201027968 894978788 2 7783744 916683184
======================
   8      16 sdb 11882290 202811 1124436162 21745072 21783421 203712527 6201027968 894978788 2 7784748 916684832
======================
   8      16 sdb 11886366 202811 1125479618 21746728 21783421 203712527 6201027968 894978788 2 7785752 916686484
======================
   8      16 sdb 11890416 202811 1126516418 21748324 21783421 203712527 6201027968 894978788 1 7786748 916688080
======================
   8      16 sdb 11894563 202811 1127578050 21749940 21783421 203712527 6201027968 894978788 2 7787752 916689692
======================
   8      16 sdb 11898713 202811 1128640450 21751608 21783421 203712527 6201027968 894978788 2 7788756 916691356
======================
   8      16 sdb 11902858 202811 1129701570 21753212 21783421 203712527 6201027968 894978788 2 7789760 916692952
======================
   8      16 sdb 11907013 202811 1130765250 21754816 21783421 203712527 6201027968 894978788 2 7790764 916694560
======================
   8      16 sdb 11911164 202811 1131827906 21756456 21783421 203712527 6201027968 894978788 2 7791768 916696196
======================
   8      16 sdb 11915257 202811 1132875714 21758124 21783421 203712527 6201027968 894978788 2 7792772 916697856
======================
   8      16 sdb 11919339 202811 1133920706 21759768 21783421 203712527 6201027968 894978788 2 7793776 916699500
======================
   8      16 sdb 11923498 202811 1134985410 21761392 21783421 203712527 6201027968 894978788 2 7794776 916701120
======================
   8      16 sdb 11927657 202811 1136050114 21763024 21783421 203712527 6201027968 894978788 2 7795780 916702752
======================
   8      16 sdb 11931792 202811 1137108674 21764628 21783421 203712527 6201027968 894978788 1 7796784 916704348
======================
   8      16 sdb 11935946 202811 1138172098 21766284 21783421 203712527 6201027968 894978788 2 7797788 916706004
======================
   8      16 sdb 11940100 202811 1139235522 21767908 21783421 203712527 6201027968 894978788 2 7798792 916707628
======================
   8      16 sdb 11944183 202811 1140280770 21769552 21783421 203712527 6201027968 894978788 2 7799792 916709268
======================
   8      16 sdb 11948258 202811 1141323970 21771184 21783421 203712527 6201027968 894978788 2 7800796 916710896
======================
   8      16 sdb 11952332 202811 1142366914 21772828 21783421 203712527 6201027968 894978788 2 7801792 916712528
======================
   8      16 sdb 11956484 202811 1143429826 21774460 21783421 203712527 6201027968 894978788 2 7802796 916714160
======================
   8      16 sdb 11960640 202811 1144493762 21776076 21783421 203712527 6201027968 894978788 1 7803800 916715772
======================
   8      16 sdb 11964792 202811 1145556674 21777736 21783421 203712527 6201027968 894978788 1 7804804 916717428
