======================
   8      16 sdb 21149638 259991 1837092904 42307588 39079566 346453005 10957495960 1585603552 0 13613812 1627868500
======================
   8      16 sdb 21149669 259991 1837094032 42307592 39079566 346453005 10957495960 1585603552 0 13613816 1627868504
======================
   8      16 sdb 21149670 259991 1837094040 42307592 39079566 346453005 10957495960 1585603552 0 13613816 1627868504
======================
   8      16 sdb 21149670 259991 1837094040 42307592 39079566 346453005 10957495960 1585603552 0 13613816 1627868504
======================
   8      16 sdb 21149670 259991 1837094040 42307592 39079566 346453005 10957495960 1585603552 0 13613816 1627868504
======================
   8      16 sdb 21149678 259991 1837094104 42307596 39079566 346453005 10957495960 1585603552 0 13613820 1627868508
======================
   8      16 sdb 21149678 259991 1837094104 42307596 39079566 346453005 10957495960 1585603552 0 13613820 1627868508
======================
   8      16 sdb 21149678 259991 1837094104 42307596 39079566 346453005 10957495960 1585603552 0 13613820 1627868508
======================
   8      16 sdb 21149678 259991 1837094104 42307596 39079566 346453005 10957495960 1585603552 0 13613820 1627868508
======================
   8      16 sdb 21149678 259991 1837094104 42307596 39079566 346453005 10957495960 1585603552 0 13613820 1627868508
======================
   8      16 sdb 21149678 259991 1837094104 42307596 39079772 346465842 10957600304 1585609372 0 13613900 1627874328
======================
   8      16 sdb 21149678 259991 1837094104 42307596 39079772 346465842 10957600304 1585609372 0 13613900 1627874328
======================
   8      16 sdb 21149678 259991 1837094104 42307596 39079772 346465842 10957600304 1585609372 0 13613900 1627874328
======================
   8      16 sdb 21149678 259991 1837094104 42307596 39079772 346465842 10957600304 1585609372 0 13613900 1627874328
======================
   8      16 sdb 21149678 259991 1837094104 42307596 39080685 346512015 10957976992 1585613164 0 13614332 1627878120
======================
   8      16 sdb 21149678 259991 1837094104 42307596 39080896 346525245 10958084520 1585613244 0 13614372 1627878200
======================
   8      16 sdb 21149678 259991 1837094104 42307596 39080896 346525245 10958084520 1585613244 0 13614372 1627878200
======================
   8      16 sdb 21149678 259991 1837094104 42307596 39080896 346525245 10958084520 1585613244 0 13614372 1627878200
======================
   8      16 sdb 21149678 259991 1837094104 42307596 39080896 346525245 10958084520 1585613244 0 13614372 1627878200
======================
   8      16 sdb 21149678 259991 1837094104 42307596 39081533 346558631 10958353920 1585616392 8 13614732 1627881372
======================
   8      16 sdb 21149678 259991 1837094104 42307596 39083591 346667092 10959239720 1585628140 10 13615736 1627893080
======================
   8      16 sdb 21149678 259991 1837094104 42307596 39084512 346712222 10959609264 1585632392 0 13616220 1627897316
======================
   8      16 sdb 21149678 259991 1837094104 42307596 39084512 346712222 10959609264 1585632392 0 13616220 1627897316
======================
   8      16 sdb 21149678 259991 1837094104 42307596 39084512 346712222 10959609264 1585632392 0 13616220 1627897316
======================
   8      16 sdb 21149678 259991 1837094104 42307596 39084512 346712222 10959609264 1585632392 0 13616220 1627897316
======================
   8      16 sdb 21149678 259991 1837094104 42307596 39084824 346731760 10959768064 1585632496 0 13616288 1627897420
======================
   8      16 sdb 21149678 259991 1837094104 42307596 39084824 346731760 10959768064 1585632496 0 13616288 1627897420
======================
   8      16 sdb 21149678 259991 1837094104 42307596 39084824 346731760 10959768064 1585632496 0 13616288 1627897420
======================
   8      16 sdb 21149678 259991 1837094104 42307596 39084824 346731760 10959768064 1585632496 0 13616288 1627897420
======================
   8      16 sdb 21149678 259991 1837094104 42307596 39084824 346731760 10959768064 1585632496 0 13616288 1627897420
======================
   8      16 sdb 21149678 259991 1837094104 42307596 39085027 346744464 10959871320 1585632576 0 13616316 1627897500
======================
   8      16 sdb 21149678 259991 1837094104 42307596 39085027 346744464 10959871320 1585632576 0 13616316 1627897500
======================
   8      16 sdb 21149678 259991 1837094104 42307596 39085027 346744464 10959871320 1585632576 0 13616316 1627897500
======================
   8      16 sdb 21149678 259991 1837094104 42307596 39085027 346744464 10959871320 1585632576 0 13616316 1627897500
======================
   8      16 sdb 21149678 259991 1837094104 42307596 39085027 346744464 10959871320 1585632576 0 13616316 1627897500
======================
   8      16 sdb 21149678 259991 1837094104 42307596 39085225 346756853 10959972016 1585632640 0 13616348 1627897564
======================
   8      16 sdb 21149678 259991 1837094104 42307596 39085416 346766493 10960050664 1585633540 0 13616452 1627898464
======================
   8      16 sdb 21149678 259991 1837094104 42307596 39085758 346782482 10960178688 1585635104 8 13616632 1627900060
======================
   8      16 sdb 21149678 259991 1837094104 42307596 39086703 346837620 10960629976 1585636252 0 13616800 1627901160
======================
   8      16 sdb 21149678 259991 1837094104 42307596 39086703 346837620 10960629976 1585636252 0 13616800 1627901160
======================
   8      16 sdb 21149678 259991 1837094104 42307596 39087224 346866714 10960864160 1585637660 8 13617004 1627902600
======================
   8      16 sdb 21149678 259991 1837094104 42307596 39088078 346908752 10961210032 1585641684 0 13617464 1627906580
======================
   8      16 sdb 21149678 259991 1837094104 42307596 39088454 346928171 10961365400 1585643408 8 13617676 1627908336
======================
   8      16 sdb 21149678 259991 1837094104 42307596 39090284 347021024 10962124728 1585652424 8 13618680 1627917340
======================
   8      16 sdb 21149678 259991 1837094104 42307596 39092039 347111132 10962858816 1585680744 8 13619680 1627945620
======================
   8      16 sdb 21149678 259991 1837094104 42307596 39094250 347231582 10963841912 1585714680 9 13620680 1627979544
======================
   8      16 sdb 21149678 259991 1837094104 42307596 39096169 347324566 10964600736 1585723460 8 13621684 1627988304
======================
   8      16 sdb 21149678 259991 1837094104 42307596 39098067 347417848 10965360184 1585732592 8 13622688 1627997456
======================
   8      16 sdb 21149678 259991 1837094104 42307596 39098838 347456588 10965678800 1585736392 0 13623108 1628001224
======================
   8      16 sdb 21149678 259991 1837094104 42307596 39098838 347456588 10965678800 1585736392 0 13623108 1628001224
======================
   8      16 sdb 21149678 259991 1837094104 42307596 39099400 347491893 10965965736 1585736744 0 13623320 1628001576
======================
   8      16 sdb 21149678 259991 1837094104 42307596 39099400 347491893 10965965736 1585736744 0 13623320 1628001576
======================
   8      16 sdb 21149678 259991 1837094104 42307596 39099400 347491893 10965965736 1585736744 0 13623320 1628001576
======================
   8      16 sdb 21149678 259991 1837094104 42307596 39099400 347491893 10965965736 1585736744 0 13623320 1628001576
======================
   8      16 sdb 21149678 259991 1837094104 42307596 39099400 347491893 10965965736 1585736744 0 13623320 1628001576
======================
   8      16 sdb 21149678 259991 1837094104 42307596 39099648 347507337 10966091272 1585736828 0 13623364 1628001660
======================
   8      16 sdb 21149678 259991 1837094104 42307596 39099648 347507337 10966091272 1585736828 0 13623364 1628001660
======================
   8      16 sdb 21149678 259991 1837094104 42307596 39099648 347507337 10966091272 1585736828 0 13623364 1628001660
======================
   8      16 sdb 21149678 259991 1837094104 42307596 39099648 347507337 10966091272 1585736828 0 13623364 1628001660
======================
   8      16 sdb 21149678 259991 1837094104 42307596 39099648 347507337 10966091272 1585736828 0 13623364 1628001660
======================
   8      16 sdb 21149678 259991 1837094104 42307596 39099898 347523018 10966218720 1585736936 0 13623408 1628001768
======================
   8      16 sdb 21149678 259991 1837094104 42307596 39100280 347541451 10966369240 1585738740 0 13623616 1628003568
======================
   8      16 sdb 21149678 259991 1837094104 42307596 39100704 347564130 10966540152 1585740756 40 13623868 1628005916
======================
   8      16 sdb 21149678 259991 1837094104 42307596 39101452 347599137 10966838056 1585744476 8 13624252 1628009328
======================
   8      16 sdb 21149678 259991 1837094104 42307596 39103876 347726155 10967873136 1585752952 8 13625256 1628017800
======================
   8      16 sdb 21149678 259991 1837094104 42307596 39106312 347844494 10968841616 1585763652 2 13626260 1628028440
======================
   8      16 sdb 21149678 259991 1837094104 42307596 39108505 347941578 10969635128 1585766444 3 13627264 1628031232
======================
   8      16 sdb 21149678 259991 1837094104 42307596 39110703 348038716 10970429944 1585769264 3 13628268 1628034028
======================
   8      16 sdb 21149678 259991 1837094104 42307596 39112889 348136110 10971226272 1585772128 4 13629268 1628036864
======================
   8      16 sdb 21149678 259991 1837094104 42307596 39113850 348189891 10971665320 1585773140 0 13629464 1628037860
======================
   8      16 sdb 21149678 259991 1837094104 42307596 39114468 348228738 10971981040 1585773544 0 13629720 1628038260
======================
   8      16 sdb 21149678 259991 1837094104 42307596 39114468 348228738 10971981040 1585773544 0 13629720 1628038260
======================
   8      16 sdb 21149678 259991 1837094104 42307596 39114468 348228738 10971981040 1585773544 0 13629720 1628038260
======================
   8      16 sdb 21149678 259991 1837094104 42307596 39114468 348228738 10971981040 1585773544 0 13629720 1628038260
======================
   8      16 sdb 21149678 259991 1837094104 42307596 39114468 348228738 10971981040 1585773544 0 13629720 1628038260
======================
   8      16 sdb 21149678 259991 1837094104 42307596 39114699 348243048 10972097360 1585773688 0 13629764 1628038404
======================
   8      16 sdb 21149678 259991 1837094104 42307596 39114699 348243048 10972097360 1585773688 0 13629764 1628038404
======================
   8      16 sdb 21149678 259991 1837094104 42307596 39114699 348243048 10972097360 1585773688 0 13629764 1628038404
======================
   8      16 sdb 21149678 259991 1837094104 42307596 39114699 348243048 10972097360 1585773688 0 13629764 1628038404
======================
   8      16 sdb 21149678 259991 1837094104 42307596 39114699 348243048 10972097360 1585773688 0 13629764 1628038404
======================
   8      16 sdb 21149678 259991 1837094104 42307596 39114948 348258625 10972223968 1585773792 0 13629812 1628038504
======================
   8      16 sdb 21149678 259991 1837094104 42307596 39114948 348258625 10972223968 1585773792 0 13629812 1628038504
======================
   8      16 sdb 21149678 259991 1837094104 42307596 39114948 348258625 10972223968 1585773792 0 13629812 1628038504
======================
   8      16 sdb 21149678 259991 1837094104 42307596 39114948 348258625 10972223968 1585773792 0 13629812 1628038504
======================
   8      16 sdb 21149678 259991 1837094104 42307596 39115166 348268533 10972304976 1585774120 0 13629916 1628038832
======================
   8      16 sdb 21149678 259991 1837094104 42307596 39115455 348286633 10972452088 1585774224 0 13629972 1628038932
======================
   8      16 sdb 21149678 259991 1837094104 42307596 39115455 348286633 10972452088 1585774224 0 13629972 1628038932
======================
   8      16 sdb 21149678 259991 1837094104 42307596 39115461 348287022 10972454296 1585774236 3 13629976 1628038944
======================
   8      16 sdb 21149678 259991 1837094104 42307596 39116115 348316030 10972692544 1585775116 0 13630284 1628039820
======================
   8      16 sdb 21149678 259991 1837094104 42307596 39116700 348349243 10972962472 1585775672 1 13630620 1628040376
======================
   8      16 sdb 21149678 259991 1837094104 42307596 39118706 348471208 10973954216 1585784080 1 13631620 1628048768
======================
   8      16 sdb 21149678 259991 1837094104 42307596 39122097 348593227 10974957480 1585798460 1 13632624 1628063140
======================
   8      16 sdb 21149678 259991 1837094104 42307596 39123733 348692565 10975765120 1585799816 2 13633628 1628064484
======================
   8      16 sdb 21149678 259991 1837094104 42307596 39125396 348792239 10976575960 1585801224 1 13634636 1628065880
======================
   8      16 sdb 21149678 259991 1837094104 42307596 39126529 348837622 10976948592 1585801868 0 13635044 1628066508
======================
   8      16 sdb 21149678 259991 1837094104 42307596 39127312 348886699 10977347464 1585802352 0 13635348 1628066988
======================
   8      16 sdb 21149678 259991 1837094104 42307596 39127312 348886699 10977347464 1585802352 0 13635348 1628066988
======================
   8      16 sdb 21149678 259991 1837094104 42307596 39127312 348886699 10977347464 1585802352 0 13635348 1628066988
======================
   8      16 sdb 21149678 259991 1837094104 42307596 39127312 348886699 10977347464 1585802352 0 13635348 1628066988
======================
   8      16 sdb 21149678 259991 1837094104 42307596 39127312 348886699 10977347464 1585802352 0 13635348 1628066988
======================
   8      16 sdb 21149678 259991 1837094104 42307596 39127687 348910125 10977537864 1585802528 0 13635416 1628067164
======================
   8      16 sdb 21149678 259991 1837094104 42307596 39127687 348910125 10977537864 1585802528 0 13635416 1628067164
======================
   8      16 sdb 21149678 259991 1837094104 42307596 39127687 348910125 10977537864 1585802528 0 13635416 1628067164
======================
   8      16 sdb 21149678 259991 1837094104 42307596 39127687 348910125 10977537864 1585802528 0 13635416 1628067164
======================
   8      16 sdb 21149678 259991 1837094104 42307596 39128018 348930678 10977704936 1585803096 0 13635624 1628067732
======================
   8      16 sdb 21149678 259991 1837094104 42307596 39128418 348955773 10977908896 1585803252 0 13635704 1628067884
======================
   8      16 sdb 21149678 259991 1837094104 42307596 39128418 348955773 10977908896 1585803252 0 13635704 1628067884
======================
   8      16 sdb 21149678 259991 1837094104 42307596 39128418 348955773 10977908896 1585803252 0 13635704 1628067884
======================
   8      16 sdb 21149678 259991 1837094104 42307596 39128418 348955773 10977908896 1585803252 0 13635704 1628067884
======================
   8      16 sdb 21149678 259991 1837094104 42307596 39128757 348975890 10978072544 1585803544 0 13635912 1628068168
======================
   8      16 sdb 21149678 259991 1837094104 42307596 39130474 349080148 10978920008 1585804768 1 13636840 1628069384
======================
   8      16 sdb 21149678 259991 1837094104 42307596 39132093 349177511 10979711496 1585806312 2 13637844 1628070904
======================
   8      16 sdb 21149678 259991 1837094104 42307596 39135110 349300597 10980720416 1585813216 2 13638848 1628077784
======================
   8      16 sdb 21149678 259991 1837094104 42307596 39136720 349400418 10981520784 1585814584 24 13639852 1628079328
======================
   8      16 sdb 21149678 259991 1837094104 42307596 39137693 349441034 10981865176 1585815588 0 13640200 1628080148
======================
   8      16 sdb 21149678 259991 1837094104 42307596 39138459 349488812 10982253504 1585816068 0 13640528 1628080612
======================
   8      16 sdb 21149678 259991 1837094104 42307596 39138459 349488812 10982253504 1585816068 0 13640528 1628080612
======================
   8      16 sdb 21149678 259991 1837094104 42307596 39138459 349488812 10982253504 1585816068 0 13640528 1628080612
======================
   8      16 sdb 21149678 259991 1837094104 42307596 39138459 349488812 10982253504 1585816068 0 13640528 1628080612
======================
   8      16 sdb 21149678 259991 1837094104 42307596 39138459 349488812 10982253504 1585816068 0 13640528 1628080612
======================
   8      16 sdb 21149678 259991 1837094104 42307596 39138806 349510406 10982429024 1585817048 0 13640592 1628081592
======================
   8      16 sdb 21149678 259991 1837094104 42307596 39138806 349510406 10982429024 1585817048 0 13640592 1628081592
======================
   8      16 sdb 21149678 259991 1837094104 42307596 39138806 349510406 10982429024 1585817048 0 13640592 1628081592
======================
   8      16 sdb 21149678 259991 1837094104 42307596 39138806 349510406 10982429024 1585817048 0 13640592 1628081592
======================
   8      16 sdb 21149678 259991 1837094104 42307596 39138968 349520304 10982509504 1585817184 0 13640696 1628081728
======================
   8      16 sdb 21149678 259991 1837094104 42307596 39139339 349543613 10982698944 1585817328 0 13640768 1628081872
======================
   8      16 sdb 21149678 259991 1837094104 42307596 39139339 349543613 10982698944 1585817328 0 13640768 1628081872
======================
   8      16 sdb 21149678 259991 1837094104 42307596 39139339 349543613 10982698944 1585817328 0 13640768 1628081872
======================
   8      16 sdb 21149678 259991 1837094104 42307596 39139339 349543613 10982698944 1585817328 0 13640768 1628081872
======================
   8      16 sdb 21149678 259991 1837094104 42307596 39139598 349560189 10982828360 1585817536 11 13640916 1628082120
======================
   8      16 sdb 21149678 259991 1837094104 42307596 39141537 349677829 10983789944 1585825116 1 13641916 1628089640
======================
   8      16 sdb 21149678 259991 1837094104 42307596 39143155 349775532 10984584384 1585826456 1 13642920 1628090964
======================
   8      16 sdb 21149678 259991 1837094104 42307596 39145690 349898129 10985585168 1585828096 2 13643924 1628092580
======================
   8      16 sdb 21149678 259991 1837094104 42307596 39147226 349991677 10986346056 1585829516 1 13644928 1628093972
======================
   8      16 sdb 21149678 259991 1837094104 42307596 39147713 350019240 10986569064 1585829896 4 13645152 1628094352
======================
   8      16 sdb 21149678 259991 1837094104 42307596 39148443 350064875 10986941872 1585830460 0 13645448 1628094908
======================
   8      16 sdb 21149678 259991 1837094104 42307596 39148443 350064875 10986941872 1585830460 0 13645448 1628094908
======================
   8      16 sdb 21149678 259991 1837094104 42307596 39148443 350064875 10986941872 1585830460 0 13645448 1628094908
======================
   8      16 sdb 21149678 259991 1837094104 42307596 39148443 350064875 10986941872 1585830460 0 13645448 1628094908
======================
   8      16 sdb 21149678 259991 1837094104 42307596 39148786 350086354 10987115184 1585830680 3 13645592 1628095120
======================
   8      16 sdb 21149678 259991 1837094104 42307596 39148964 350097293 10987205376 1585830752 0 13645624 1628095188
======================
   8      16 sdb 21149678 259991 1837094104 42307596 39148964 350097293 10987205376 1585830752 0 13645624 1628095188
======================
   8      16 sdb 21149678 259991 1837094104 42307596 39148964 350097293 10987205376 1585830752 0 13645624 1628095188
======================
   8      16 sdb 21149678 259991 1837094104 42307596 39148964 350097293 10987205376 1585830752 0 13645624 1628095188
======================
   8      16 sdb 21149678 259991 1837094104 42307596 39149696 350142335 10987571192 1585831444 1 13645972 1628095880
======================
   8      16 sdb 21149678 259991 1837094104 42307596 39151224 350235375 10988327728 1585832684 1 13646940 1628097108
======================
   8      16 sdb 21149678 259991 1837094104 42307596 39152764 350328943 10989088464 1585834032 1 13647944 1628098432
======================
   8      16 sdb 21149678 259991 1837094104 42307596 39155244 350447358 10990055624 1585835756 1 13648948 1628100120
======================
   8      16 sdb 21149678 259991 1837094104 42307596 39155589 350462310 10990178504 1585835972 0 13649048 1628100332
======================
   8      16 sdb 21149678 259991 1837094104 42307596 39155940 350484562 10990357200 1585836092 5 13649108 1628100448
======================
   8      16 sdb 21149678 259991 1837094104 42307596 39156229 350502382 10990504192 1585836292 0 13649244 1628100644
======================
   8      16 sdb 21149678 259991 1837094104 42307596 39156229 350502382 10990504192 1585836292 0 13649244 1628100644
======================
   8      16 sdb 21149678 259991 1837094104 42307596 39156229 350502382 10990504192 1585836292 0 13649244 1628100644
======================
   8      16 sdb 21149678 259991 1837094104 42307596 39156229 350502382 10990504192 1585836292 0 13649244 1628100644
======================
   8      16 sdb 21149678 259991 1837094104 42307596 39156592 350525121 10990689000 1585836424 0 13649308 1628100776
======================
   8      16 sdb 21149678 259991 1837094104 42307596 39156593 350525121 10990689008 1585836424 0 13649308 1628100776
======================
   8      16 sdb 21149678 259991 1837094104 42307596 39156593 350525121 10990689008 1585836424 0 13649308 1628100776
======================
   8      16 sdb 21149678 259991 1837094104 42307596 39156593 350525121 10990689008 1585836424 0 13649308 1628100776
======================
   8      16 sdb 21149678 259991 1837094104 42307596 39157230 350563172 10990998512 1585836972 0 13649724 1628101312
======================
   8      16 sdb 21149678 259991 1837094104 42307596 39157636 350588713 10991206088 1585837176 0 13649808 1628101512
======================
   8      16 sdb 21149678 259991 1837094104 42307596 39157637 350588713 10991206096 1585837176 0 13649808 1628101512
======================
   8      16 sdb 21149678 259991 1837094104 42307596 39157637 350588713 10991206096 1585837176 0 13649808 1628101512
======================
   8      16 sdb 21149678 259991 1837094104 42307596 39157637 350588713 10991206096 1585837176 0 13649808 1628101512
======================
   8      16 sdb 21149678 259991 1837094104 42307596 39157637 350588713 10991206096 1585837176 0 13649808 1628101512
======================
   8      16 sdb 21149678 259991 1837094104 42307596 39159507 350704026 10992138672 1585845648 10 13650768 1628110024
======================
   8      16 sdb 21149678 259991 1837094104 42307596 39161000 350794169 10992876248 1585847024 1 13651768 1628111340
======================
   8      16 sdb 21149678 259991 1837094104 42307596 39165283 350907700 10993818568 1585852632 2 13652772 1628116936
======================
   8      16 sdb 21149678 259991 1837094104 42307596 39166772 350997843 10994552024 1585853908 1 13653772 1628118192
======================
   8      16 sdb 21149678 259991 1837094104 42307596 39167584 351012172 10994673336 1585854316 0 13653868 1628118596
======================
   8      16 sdb 21149678 259991 1837094104 42307596 39168238 351053535 10995008184 1585854576 3 13653980 1628118848
======================
   8      16 sdb 21149678 259991 1837094104 42307596 39168264 351054943 10995020944 1585854676 0 13654080 1628118948
======================
   8      16 sdb 21149678 259991 1837094104 42307596 39168264 351054943 10995020944 1585854676 0 13654080 1628118948
======================
   8      16 sdb 21149678 259991 1837094104 42307596 39168264 351054943 10995020944 1585854676 0 13654080 1628118948
======================
   8      16 sdb 21149678 259991 1837094104 42307596 39168264 351054943 10995020944 1585854676 0 13654080 1628118948
======================
   8      16 sdb 21149678 259991 1837094104 42307596 39168697 351082146 10995242032 1585858948 0 13654200 1628123220
======================
   8      16 sdb 21149678 259991 1837094104 42307596 39168699 351082146 10995242040 1585858948 0 13654200 1628123220
======================
   8      16 sdb 21149678 259991 1837094104 42307596 39168699 351082146 10995242040 1585858948 0 13654200 1628123220
======================
   8      16 sdb 21149678 259991 1837094104 42307596 39168699 351082146 10995242040 1585858948 0 13654200 1628123220
======================
   8      16 sdb 21149678 259991 1837094104 42307596 39169480 351129183 10995624584 1585859640 0 13654720 1628123908
======================
   8      16 sdb 21149678 259991 1837094104 42307596 39169963 351159383 10995870040 1585859868 0 13654812 1628124136
======================
   8      16 sdb 21149678 259991 1837094104 42307596 39169963 351159383 10995870040 1585859868 0 13654812 1628124136
======================
   8      16 sdb 21149678 259991 1837094104 42307596 39169963 351159383 10995870040 1585859868 0 13654812 1628124136
======================
   8      16 sdb 21149678 259991 1837094104 42307596 39170485 351191672 10996132144 1585860568 1 13655164 1628124828
======================
   8      16 sdb 21149678 259991 1837094104 42307596 39172023 351285057 10996891504 1585861908 1 13656168 1628126156
======================
   8      16 sdb 21149678 259991 1837094104 42307596 39177570 351414250 10997969832 1585869156 0 13657140 1628133388
======================
   8      16 sdb 21149678 259991 1837094104 42307596 39179035 351503181 10998692592 1585870680 1 13658108 1628134904
======================
   8      16 sdb 21149678 259991 1837094104 42307596 39184456 351614658 10999627640 1585878328 2 13659112 1628142528
======================
   8      16 sdb 21149678 259991 1837094104 42307596 39185779 351689872 11000240016 1585879752 1 13660116 1628143952
======================
   8      16 sdb 21149678 259991 1837094104 42307596 39186456 351730777 11000573128 1585880320 0 13660340 1628144520
======================
   8      16 sdb 21149678 259991 1837094104 42307596 39186456 351730777 11000573128 1585880320 0 13660340 1628144520
======================
   8      16 sdb 21149678 259991 1837094104 42307596 39186456 351730777 11000573128 1585880320 0 13660340 1628144520
======================
   8      16 sdb 21149678 259991 1837094104 42307596 39186456 351730777 11000573128 1585880320 0 13660340 1628144520
======================
   8      16 sdb 21149678 259991 1837094104 42307596 39186456 351730777 11000573128 1585880320 0 13660340 1628144520
======================
   8      16 sdb 21149678 259991 1837094104 42307596 39186456 351730777 11000573128 1585880320 0 13660340 1628144520
======================
   8      16 sdb 21149678 259991 1837094104 42307596 39186456 351730777 11000573128 1585880320 0 13660340 1628144520
======================
   8      16 sdb 21149678 259991 1837094104 42307596 39186457 351730777 11000573128 1585880320 0 13660340 1628144520
======================
   8      16 sdb 21149678 259991 1837094104 42307596 39186457 351730777 11000573128 1585880320 0 13660340 1628144520
======================
   8      16 sdb 21149678 259991 1837094104 42307596 39186457 351730777 11000573128 1585880320 0 13660340 1628144520
======================
   8      16 sdb 21149678 259991 1837094104 42307596 39186457 351730777 11000573128 1585880320 0 13660340 1628144520
======================
   8      16 sdb 21149678 259991 1837094104 42307596 39186457 351730777 11000573128 1585880320 0 13660340 1628144520
======================
   8      16 sdb 21149678 259991 1837094104 42307596 39186457 351730777 11000573128 1585880320 0 13660340 1628144520
======================
   8      16 sdb 21149678 259991 1837094104 42307596 39186457 351730777 11000573128 1585880320 0 13660340 1628144520
======================
   8      16 sdb 21149678 259991 1837094104 42307596 39186457 351730777 11000573128 1585880320 0 13660340 1628144520
======================
   8      16 sdb 21149678 259991 1837094104 42307596 39186457 351730777 11000573128 1585880320 0 13660340 1628144520
======================
   8      16 sdb 21149678 259991 1837094104 42307596 39186457 351730777 11000573128 1585880320 0 13660340 1628144520
======================
   8      16 sdb 21149678 259991 1837094104 42307596 39186457 351730777 11000573128 1585880320 0 13660340 1628144520
======================
   8      16 sdb 21149800 259991 1837095074 42307760 39186475 351730777 11000573200 1585880320 0 13660344 1628144684
started
======================
   8      16 sdb 21149800 259991 1837095074 42307760 39186476 351730777 11000573200 1585880320 0 13660344 1628144684
======================
   8      16 sdb 21150993 262325 1837123618 42308908 39186476 351730777 11000573200 1585880320 1 13661016 1628145836
======================
   8      16 sdb 21154456 265579 1837178162 42311284 39186476 351730777 11000573200 1585880320 13 13662000 1628148208
======================
   8      16 sdb 21158229 268770 1837234642 42314536 39186476 351730777 11000573200 1585880320 1 13662996 1628151468
======================
   8      16 sdb 21161829 272079 1837290722 42317024 39186476 351730777 11000573200 1585880320 1 13663972 1628153948
======================
   8      16 sdb 21165816 275481 1837350690 42319772 39186476 351730777 11000573200 1585880320 1 13664960 1628156700
======================
   8      16 sdb 21170222 278528 1837411082 42322808 39186507 351732558 11000587696 1585880332 1 13665940 1628159764
======================
   8      16 sdb 21174159 281893 1837470594 42325972 39186507 351732558 11000587696 1585880332 31 13666924 1628163004
======================
   8      16 sdb 21178804 285041 1837533466 42329328 39186507 351732558 11000587696 1585880332 1 13667900 1628166288
======================
   8      16 sdb 21183407 288402 1837597978 42332928 39186507 351732558 11000587696 1585880332 1 13668892 1628169888
======================
   8      16 sdb 21187417 291654 1837656922 42335872 39186507 351732558 11000587696 1585880332 1 13669876 1628172824
======================
   8      16 sdb 21191465 295081 1837717554 42338072 39186554 351735453 11000611232 1585880548 1 13670852 1628175240
======================
   8      16 sdb 21195461 298665 1837779322 42340508 39186554 351735453 11000611232 1585880548 0 13671820 1628177672
======================
   8      16 sdb 21199416 301883 1837837290 42343168 39186554 351735453 11000611232 1585880548 1 13672784 1628180340
======================
   8      16 sdb 21203292 305332 1837896778 42345900 39186554 351735453 11000611232 1585880548 10 13673760 1628183116
======================
   8      16 sdb 21207717 308692 1837959906 42349588 39186554 351735453 11000611232 1585880548 1 13674744 1628186768
======================
   8      16 sdb 21210819 312857 1838018970 42351744 39186621 351739576 11000644752 1585880736 1 13675704 1628189104
======================
   8      16 sdb 21215053 316098 1838079578 42354044 39186621 351739576 11000644752 1585880736 1 13676668 1628191404
======================
   8      16 sdb 21218679 319501 1838136642 42356088 39186621 351739576 11000644752 1585880736 1 13677620 1628193464
======================
   8      16 sdb 21222051 322736 1838190314 42358600 39186621 351739576 11000644752 1585880736 1 13678596 1628195972
======================
   8      16 sdb 21224851 326249 1838241666 42360776 39186621 351739576 11000644752 1585880736 1 13679568 1628198140
======================
   8      16 sdb 21227494 329883 1838292802 42362772 39190894 351749237 11000756168 1585932928 145 13680520 1628257452
======================
   8      16 sdb 21230230 333536 1838345098 42364792 39196774 351749595 11000806048 1586069180 156 13681524 1628394828
======================
   8      16 sdb 21232588 337063 1838392842 42366476 39197893 351749720 11000816080 1586106396 1 13682440 1628429484
======================
   8      16 sdb 21235107 339779 1838435634 42367984 39197893 351749720 11000816080 1586106396 0 13683160 1628430988
======================
   8      16 sdb 21236105 340186 1838446986 42368324 39197893 351749720 11000816080 1586106396 0 13683312 1628431328
======================
   8      16 sdb 21236536 340186 1838450434 42368516 39198891 351812492 11001326240 1586106964 0 13683520 1628432080
======================
   8      16 sdb 21237011 340186 1838454234 42368572 39198891 351812492 11001326240 1586106964 0 13683576 1628432136
======================
   8      16 sdb 21237346 340186 1838456914 42368884 39199919 351877189 11001852040 1586107480 1 13683908 1628432952
======================
   8      16 sdb 21237863 340186 1838461050 42368968 39199919 351877189 11001852040 1586107480 1 13683992 1628433036
======================
   8      16 sdb 21237884 340186 1838461218 42368976 39211768 351941953 11002464912 1586188520 155 13684732 1628514308
======================
   8      16 sdb 21238154 340186 1838463378 42369076 39224700 351942006 11002568784 1586234860 0 13685164 1628560488
======================
   8      16 sdb 21242489 342069 1838513346 42372132 39224700 351942006 11002568784 1586234860 1 13685832 1628563548
======================
   8      16 sdb 21246415 345455 1838572650 42374672 39224700 351942006 11002568784 1586234860 1 13686776 1628566092
======================
   8      16 sdb 21249686 348682 1838625402 42377300 39224700 351942006 11002568784 1586234860 1 13687716 1628568716
======================
   8      16 sdb 21252750 351405 1838672658 42380128 39225441 351988591 11002947392 1586235336 9 13688664 1628572020
======================
   8      16 sdb 21255192 354451 1838717122 42381592 39231333 352006048 11003132328 1586285084 131 13689560 1628623344
======================
   8      16 sdb 21256303 355269 1838732986 42382872 39237897 352017108 11003275176 1586339376 0 13690060 1628678780
======================
   8      16 sdb 21256622 355269 1838735538 42382892 39241743 352081808 11003823544 1586349196 159 13690332 1628688852
======================
   8      16 sdb 21256929 355269 1838737994 42382960 39253069 352081815 11003914200 1586391864 1 13690692 1628731336
======================
   8      16 sdb 21257290 355269 1838740882 42383004 39254097 352146513 11004440008 1586392372 0 13690912 1628731888
======================
   8      16 sdb 21257375 355269 1838741562 42383340 39269372 352146519 11004562248 1586445016 0 13691624 1628784840
======================
   8      16 sdb 21257720 355269 1838744322 42383532 39291016 352170488 11004925880 1586516604 142 13692176 1628856924
======================
   8      16 sdb 21257941 355269 1838746090 42383976 39315835 352188639 11005270912 1586652616 0 13693164 1628993032
======================
   8      16 sdb 21258172 355269 1838747938 42384024 39316868 352253351 11005796856 1586653068 0 13693424 1628993524
======================
   8      16 sdb 21258630 355269 1838751602 42384080 39316935 352257601 11005831160 1586653108 1 13693492 1628993616
======================
   8      16 sdb 21258850 355269 1838753362 42384256 39317898 352318040 11006322600 1586653392 0 13693828 1628994076
======================
   8      16 sdb 21259312 355269 1838757058 42384376 39317985 352323771 11006367128 1586653424 4 13693964 1628994228
======================
   8      16 sdb 21259312 355269 1838757058 42384376 39339966 352382857 11007017672 1586742876 134 13694756 1629084336
======================
   8      16 sdb 21259614 355269 1838759474 42384488 39347227 352382879 11007075936 1586785628 1 13695164 1629126488
======================
   8      16 sdb 21263908 356830 1838806450 42387308 39347227 352382879 11007075936 1586785628 1 13695708 1629129308
======================
   8      16 sdb 21265355 358010 1838828002 42388152 39350316 352447586 11007618296 1586791764 159 13696308 1629136400
======================
   8      16 sdb 21265407 358010 1838828418 42388200 39377254 352447679 11007834544 1586910296 0 13697180 1629254828
======================
   8      16 sdb 21265876 358010 1838832170 42388264 39377254 352447679 11007834544 1586910296 1 13697244 1629254892
======================
   8      16 sdb 21266021 358010 1838833330 42388280 39390215 352512422 11008456176 1586967740 157 13697824 1629312688
======================
   8      16 sdb 21266264 358010 1838835274 42388400 39408221 352512497 11008600816 1587040028 0 13698404 1629384688
======================
   8      16 sdb 21266747 358010 1838839138 42388504 39408252 352514747 11008616688 1587040056 5 13698476 1629384820
======================
   8      16 sdb 21266747 358010 1838839138 42388504 39430853 352577254 11009299920 1587127196 150 13699268 1629472280
======================
   8      16 sdb 21267040 358010 1838841482 42388600 39443160 352577286 11009398632 1587170140 1 13699668 1629514956
======================
   8      16 sdb 21267406 358010 1838844410 42388656 39444188 352641998 11009924552 1587170848 0 13699896 1629515704
======================
   8      16 sdb 21267406 358010 1838844410 42388656 39472374 352642091 11010150784 1587293584 0 13700748 1629638396
======================
   8      16 sdb 21267433 358010 1838844626 42388704 39472376 352642091 11010150792 1587293584 0 13700796 1629638444
======================
   8      16 sdb 21267433 358010 1838844626 42388704 39472376 352642091 11010150792 1587293584 0 13700796 1629638444
