======================
   8      32 sdc 701356 9 168140300 2965036 4793542 7804631 2448769072 1062447708 0 8442628 1066073820
======================
   8      32 sdc 701356 9 168140300 2965036 4793542 7804631 2448769072 1062447708 0 8442628 1066073820
======================
   8      32 sdc 701845 9 168144212 2965060 4793542 7804631 2448769072 1062447708 0 8442652 1066073844
======================
   8      32 sdc 701845 9 168144212 2965060 4793542 7804631 2448769072 1062447708 0 8442652 1066073844
======================
   8      32 sdc 701883 9 168144516 2965284 4795547 7804631 2449795632 1062458552 11 8443068 1066084996
======================
   8      32 sdc 701886 9 168144540 2965396 4796670 7804631 2450370608 1062575116 141 8444012 1066210080
======================
   8      32 sdc 701887 9 168144548 2965440 4797459 7804631 2450774576 1062710640 151 8445016 1066352996
======================
   8      32 sdc 701888 9 168144556 2965488 4798117 7805138 2451110488 1062838016 138 8446020 1066483008
======================
   8      32 sdc 701890 9 168144572 2965500 4798797 7805602 2451440184 1062983700 128 8447024 1066626304
======================
   8      32 sdc 701891 9 168144580 2965512 4799237 7805602 2451665464 1063081692 135 8448024 1066766812
======================
   8      32 sdc 701891 9 168144580 2965512 4799237 7805602 2451665464 1063081692 135 8449028 1066902352
======================
   8      32 sdc 701891 9 168144580 2965512 4799528 7805602 2451814456 1063398912 132 8450032 1067041476
======================
   8      32 sdc 701892 9 168144588 2965548 4800171 7805610 2452143232 1063540652 139 8451036 1067183356
======================
   8      32 sdc 701893 9 168144596 2965556 4800787 7805610 2452458624 1063678324 75 8452040 1067320284
======================
   8      32 sdc 701893 9 168144596 2965556 4800787 7805610 2452458624 1063678324 75 8453044 1067395584
======================
   8      32 sdc 701896 9 168144620 2967580 4801509 7805610 2452828288 1063849436 152 8454048 1067479908
======================
   8      32 sdc 701899 9 168144644 2967652 4803052 7805610 2453618304 1063986752 145 8455052 1067623924
======================
   8      32 sdc 701901 9 168144660 2967720 4804292 7805610 2454253696 1064130172 154 8456056 1067767616
======================
   8      32 sdc 701902 9 168144668 2967752 4804836 7805610 2454531712 1064212336 122 8457060 1067902680
======================
   8      32 sdc 701902 9 168144668 2967752 4804836 7805610 2454531712 1064212336 122 8458064 1068025168
======================
   8      32 sdc 701905 9 168144692 2969232 4806356 7805610 2455309952 1064533488 138 8459068 1068165140
======================
   8      32 sdc 701907 9 168144708 2969304 4806991 7805610 2455635072 1064663484 142 8460072 1068309484
======================
   8      32 sdc 701907 9 168144708 2969304 4807383 7805610 2455835776 1064747024 135 8461072 1068449280
======================
   8      32 sdc 701908 9 168144716 2970712 4807696 7805610 2455996032 1064951720 141 8462076 1068585048
======================
   8      32 sdc 701909 9 168144724 2971388 4808389 7805610 2456350848 1065070856 153 8463080 1068736424
======================
   8      32 sdc 701913 9 168144756 2972172 4809574 7805610 2456957568 1065235788 151 8464084 1068885524
======================
   8      32 sdc 701914 9 168144764 2972204 4810048 7805610 2457200256 1065346000 157 8465088 1069032548
======================
   8      32 sdc 701915 9 168144772 2972244 4810867 7805610 2457619584 1065528232 138 8466092 1069176936
======================
   8      32 sdc 701916 9 168144780 2972496 4811360 7805610 2457872000 1065668864 157 8467096 1069318476
======================
   8      32 sdc 701917 9 168144788 2972528 4811982 7805610 2458190464 1065810460 144 8468100 1069462612
======================
   8      32 sdc 701918 9 168144796 2972568 4812502 7805610 2458456704 1065925560 136 8469104 1069604568
======================
   8      32 sdc 701918 9 168144796 2972568 4812502 7805610 2458456704 1065925560 136 8470108 1069741112
======================
   8      32 sdc 701921 9 168144820 2974064 4813910 7805610 2459177600 1066236544 135 8471112 1069884152
======================
   8      32 sdc 701922 9 168144828 2974096 4814543 7805610 2459501696 1066375488 143 8472116 1070028032
======================
   8      32 sdc 701923 9 168144836 2974144 4815063 7805610 2459767936 1066493504 135 8473116 1070170004
======================
   8      32 sdc 701925 9 168144852 2974772 4815823 7805610 2460157056 1066659676 142 8474120 1070310788
======================
   8      32 sdc 701926 9 168144860 2974828 4816083 7805610 2460290176 1066716236 139 8475124 1070452460
======================
   8      32 sdc 701928 9 168144876 2976292 4816797 7805610 2460655744 1066953552 128 8476128 1070592472
======================
   8      32 sdc 701930 9 168144892 2976340 4817728 7805610 2461132416 1067082740 157 8477132 1070736240
======================
   8      32 sdc 701931 9 168144900 2976380 4818396 7805610 2461474944 1067227352 129 8478136 1070879908
======================
   8      32 sdc 701932 9 168144908 2976604 4818910 7805610 2461737600 1067367856 159 8479140 1071022208
======================
   8      32 sdc 701933 9 168144916 2976636 4819530 7805610 2462055040 1067512668 147 8480144 1071167208
======================
   8      32 sdc 701935 9 168144932 2976680 4820192 7805610 2462393984 1067656668 157 8481148 1071310788
======================
   8      32 sdc 701936 9 168144940 2976720 4820857 7805610 2462734464 1067800948 132 8482148 1071453784
======================
   8      32 sdc 701937 9 168144948 2976756 4821528 7805610 2463078016 1067944620 133 8483152 1071597368
======================
   8      32 sdc 701938 9 168144956 2976800 4822168 7805610 2463405696 1068088648 133 8484156 1071740488
======================
   8      32 sdc 701939 9 168144964 2976860 4822781 7805610 2463719552 1068229760 97 8485160 1071882636
======================
   8      32 sdc 701941 9 168144980 2977008 4823425 7805610 2464049280 1068371840 156 8486164 1072025252
======================
   8      32 sdc 701942 9 168144988 2977156 4823822 7805610 2464252544 1068456084 80 8487168 1072139912
======================
   8      32 sdc 701942 9 168144988 2977156 4823822 7805610 2464252544 1068456084 80 8488168 1072219912
======================
   8      32 sdc 701944 9 168145004 2979284 4824774 7805610 2464739968 1068692368 152 8489172 1072350896
======================
   8      32 sdc 701947 9 168145028 2980000 4825967 7805610 2465350784 1068844568 142 8490176 1072499944
======================
   8      32 sdc 701948 9 168145036 2980032 4826615 7805610 2465682560 1068986920 134 8491180 1072643888
======================
   8      32 sdc 701949 9 168145044 2980064 4827251 7805610 2466008192 1069130304 138 8492184 1072787528
======================
   8      32 sdc 701950 9 168145052 2980112 4827872 7805610 2466326144 1069270708 126 8493188 1072930944
======================
   8      32 sdc 701950 9 168145052 2980112 4827872 7805610 2466326144 1069270708 126 8494192 1073057448
======================
   8      32 sdc 701951 9 168145060 2981584 4828359 7805610 2466575488 1069473532 151 8495196 1073198516
======================
   8      32 sdc 701954 9 168145084 2982308 4829795 7805610 2467310720 1069683996 154 8496200 1073343552
======================
   8      32 sdc 701956 9 168145100 2982376 4830427 7805610 2467634304 1069826704 130 8497204 1073487120
======================
   8      32 sdc 701957 9 168145108 2982416 4831084 7805610 2467970688 1069971836 145 8498204 1073630292
======================
   8      32 sdc 701959 9 168145124 2982564 4831597 7805610 2468233344 1070101796 136 8499212 1073767496
======================
   8      32 sdc 701960 9 168145132 2982632 4832346 7805610 2468616832 1070249376 150 8500216 1073909964
======================
   8      32 sdc 701961 9 168145140 2982668 4832971 7805610 2468936832 1070393488 147 8501216 1074052460
======================
   8      32 sdc 701961 9 168145140 2982668 4833022 7805610 2468962944 1070404864 96 8502220 1074151040
======================
   8      32 sdc 701964 9 168145164 2984436 4834137 7805610 2469533824 1070618636 132 8503224 1074272832
======================
   8      32 sdc 701965 9 168145172 2984460 4834780 7805610 2469863040 1070753988 129 8504228 1074416844
======================
   8      32 sdc 701966 9 168145180 2984492 4835403 7805610 2470182016 1070898148 146 8505232 1074560292
======================
   8      32 sdc 701967 9 168145188 2984544 4836041 7805610 2470508672 1071044328 149 8506236 1074704196
======================
   8      32 sdc 701968 9 168145196 2984600 4836581 7805610 2470785152 1071160268 121 8507236 1074842972
======================
   8      32 sdc 701968 9 168145196 2984600 4836581 7805610 2470785152 1071160268 121 8508240 1074964456
======================
   8      32 sdc 701971 9 168145220 2986116 4837975 7805610 2471498880 1071439876 134 8509244 1075102904
======================
   8      32 sdc 701973 9 168145236 2986176 4838624 7805610 2471831168 1071583120 157 8510248 1075246708
======================
   8      32 sdc 701974 9 168145244 2986208 4839173 7805610 2472112256 1071712724 89 8511252 1075384596
======================
   8      32 sdc 701974 9 168145244 2986208 4839173 7805610 2472112256 1071712724 89 8512256 1075473952
======================
   8      32 sdc 701975 9 168145252 2987624 4839636 7805610 2472349312 1071860832 138 8513268 1075599304
======================
   8      32 sdc 701977 9 168145268 2989028 4840645 7805610 2472865920 1072087108 153 8514272 1075749504
======================
   8      32 sdc 701978 9 168145276 2989960 4841157 7805610 2473128064 1072240272 153 8515276 1075902140
======================
   8      32 sdc 701979 9 168145284 2990692 4841669 7805610 2473390208 1072364084 153 8516276 1076054084
======================
   8      32 sdc 701980 9 168145292 2991416 4842184 7805610 2473653888 1072486320 150 8517280 1076205348
======================
   8      32 sdc 701983 9 168145316 2992200 4843522 7805610 2474338944 1072683912 155 8518284 1076350812
======================
   8      32 sdc 701983 9 168145316 2992200 4843720 7805610 2474440320 1072723520 150 8519288 1076499460
======================
   8      32 sdc 701986 9 168145340 2993640 4844820 7805610 2475003520 1072979004 137 8520292 1076647860
======================
   8      32 sdc 701987 9 168145348 2993676 4845425 7805610 2475313280 1073118340 140 8521296 1076791796
======================
   8      32 sdc 701988 9 168145356 2993716 4846095 7805610 2475656320 1073264292 142 8522300 1076935560
======================
   8      32 sdc 701989 9 168145364 2993756 4846765 7805610 2475999360 1073407740 144 8523304 1077079320
======================
   8      32 sdc 701990 9 168145372 2993836 4846848 7805610 2476041856 1073426372 94 8524304 1077178272
======================
   8      32 sdc 701993 9 168145396 2995320 4848032 7805610 2476648064 1073621624 157 8525308 1077295040
======================
   8      32 sdc 701994 9 168145404 2995352 4848651 7805610 2476964992 1073764984 146 8526312 1077438956
======================
   8      32 sdc 701995 9 168145412 2995392 4849300 7805610 2477297280 1073909768 137 8527316 1077582564
======================
   8      32 sdc 701997 9 168145428 2995492 4849934 7805610 2477621888 1074052012 146 8528320 1077726264
======================
   8      32 sdc 701998 9 168145436 2995532 4850554 7805610 2477939328 1074197624 131 8529324 1077870092
======================
   8      32 sdc 701999 9 168145444 2995560 4851223 7805610 2478281856 1074340352 134 8530324 1078013180
======================
   8      32 sdc 702000 9 168145452 2995648 4851878 7805610 2478617216 1074484148 144 8531328 1078155760
======================
   8      32 sdc 702002 9 168145468 2995788 4852509 7805610 2478940288 1074619792 128 8532332 1078293708
======================
   8      32 sdc 702003 9 168145476 2995820 4853146 7805610 2479266432 1074763296 131 8533336 1078437028
======================
   8      32 sdc 702004 9 168145484 2995944 4853782 7805610 2479592064 1074903240 150 8534340 1078577444
======================
   8      32 sdc 702005 9 168145492 2995976 4854430 7805610 2479923840 1075046988 160 8535344 1078720812
======================
   8      32 sdc 702008 9 168145516 2996096 4855022 7805610 2480226944 1075180488 143 8536348 1078864604
======================
   8      32 sdc 702009 9 168145524 2996132 4855700 7805610 2480574080 1075333660 137 8537352 1079008328
======================
   8      32 sdc 702010 9 168145532 2996156 4856338 7805610 2480900736 1075477840 139 8538356 1079152320
======================
   8      32 sdc 702011 9 168145540 2996196 4856992 7805610 2481235584 1075624188 158 8539360 1079295764
======================
   8      32 sdc 702013 9 168145556 2996340 4857600 7805610 2481546880 1075762568 154 8540364 1079437644
======================
   8      32 sdc 702013 9 168145556 2996340 4858115 7805610 2481810560 1075881072 59 8541368 1079560788
======================
   8      32 sdc 702013 9 168145556 2996340 4858115 7805610 2481810560 1075881072 59 8542372 1079620024
======================
   8      32 sdc 702016 9 168145580 2998460 4859177 7805610 2482354304 1076077408 148 8543376 1079740436
======================
   8      32 sdc 702018 9 168145596 2998504 4860179 7805610 2482867328 1076205996 138 8544376 1079884316
======================
   8      32 sdc 702019 9 168145604 2998544 4860843 7805610 2483207296 1076351104 146 8545380 1080028296
======================
   8      32 sdc 702020 9 168145612 2998576 4861458 7805610 2483522176 1076495352 139 8546388 1080172752
======================
   8      32 sdc 702021 9 168145620 2998640 4862103 7805610 2483852416 1076639792 140 8547388 1080315728
======================
   8      32 sdc 702022 9 168145628 2998732 4862200 7805610 2483902080 1076661172 70 8548392 1080393300
======================
   8      32 sdc 702022 9 168145628 2998732 4862200 7805610 2483902080 1076661172 70 8549396 1080463580
======================
   8      32 sdc 702026 9 168145660 3001088 4864024 7805610 2484835968 1076898840 133 8550400 1080577480
======================
   8      32 sdc 702026 9 168145660 3001088 4864167 7805610 2484909184 1076929752 151 8551404 1080727396
======================
   8      32 sdc 702027 9 168145668 3002524 4864677 7805610 2485170304 1077169460 153 8552408 1080878680
======================
   8      32 sdc 702028 9 168145676 3003264 4865189 7805610 2485432448 1077293896 153 8553412 1081031300
======================
   8      32 sdc 702029 9 168145684 3004004 4865701 7805610 2485694592 1077418596 153 8554416 1081183796
======================
   8      32 sdc 702032 9 168145708 3004804 4867174 7805610 2486448768 1077646452 151 8555420 1081328796
======================
   8      32 sdc 702034 9 168145724 3004860 4867828 7805610 2486783616 1077789488 137 8556424 1081472648
======================
   8      32 sdc 702035 9 168145732 3004884 4868473 7805610 2487113856 1077933304 132 8557428 1081616300
======================
   8      32 sdc 702035 9 168145732 3004884 4868799 7805610 2487280768 1078006204 127 8558432 1081751912
======================
   8      32 sdc 702036 9 168145740 3006340 4869286 7805610 2487530112 1078209324 152 8559436 1081880720
======================
   8      32 sdc 702040 9 168145772 3006420 4870404 7805610 2488102528 1078338988 153 8560440 1082025204
======================
   8      32 sdc 702041 9 168145780 3006448 4871023 7805610 2488419456 1078484680 142 8561444 1082168984
======================
   8      32 sdc 702042 9 168145788 3006476 4871651 7805610 2488740992 1078628692 154 8562448 1082312668
======================
   8      32 sdc 702042 9 168145788 3006476 4871871 7805610 2488853632 1078675652 127 8563452 1082445520
======================
   8      32 sdc 702045 9 168145812 3007368 4872980 7805610 2489421440 1078901880 137 8564456 1082587152
======================
   8      32 sdc 702046 9 168145820 3007400 4873622 7805610 2489750144 1079044680 135 8565460 1082730976
======================
   8      32 sdc 702047 9 168145828 3007448 4874097 7805610 2489993344 1079156148 140 8566464 1082873924
======================
   8      32 sdc 702048 9 168145836 3007488 4874879 7805610 2490393728 1079336312 129 8567468 1083018540
======================
   8      32 sdc 702050 9 168145852 3007584 4875550 7805610 2490737280 1079476564 154 8568472 1083161624
======================
   8      32 sdc 702050 9 168145852 3007584 4875988 7805610 2490961536 1079573032 106 8569476 1083292152
======================
   8      32 sdc 702050 9 168145852 3007584 4875988 7805610 2490961536 1079573032 106 8570480 1083398576
======================
   8      32 sdc 702051 9 168145860 3009104 4876477 7805610 2491211904 1079748496 129 8571484 1083526456
======================
   8      32 sdc 702054 9 168145884 3010732 4877478 7805610 2491724416 1079993376 152 8572488 1083675460
======================
   8      32 sdc 702055 9 168145892 3011456 4877989 7805610 2491986048 1080118688 153 8573492 1083827360
======================
   8      32 sdc 702056 9 168145900 3012192 4878501 7805610 2492248192 1080242612 153 8574496 1083979784
======================
   8      32 sdc 702057 9 168145908 3012932 4879013 7805610 2492510336 1080367008 153 8575500 1084132380
======================
   8      32 sdc 702059 9 168145924 3014404 4879688 7805610 2492855936 1080606288 149 8576500 1084283992
======================
   8      32 sdc 702060 9 168145932 3014428 4880543 7805610 2493293696 1080629652 159 8577504 1084440788
======================
   8      32 sdc 702063 9 168145956 3015904 4881696 7805610 2493884032 1080903392 157 8578508 1084594052
======================
   8      32 sdc 702063 9 168145956 3015904 4882087 7805610 2494084224 1080986328 151 8579512 1084740996
======================
   8      32 sdc 702063 9 168145956 3015904 4882087 7805610 2494084224 1080986328 151 8580516 1084892600
======================
   8      32 sdc 702066 9 168145980 3017372 4883608 7805610 2494862976 1081340612 133 8581520 1085036372
======================
   8      32 sdc 702068 9 168145996 3017448 4884236 7805610 2495184512 1081484880 145 8582524 1085180176
======================
   8      32 sdc 702069 9 168146004 3017480 4884902 7805610 2495525504 1081629164 151 8583528 1085324000
======================
   8      32 sdc 702071 9 168146020 3017620 4885549 7805610 2495856768 1081768992 158 8584532 1085464028
======================
   8      32 sdc 702073 9 168146036 3017708 4886209 7805610 2496194688 1081911376 157 8585536 1085607432
======================
   8      32 sdc 702073 9 168146036 3017708 4886744 7805610 2496468608 1082032668 102 8586536 1085743200
======================
   8      32 sdc 702073 9 168146036 3017708 4886744 7805610 2496468608 1082032668 102 8587540 1085845608
======================
   8      32 sdc 702076 9 168146060 3019496 4887960 7805610 2497091200 1082277140 133 8588544 1085972440
======================
   8      32 sdc 702077 9 168146068 3019532 4888603 7805610 2497420416 1082418852 130 8589548 1086116300
======================
   8      32 sdc 702078 9 168146076 3019576 4889234 7805610 2497743488 1082562228 139 8590552 1086260216
======================
   8      32 sdc 702080 9 168146092 3019660 4889883 7805610 2498075776 1082706588 136 8591556 1086403756
======================
   8      32 sdc 702081 9 168146100 3019688 4890538 7805610 2498411136 1082849320 147 8592564 1086547700
======================
   8      32 sdc 702082 9 168146108 3019764 4891156 7805610 2498727552 1082992980 151 8593568 1086689876
======================
   8      32 sdc 702083 9 168146116 3019824 4891800 7805610 2499057280 1083133744 148 8594572 1086832428
======================
   8      32 sdc 702085 9 168146132 3019924 4892435 7805610 2499382400 1083276732 147 8595576 1086975704
======================
   8      32 sdc 702087 9 168146148 3020088 4893064 7805610 2499704448 1083413320 154 8596580 1087112344
======================
   8      32 sdc 702088 9 168146156 3020112 4893716 7805610 2500038784 1083557796 137 8597584 1087256168
======================
   8      32 sdc 702089 9 168146164 3020152 4894337 7805610 2500356224 1083699768 156 8598584 1087398832
======================
   8      32 sdc 702091 9 168146180 3020252 4894994 7805610 2500692608 1083845412 146 8599588 1087544020
======================
   8      32 sdc 702092 9 168146188 3020480 4895512 7805610 2500957824 1083978960 133 8600592 1087685760
======================
   8      32 sdc 702093 9 168146196 3020508 4896118 7805610 2501268096 1084129896 135 8601596 1087829788
======================
   8      32 sdc 702094 9 168146204 3020536 4896731 7805610 2501581952 1084274368 130 8602600 1087973632
======================
   8      32 sdc 702095 9 168146212 3020572 4897384 7805610 2501916288 1084418508 149 8603604 1088117532
======================
   8      32 sdc 702097 9 168146228 3020708 4898011 7805610 2502237312 1084560516 136 8604604 1088260472
======================
   8      32 sdc 702098 9 168146236 3020772 4898665 7805610 2502572160 1084704760 127 8605608 1088403628
======================
   8      32 sdc 702099 9 168146244 3020840 4899306 7805610 2502900352 1084846528 134 8606612 1088546380
======================
   8      32 sdc 702099 9 168146244 3020840 4899537 7805610 2503018624 1084897864 77 8607620 1088643840
======================
   8      32 sdc 702101 9 168146260 3022400 4900484 7805610 2503503488 1085043356 154 8608624 1088734608
======================
   8      32 sdc 702101 9 168146260 3022400 4900484 7805610 2503503488 1085043356 154 8609628 1088889224
======================
   8      32 sdc 702103 9 168146276 3023748 4900996 7805610 2503765632 1085261640 154 8610632 1089042680
======================
   8      32 sdc 702105 9 168146292 3025228 4901756 7805610 2504155264 1085504808 129 8611636 1089194768
======================
   8      32 sdc 702107 9 168146308 3025960 4903039 7805610 2504811648 1085646512 159 8612660 1089349276
======================
   8      32 sdc 702109 9 168146324 3026200 4903597 7805610 2505097344 1085791392 144 8613684 1089498296
======================
   8      32 sdc 702110 9 168146332 3026224 4904239 7805610 2505426048 1085937060 142 8614688 1089642036
======================
   8      32 sdc 702111 9 168146340 3026256 4904888 7805610 2505758336 1086082220 133 8615692 1089784944
======================
   8      32 sdc 702111 9 168146340 3026256 4905118 7805610 2505876096 1086129768 128 8616696 1089918592
======================
   8      32 sdc 702113 9 168146356 3027824 4905966 7805610 2506310272 1086356932 143 8617700 1090049448
======================
   8      32 sdc 702115 9 168146372 3027876 4906759 7805610 2506716288 1086487180 150 8618704 1090193912
======================
   8      32 sdc 702116 9 168146380 3027912 4907407 7805610 2507048064 1086629468 142 8619708 1090338012
======================
   8      32 sdc 702117 9 168146388 3027952 4908061 7805610 2507382912 1086776028 128 8620712 1090481068
======================
   8      32 sdc 702119 9 168146404 3028092 4908708 7805610 2507714176 1086914016 122 8621716 1090621348
======================
   8      32 sdc 702121 9 168146420 3028280 4909308 7805610 2508021376 1087054776 153 8622720 1090759204
======================
   8      32 sdc 702121 9 168146420 3028280 4909776 7805610 2508260992 1087160700 78 8623724 1090883868
======================
   8      32 sdc 702121 9 168146420 3028280 4909776 7805610 2508260992 1087160700 78 8624724 1090961868
======================
   8      32 sdc 702124 9 168146444 3030012 4911069 7805610 2508923008 1087373760 128 8625728 1091082220
======================
   8      32 sdc 702125 9 168146452 3030040 4911707 7805610 2509249664 1087519216 157 8626732 1091227572
======================
   8      32 sdc 702127 9 168146468 3030116 4912348 7805610 2509577856 1087661104 134 8627736 1091370268
======================
   8      32 sdc 702127 9 168146468 3030116 4912804 7805610 2509811328 1087761680 122 8628740 1091507236
======================
   8      32 sdc 702127 9 168146468 3030116 4912804 7805610 2509811328 1087761680 122 8629744 1091629724
======================
   8      32 sdc 702129 9 168146484 3032348 4913576 7805610 2510206080 1088074896 150 8630748 1091771848
======================
   8      32 sdc 702132 9 168146508 3032424 4914838 7805610 2510852736 1088200976 135 8631752 1091914948
======================
   8      32 sdc 702133 9 168146516 3032456 4915486 7805610 2511184512 1088347732 135 8632756 1092058660
======================
   8      32 sdc 702135 9 168146532 3032572 4916121 7805610 2511509632 1088489548 130 8633756 1092200276
======================
   8      32 sdc 702135 9 168146532 3032572 4916414 7805610 2511659648 1088554368 96 8634760 1092316404
======================
   8      32 sdc 702137 9 168146548 3034080 4916999 7805610 2511959168 1088719120 150 8635764 1092417960
======================
   8      32 sdc 702139 9 168146564 3034128 4918040 7805610 2512492160 1088848904 133 8636768 1092561476
======================
   8      32 sdc 702140 9 168146572 3034156 4918545 7805610 2512750720 1088981736 140 8637772 1092705052
======================
   8      32 sdc 702141 9 168146580 3034208 4919158 7805610 2513064576 1089135888 135 8638776 1092848904
======================
   8      32 sdc 702142 9 168146588 3034236 4919822 7805610 2513404544 1089280064 143 8639780 1092992960
======================
   8      32 sdc 702143 9 168146596 3034316 4920485 7805610 2513744000 1089422736 121 8640780 1093134012
======================
   8      32 sdc 702144 9 168146604 3034396 4921017 7805610 2514016384 1089538232 101 8641784 1093267828
======================
   8      32 sdc 702144 9 168146604 3034396 4921017 7805610 2514016384 1089538232 101 8642788 1093369232
======================
   8      32 sdc 702145 9 168146612 3036660 4921105 7805610 2514061440 1089743304 146 8643792 1093471096
======================
   8      32 sdc 702147 9 168146628 3036708 4922517 7805610 2514784384 1089807740 137 8644796 1093609740
======================
   8      32 sdc 702151 9 168146660 3038172 4923606 7805610 2515341952 1090035712 135 8645800 1093749512
======================
   8      32 sdc 702152 9 168146668 3038204 4924260 7805610 2515676800 1090176276 153 8646804 1093893208
======================
   8      32 sdc 702153 9 168146676 3038240 4924903 7805610 2516006016 1090319996 150 8647808 1094037100
======================
   8      32 sdc 702154 9 168146684 3038300 4925550 7805610 2516337280 1090463648 143 8648808 1094180280
======================
   8      32 sdc 702155 9 168146692 3038364 4926127 7805610 2516632704 1090591748 111 8649812 1094319272
======================
   8      32 sdc 702155 9 168146692 3038364 4926127 7805610 2516632704 1090591748 111 8650816 1094430716
======================
   8      32 sdc 702156 9 168146700 3040092 4926613 7805610 2516881536 1090800136 137 8651820 1094553896
======================
   8      32 sdc 702159 9 168146724 3040844 4927932 7805610 2517556864 1090975440 129 8652824 1094694624
======================
   8      32 sdc 702160 9 168146732 3040872 4928585 7805610 2517891200 1091119388 148 8653828 1094837784
======================
   8      32 sdc 702161 9 168146740 3040904 4929175 7805610 2518193280 1091251176 135 8654832 1094980900
======================
   8      32 sdc 702161 9 168146740 3040904 4929175 7805610 2518193280 1091251176 135 8655836 1095116440
======================
   8      32 sdc 702164 9 168146764 3042684 4930489 7805610 2518866048 1091541424 132 8656840 1095259560
======================
   8      32 sdc 702165 9 168146772 3042716 4931126 7805610 2519192192 1091680964 135 8657844 1095403572
======================
   8      32 sdc 702167 9 168146788 3042800 4931714 7805610 2519493248 1091825600 156 8658848 1095546340
======================
   8      32 sdc 702168 9 168146796 3042828 4932252 7805610 2519768704 1091945556 130 8659848 1095687628
======================
   8      32 sdc 702168 9 168146796 3042828 4932252 7805610 2519768704 1091945556 130 8660852 1095818148
======================
   8      32 sdc 702171 9 168146820 3044300 4933671 7805610 2520495232 1092236216 150 8661856 1095958552
======================
   8      32 sdc 702172 9 168146828 3044332 4934287 7805610 2520810624 1092378372 143 8662860 1096102612
======================
   8      32 sdc 702174 9 168146844 3044404 4934888 7805610 2521118336 1092521512 149 8663864 1096246408
======================
   8      32 sdc 702175 9 168146852 3044444 4935539 7805610 2521451648 1092666732 138 8664868 1096389656
======================
   8      32 sdc 702176 9 168146860 3044496 4936188 7805610 2521783936 1092810256 129 8665872 1096533272
======================
   8      32 sdc 702177 9 168146868 3044532 4936824 7805610 2522109568 1092953928 133 8666876 1096677040
======================
   8      32 sdc 702178 9 168146876 3044556 4937374 7805610 2522391168 1093077864 128 8667880 1096818692
======================
   8      32 sdc 702180 9 168146892 3044832 4937977 7805610 2522699904 1093238824 132 8668884 1096962204
======================
   8      32 sdc 702181 9 168146900 3044864 4938602 7805610 2523019904 1093382584 147 8669888 1097106296
======================
   8      32 sdc 702183 9 168146916 3044980 4939216 7805610 2523334272 1093524648 136 8670892 1097248692
======================
   8      32 sdc 702184 9 168146924 3045048 4939846 7805610 2523656832 1093666116 153 8671896 1097390276
======================
   8      32 sdc 702186 9 168146940 3045164 4940468 7805610 2523975296 1093815040 155 8672900 1097529540
======================
   8      32 sdc 702187 9 168146948 3045268 4941120 7805610 2524309120 1093946340 146 8673904 1097669328
======================
   8      32 sdc 702188 9 168146956 3045352 4941754 7805610 2524633728 1094086708 132 8674908 1097810612
======================
   8      32 sdc 702189 9 168146964 3045436 4942400 7805610 2524964480 1094229552 147 8675912 1097953164
======================
   8      32 sdc 702190 9 168146972 3045544 4943046 7805610 2525295232 1094368072 88 8676916 1098089764
======================
   8      32 sdc 702192 9 168146988 3045704 4943656 7805610 2525607552 1094505608 149 8677920 1098228872
======================
   8      32 sdc 702193 9 168146996 3045740 4944267 7805610 2525920384 1094647128 146 8678924 1098372400
======================
   8      32 sdc 702193 9 168146996 3045740 4944533 7805610 2526056576 1094706876 137 8679928 1098512172
======================
   8      32 sdc 702196 9 168147020 3047200 4945546 7805610 2526575232 1094936452 147 8680932 1098650824
======================
   8      32 sdc 702197 9 168147028 3047232 4946233 7805610 2526926976 1095069412 132 8681936 1098795132
======================
   8      32 sdc 702198 9 168147036 3047500 4946577 7805610 2527103104 1095143904 141 8682940 1098938596
======================
   8      32 sdc 702198 9 168147036 3047500 4946577 7805610 2527103104 1095143904 141 8683944 1099080160
======================
   8      32 sdc 702201 9 168147060 3049056 4947948 7805610 2527805056 1095495544 145 8684948 1099223412
======================
   8      32 sdc 702202 9 168147068 3049084 4948595 7805610 2528136320 1095639304 138 8685952 1099367084
======================
   8      32 sdc 702204 9 168147084 3049156 4949227 7805610 2528459904 1095783540 146 8686956 1099511088
======================
   8      32 sdc 702205 9 168147092 3049232 4949870 7805610 2528789120 1095926956 155 8687960 1099654420
======================
   8      32 sdc 702206 9 168147100 3049284 4950516 7805610 2529119872 1096069548 150 8688964 1099797416
======================
   8      32 sdc 702207 9 168147108 3049324 4951146 7805610 2529442432 1096212232 147 8689968 1099940720
======================
   8      32 sdc 702208 9 168147116 3049364 4951744 7805610 2529748608 1096351236 94 8690972 1100081040
======================
   8      32 sdc 702208 9 168147116 3049364 4951744 7805610 2529748608 1096351236 94 8691976 1100175416
======================
   8      32 sdc 702209 9 168147124 3050932 4952207 7805610 2529985664 1096510952 143 8692980 1100297856
======================
   8      32 sdc 702212 9 168147148 3051640 4953632 7805610 2530715264 1096710864 157 8693980 1100440500
======================
   8      32 sdc 702214 9 168147164 3051736 4954270 7805610 2531041920 1096852252 128 8694984 1100584256
======================
   8      32 sdc 702216 9 168147180 3051824 4954905 7805610 2531367040 1096996280 149 8695988 1100726040
======================
   8      32 sdc 702217 9 168147188 3051852 4955546 7805610 2531695232 1097136124 130 8696992 1100862188
======================
   8      32 sdc 702218 9 168147196 3051884 4956198 7805610 2532029056 1097274872 136 8697996 1101005004
======================
   8      32 sdc 702219 9 168147204 3051948 4956819 7805610 2532347008 1097416048 131 8699000 1101147448
======================
   8      32 sdc 702220 9 168147212 3052064 4957400 7805610 2532644480 1097544956 70 8700004 1101276680
======================
   8      32 sdc 702222 9 168147228 3052856 4958106 7805610 2533005952 1097645320 131 8701008 1101376404
======================
   8      32 sdc 702223 9 168147236 3052888 4958770 7805610 2533345920 1097790952 139 8702012 1101520624
======================
   8      32 sdc 702224 9 168147244 3052912 4959382 7805610 2533659264 1097924824 136 8703016 1101664612
======================
   8      32 sdc 702224 9 168147244 3052912 4959382 7805610 2533659264 1097924824 136 8704020 1101801156
======================
   8      32 sdc 702227 9 168147268 3054504 4960634 7805610 2534300288 1098208268 131 8705024 1101941776
======================
   8      32 sdc 702228 9 168147276 3054532 4961286 7805610 2534634112 1098351912 151 8706028 1102085672
======================
   8      32 sdc 702229 9 168147284 3054576 4961931 7805610 2534964352 1098495544 147 8707032 1102229568
======================
   8      32 sdc 702231 9 168147300 3054700 4962414 7805610 2535211648 1098605808 142 8708036 1102371124
======================
   8      32 sdc 702233 9 168147316 3054768 4963201 7805610 2535614592 1098777844 144 8709040 1102511728
======================
   8      32 sdc 702234 9 168147324 3054804 4963852 7805610 2535947904 1098920548 154 8710044 1102654696
======================
   8      32 sdc 702235 9 168147332 3054844 4964477 7805610 2536267904 1099063664 128 8711048 1102797876
======================
   8      32 sdc 702237 9 168147348 3054964 4965097 7805610 2536585344 1099205992 130 8712052 1102940252
======================
   8      32 sdc 702238 9 168147356 3055204 4965595 7805610 2536840320 1099329952 137 8713056 1103079512
======================
   8      32 sdc 702239 9 168147364 3055232 4966236 7805610 2537168512 1099488664 129 8714060 1103222904
======================
   8      32 sdc 702240 9 168147372 3055276 4966875 7805610 2537495680 1099631972 130 8715064 1103366796
======================
   8      32 sdc 702241 9 168147380 3055328 4967516 7805610 2537823872 1099775736 130 8716068 1103510492
======================
   8      32 sdc 702243 9 168147396 3055396 4968156 7805610 2538151552 1099919340 129 8717072 1103653964
======================
   8      32 sdc 702243 9 168147396 3055396 4968589 7805610 2538373248 1100014216 113 8718072 1103786540
======================
   8      32 sdc 702243 9 168147396 3055396 4968589 7805610 2538373248 1100014216 113 8719076 1103899992
======================
   8      32 sdc 702245 9 168147412 3056952 4969578 7805610 2538879616 1100219296 148 8720080 1104042772
======================
   8      32 sdc 702247 9 168147428 3058376 4970083 7805610 2539138176 1100440464 155 8721084 1104192004
======================
   8      32 sdc 702250 9 168147452 3059108 4971280 7805610 2539751040 1100602836 141 8722088 1104341572
======================
   8      32 sdc 702251 9 168147460 3059140 4971938 7805610 2540087936 1100747668 155 8723092 1104485704
======================
   8      32 sdc 702252 9 168147468 3059180 4972563 7805610 2540407936 1100890208 138 8724096 1104629028
======================
   8      32 sdc 702254 9 168147484 3059296 4973192 7805610 2540729984 1101032936 149 8725100 1104772684
======================
   8      32 sdc 702255 9 168147492 3059352 4973843 7805610 2541063296 1101177336 140 8726100 1104915716
======================
   8      32 sdc 702256 9 168147500 3059388 4974480 7805610 2541389440 1101320928 141 8727108 1105059944
======================
   8      32 sdc 702257 9 168147508 3059416 4975117 7805610 2541715584 1101463732 144 8728112 1105203780
======================
   8      32 sdc 702259 9 168147524 3059532 4975764 7805610 2542046848 1101607024 147 8729116 1105346492
======================
   8      32 sdc 702260 9 168147532 3059628 4976404 7805610 2542374528 1101752876 145 8730116 1105489224
======================
   8      32 sdc 702261 9 168147540 3059796 4977038 7805610 2542699136 1101887044 154 8731120 1105626168
======================
   8      32 sdc 702262 9 168147548 3059840 4977269 7805610 2542817408 1101939388 137 8732128 1105766492
======================
   8      32 sdc 702264 9 168147564 3061324 4978039 7805610 2543211648 1102178144 134 8733128 1105904308
======================
   8      32 sdc 702266 9 168147580 3061368 4978907 7805610 2543656064 1102307768 130 8734132 1106048136
======================
   8      32 sdc 702267 9 168147588 3061404 4979554 7805610 2543987328 1102451616 155 8735136 1106191840
======================
   8      32 sdc 702268 9 168147596 3061432 4980043 7805610 2544237696 1102594620 146 8736140 1106335416
======================
   8      32 sdc 702269 9 168147604 3061460 4980691 7805610 2544569472 1102739364 138 8737144 1106479180
======================
   8      32 sdc 702270 9 168147612 3061492 4981343 7805610 2544903296 1102882340 159 8738148 1106622712
======================
   8      32 sdc 702271 9 168147620 3061556 4981925 7805610 2545201280 1103017424 89 8739152 1106761112
======================
   8      32 sdc 702271 9 168147620 3061556 4981925 7805610 2545201280 1103017424 89 8740156 1106850468
======================
   8      32 sdc 702274 9 168147644 3063156 4983198 7805610 2545853056 1103229176 159 8741160 1106971472
======================
   8      32 sdc 702275 9 168147652 3063188 4983665 7805610 2546092160 1103331092 140 8742164 1107114948
======================
   8      32 sdc 702277 9 168147668 3063252 4984514 7805610 2546526848 1103515404 155 8743164 1107257472
======================
   8      32 sdc 702279 9 168147684 3063376 4985124 7805610 2546839168 1103654436 135 8744168 1107397920
======================
   8      32 sdc 702279 9 168147684 3063376 4985493 7805610 2547028096 1103740524 105 8745172 1107524784
======================
   8      32 sdc 702279 9 168147684 3063376 4985493 7805610 2547028096 1103740524 105 8746176 1107630204
======================
   8      32 sdc 702281 9 168147700 3065680 4986438 7805610 2547511936 1104011316 151 8747180 1107741976
======================
   8      32 sdc 702283 9 168147716 3066476 4987504 7805610 2548057728 1104158940 142 8748184 1107892744
======================
   8      32 sdc 702285 9 168147732 3066536 4988147 7805610 2548386944 1104290656 138 8749188 1108036612
======================
   8      32 sdc 702286 9 168147740 3066584 4988799 7805610 2548720768 1104434780 158 8750192 1108180412
======================
   8      32 sdc 702287 9 168147748 3066644 4989430 7805610 2549043840 1104577444 135 8751192 1108323480
======================
   8      32 sdc 702288 9 168147756 3066680 4990055 7805610 2549363840 1104722656 151 8752196 1108467252
======================
   8      32 sdc 702290 9 168147772 3066772 4990680 7805610 2549683840 1104864432 133 8753200 1108610908
======================
   8      32 sdc 702291 9 168147780 3066804 4991311 7805610 2550006912 1105008684 142 8754204 1108754288
======================
   8      32 sdc 702292 9 168147788 3066872 4991962 7805610 2550340224 1105151492 142 8755208 1108897696
======================
   8      32 sdc 702293 9 168147796 3066928 4992603 7805610 2550668416 1105294396 140 8756212 1109040924
======================
   8      32 sdc 702296 9 168147820 3067116 4993218 7805610 2550983296 1105431512 155 8757216 1109177700
======================
   8      32 sdc 702297 9 168147828 3067152 4993854 7805610 2551308928 1105575148 143 8758216 1109320780
======================
   8      32 sdc 702298 9 168147836 3067188 4994500 7805610 2551639680 1105718308 153 8759220 1109464404
======================
   8      32 sdc 702299 9 168147844 3067244 4995110 7805610 2551952000 1105860892 151 8760224 1109608028
======================
   8      32 sdc 702301 9 168147860 3067340 4995752 7805610 2552280704 1106004500 149 8761228 1109751464
======================
   8      32 sdc 702302 9 168147868 3067388 4996416 7805610 2552620672 1106148888 130 8762232 1109894356
======================
   8      32 sdc 702303 9 168147876 3067484 4997079 7805610 2552960128 1106289888 136 8763236 1110036332
======================
   8      32 sdc 702304 9 168147884 3067608 4997717 7805610 2553286784 1106428792 156 8764240 1110176768
======================
   8      32 sdc 702306 9 168147900 3067680 4998322 7805610 2553596544 1106571520 139 8765240 1110319800
======================
   8      32 sdc 702307 9 168147908 3067716 4998951 7805610 2553918592 1106716764 150 8766244 1110463408
======================
   8      32 sdc 702308 9 168147916 3067752 4999408 7805610 2554152576 1106817668 141 8767248 1110606616
======================
   8      32 sdc 702309 9 168147924 3067820 5000240 7805610 2554578560 1107002732 148 8768252 1110749744
======================
   8      32 sdc 702309 9 168147924 3067820 5000340 7805610 2554629760 1107024900 106 8769256 1110860756
======================
   8      32 sdc 702313 9 168147956 3069404 5001500 7805610 2555223680 1107233076 129 8770260 1110980420
======================
   8      32 sdc 702313 9 168147956 3069404 5001830 7805610 2555392640 1107304052 152 8771264 1111128728
======================
   8      32 sdc 702314 9 168147964 3070864 5002128 7805610 2555545216 1107544532 141 8772268 1111280636
======================
   8      32 sdc 702316 9 168147980 3070904 5003265 7805610 2556127360 1107673432 156 8773272 1111424124
======================
   8      32 sdc 702318 9 168147996 3070964 5003894 7805610 2556449408 1107819164 135 8774272 1111568748
======================
   8      32 sdc 702319 9 168148004 3071024 5004545 7805610 2556782720 1107962300 159 8775276 1111712060
======================
   8      32 sdc 702320 9 168148012 3071072 5005192 7805610 2557113984 1108105184 149 8776280 1111855744
======================
   8      32 sdc 702320 9 168148012 3071072 5005450 7805610 2557246080 1108162744 116 8777284 1111982716
======================
   8      32 sdc 702322 9 168148028 3072592 5006250 7805610 2557655680 1108365984 147 8778288 1112103456
======================
   8      32 sdc 702324 9 168148044 3072640 5007101 7805610 2558091392 1108497248 128 8779292 1112246504
======================
   8      32 sdc 702325 9 168148052 3072672 5007719 7805610 2558407808 1108637356 150 8780296 1112390164
======================
   8      32 sdc 702325 9 168148052 3072672 5007991 7805610 2558547072 1108700972 135 8781300 1112529596
======================
   8      32 sdc 702328 9 168148076 3074176 5008562 7805610 2558839424 1108925248 139 8782304 1112665940
======================
   8      32 sdc 702330 9 168148092 3074232 5009608 7805610 2559374976 1109056464 149 8783308 1112810044
======================
   8      32 sdc 702331 9 168148100 3074272 5010271 7805610 2559714432 1109200816 158 8784312 1112953988
======================
   8      32 sdc 702332 9 168148108 3074304 5010901 7805610 2560036992 1109344144 136 8785312 1113098028
======================
   8      32 sdc 702332 9 168148108 3074304 5011072 7805610 2560124544 1109383732 126 8786316 1113229124
======================
   8      32 sdc 702335 9 168148132 3075180 5012166 7805610 2560684672 1109617516 151 8787320 1113372060
======================
   8      32 sdc 702336 9 168148140 3075220 5012810 7805610 2561014400 1109761456 147 8788324 1113515880
======================
   8      32 sdc 702337 9 168148148 3075252 5013451 7805610 2561342592 1109905136 146 8789328 1113659700
======================
   8      32 sdc 702338 9 168148156 3075304 5014101 7805610 2561675392 1110058192 142 8790332 1113801088
======================
   8      32 sdc 702340 9 168148172 3075412 5014745 7805610 2562005120 1110188572 142 8791336 1113943648
======================
   8      32 sdc 702340 9 168148172 3075412 5015200 7805610 2562238080 1110291464 94 8792340 1114071392
======================
   8      32 sdc 702340 9 168148172 3075412 5015200 7805610 2562238080 1110291464 94 8793344 1114165768
======================
   8      32 sdc 702344 9 168148204 3077008 5016615 7805610 2562962560 1110543992 150 8794348 1114300896
======================
   8      32 sdc 702344 9 168148204 3077008 5016679 7805610 2562995328 1110558504 151 8795348 1114451108
======================
   8      32 sdc 702347 9 168148228 3078496 5017859 7805610 2563599488 1110844004 154 8796352 1114598288
======================
   8      32 sdc 702348 9 168148236 3078528 5018371 7805610 2563861632 1110975028 154 8797356 1114742200
======================
   8      32 sdc 702349 9 168148244 3078572 5019027 7805610 2564197504 1111113520 241 8798360 1114929204
======================
   8      32 sdc 702349 9 168148244 3078572 5019294 7805610 2564334208 1111174612 96 8799364 1115068696
======================
   8      32 sdc 702351 9 168148260 3080268 5020293 7805610 2564845696 1111265672 121 8800368 1115173716
======================
   8      32 sdc 702353 9 168148276 3080456 5020893 7805610 2565152896 1111561504 132 8801372 1115321408
======================
   8      32 sdc 702353 9 168148276 3080456 5021438 7805610 2565431432 1111683440 1 8802376 1115427932
======================
   8      32 sdc 702353 9 168148276 3080456 5021438 7805610 2565431432 1111683440 1 8803380 1115428936
======================
   8      32 sdc 702356 9 168148300 3082768 5022805 7806051 2566130832 1111689960 2 8804384 1115436364
======================
   8      32 sdc 702356 9 168148300 3082768 5022982 7806051 2566221456 1111703456 1 8805388 1115450852
======================
   8      32 sdc 702358 9 168148316 3084456 5023494 7806051 2566483600 1111707016 1 8806392 1115455384
======================
   8      32 sdc 702361 9 168148340 3085336 5024681 7806051 2567091344 1111748000 133 8807396 1115512892
======================
   8      32 sdc 702362 9 168148348 3085404 5025333 7806051 2567425168 1111886940 132 8808400 1115650720
======================
   8      32 sdc 702363 9 168148356 3085572 5025937 7806063 2567734416 1112011324 119 8809400 1115782268
======================
   8      32 sdc 702363 9 168148356 3085572 5026056 7806063 2567794432 1112062596 1 8810404 1115812856
======================
   8      32 sdc 702365 9 168148372 3087424 5027080 7806063 2568318720 1112074400 1 8811404 1115825600
======================
   8      32 sdc 702365 9 168148372 3087424 5027080 7806063 2568318720 1112074400 1 8812408 1115826604
======================
   8      32 sdc 702368 9 168148396 3089048 5028350 7806063 2568968960 1112131336 156 8813408 1115899996
======================
   8      32 sdc 702369 9 168148404 3089120 5028980 7806072 2569291520 1112273004 117 8814412 1116041408
======================
   8      32 sdc 702371 9 168148420 3089224 5029597 7806072 2569606488 1112395880 133 8815416 1116164804
======================
   8      32 sdc 702372 9 168148428 3089292 5030242 7806072 2569936728 1112537996 139 8816420 1116306680
======================
   8      32 sdc 702373 9 168148436 3089360 5030892 7806072 2570269528 1112680524 140 8817424 1116449696
======================
   8      32 sdc 702374 9 168148444 3089616 5031178 7806072 2570415960 1112744044 1 8818428 1116497784
======================
   8      32 sdc 702375 9 168148452 3091040 5031690 7806072 2570678104 1112747420 1 8819432 1116502128
======================
   8      32 sdc 702377 9 168148468 3091836 5032716 7806082 2571202488 1112756860 1 8820436 1116512508
======================
   8      32 sdc 702377 9 168148468 3091836 5032716 7806082 2571202488 1112756860 1 8821440 1116513512
======================
   8      32 sdc 702380 9 168148492 3093476 5034007 7806082 2571863480 1112824024 131 8822440 1116595064
======================
   8      32 sdc 702381 9 168148500 3093540 5034673 7806082 2572204472 1112963568 92 8823444 1116734964
======================
   8      32 sdc 702381 9 168148500 3093540 5034764 7806082 2572251064 1112983892 1 8824448 1116742100
======================
   8      32 sdc 702384 9 168148524 3095212 5035971 7806094 2572868136 1113019804 144 8825448 1116787540
======================
   8      32 sdc 702385 9 168148532 3095284 5036581 7806094 2573180456 1113154880 153 8826452 1116930128
======================
   8      32 sdc 702385 9 168148532 3095284 5036814 7806094 2573299752 1113209980 1 8827456 1116969676
======================
   8      32 sdc 702387 9 168148548 3096980 5037818 7806094 2573813800 1113219640 21 8828460 1116982288
======================
   8      32 sdc 702387 9 168148548 3096980 5037838 7806094 2573824040 1113221988 1 8829464 1116983624
======================
   8      32 sdc 702388 9 168148556 3098532 5038350 7806094 2574086184 1113225432 1 8830468 1116988044
======================
   8      32 sdc 702391 9 168148580 3099348 5039420 7806554 2574614504 1113242416 0 8831016 1117005308
======================
   8      32 sdc 702391 9 168148580 3099348 5039420 7806554 2574614504 1113242416 0 8831016 1117005308
======================
   8      32 sdc 702391 9 168148580 3099348 5039420 7806554 2574614504 1113242416 0 8831016 1117005308
======================
   8      32 sdc 702391 9 168148580 3099348 5039420 7806554 2574614504 1113242416 0 8831016 1117005308
======================
   8      32 sdc 702391 9 168148580 3099348 5039420 7806554 2574614504 1113242416 0 8831016 1117005308
======================
   8      32 sdc 702629 9 168150478 3135460 5039444 7806554 2574614600 1113242416 0 8831264 1117041420
started
======================
   8      32 sdc 702636 9 168150534 3135520 5039445 7806554 2574614600 1113242416 0 8831292 1117041480
======================
   8      32 sdc 702718 9 168155582 3136068 5039445 7806554 2574614600 1113242416 1 8831844 1117042032
======================
   8      32 sdc 702869 9 168165246 3137040 5039445 7806554 2574614600 1113242416 1 8832808 1117042996
======================
   8      32 sdc 702935 9 168169470 3137484 5039445 7806554 2574614600 1113242416 1 8833800 1117043988
======================
   8      32 sdc 702938 9 168169662 3139032 5039445 7806554 2574614600 1113242416 1 8834804 1117044992
======================
   8      32 sdc 702939 9 168169726 3139960 5039445 7806554 2574614600 1113242416 1 8835808 1117045996
======================
   8      32 sdc 703042 9 168176350 3141032 5039448 7806555 2574614632 1113242416 1 8836804 1117046992
======================
   8      32 sdc 703186 9 168185678 3142012 5039448 7806555 2574614632 1113242416 1 8837784 1117047972
======================
   8      32 sdc 703331 9 168195046 3143000 5039448 7806555 2574614632 1113242416 1 8838776 1117048964
======================
   8      32 sdc 703469 9 168203926 3143952 5039448 7806555 2574614632 1113242416 1 8839724 1117049912
======================
   8      32 sdc 703615 9 168213270 3144928 5039448 7806555 2574614632 1113242416 1 8840700 1117050888
======================
   8      32 sdc 703757 9 168222406 3145920 5039448 7806555 2574614632 1113242416 1 8841696 1117051884
======================
   8      32 sdc 703897 9 168231366 3146908 5039448 7806555 2574614632 1113242416 1 8842684 1117052872
======================
   8      32 sdc 704008 9 168238470 3147900 5039448 7806555 2574614632 1113242416 1 8843672 1117053860
======================
   8      32 sdc 704151 9 168247622 3148888 5039448 7806555 2574614632 1113242416 1 8844660 1117054848
======================
   8      32 sdc 704294 9 168256774 3149872 5039448 7806555 2574614632 1113242416 1 8845644 1117055832
======================
   8      32 sdc 704448 9 168266630 3150852 5039448 7806555 2574614632 1113242416 1 8846632 1117056820
======================
   8      32 sdc 704589 9 168275654 3151836 5039448 7806555 2574614632 1113242416 1 8847612 1117057800
======================
   8      32 sdc 704728 9 168284550 3152824 5039448 7806555 2574614632 1113242416 1 8848596 1117058784
======================
   8      32 sdc 704874 9 168293894 3153788 5039448 7806555 2574614632 1113242416 1 8849564 1117059752
======================
   8      32 sdc 705008 9 168302470 3154764 5039448 7806555 2574614632 1113242416 1 8850544 1117060732
======================
   8      32 sdc 705151 9 168311622 3155752 5039448 7806555 2574614632 1113242416 1 8851524 1117061712
======================
   8      32 sdc 705286 9 168320262 3156716 5039448 7806555 2574614632 1113242416 1 8852500 1117062688
======================
   8      32 sdc 705429 9 168329414 3157712 5039448 7806555 2574614632 1113242416 1 8853484 1117063672
======================
   8      32 sdc 705582 9 168339334 3158688 5039448 7806555 2574614632 1113242416 1 8854460 1117064648
======================
   8      32 sdc 705731 9 168348870 3159684 5039448 7806555 2574614632 1113242416 1 8855456 1117065644
======================
   8      32 sdc 705881 9 168358470 3160652 5039448 7806555 2574614632 1113242416 1 8856428 1117066616
======================
   8      32 sdc 706025 9 168367686 3161632 5039448 7806555 2574614632 1113242416 1 8857404 1117067592
======================
   8      32 sdc 706171 9 168377030 3162620 5039448 7806555 2574614632 1113242416 1 8858396 1117068584
======================
   8      32 sdc 706314 9 168386182 3163612 5039448 7806555 2574614632 1113242416 1 8859384 1117069572
======================
   8      32 sdc 706456 9 168395270 3164600 5039448 7806555 2574614632 1113242416 1 8860380 1117070568
======================
   8      32 sdc 706597 9 168404294 3165588 5039448 7806555 2574614632 1113242416 1 8861368 1117071556
======================
   8      32 sdc 706741 9 168413510 3166576 5039448 7806555 2574614632 1113242416 1 8862352 1117072540
======================
   8      32 sdc 706895 9 168423366 3167560 5039448 7806555 2574614632 1113242416 1 8863344 1117073532
======================
   8      32 sdc 707039 9 168432582 3168556 5039448 7806555 2574614632 1113242416 1 8864332 1117074520
======================
   8      32 sdc 707191 9 168442310 3169544 5039448 7806555 2574614632 1113242416 1 8865316 1117075504
======================
   8      32 sdc 707335 9 168451526 3170516 5039448 7806555 2574614632 1113242416 1 8866292 1117076480
======================
   8      32 sdc 707472 9 168460294 3171496 5039449 7806555 2574614640 1113242424 1 8867272 1117077468
======================
   8      32 sdc 707621 9 168469830 3172480 5039449 7806555 2574614640 1113242424 1 8868252 1117078448
======================
   8      32 sdc 707759 9 168478662 3173448 5039449 7806555 2574614640 1113242424 1 8869228 1117079424
======================
   8      32 sdc 707907 9 168488134 3174424 5039449 7806555 2574614640 1113242424 1 8870196 1117080392
======================
   8      32 sdc 708059 9 168497862 3175404 5039449 7806555 2574614640 1113242424 1 8871184 1117081380
======================
   8      32 sdc 708203 9 168507078 3176404 5039449 7806555 2574614640 1113242424 1 8872180 1117082376
======================
   8      32 sdc 708342 9 168515974 3177392 5039449 7806555 2574614640 1113242424 1 8873172 1117083368
======================
   8      32 sdc 708490 9 168525446 3178384 5039449 7806555 2574614640 1113242424 1 8874160 1117084356
======================
   8      32 sdc 708636 9 168534790 3179376 5039449 7806555 2574614640 1113242424 1 8875152 1117085348
======================
   8      32 sdc 708778 9 168543878 3180352 5039449 7806555 2574614640 1113242424 1 8876132 1117086328
======================
   8      32 sdc 708922 9 168553094 3181348 5039449 7806555 2574614640 1113242424 1 8877128 1117087324
======================
   8      32 sdc 709065 9 168562246 3182348 5039449 7806555 2574614640 1113242424 1 8878124 1117088320
======================
   8      32 sdc 709208 9 168571398 3183344 5039449 7806555 2574614640 1113242424 1 8879116 1117089312
======================
   8      32 sdc 709361 9 168581190 3184316 5039449 7806555 2574614640 1113242424 1 8880092 1117090288
======================
   8      32 sdc 709500 9 168590086 3185296 5039449 7806555 2574614640 1113242424 1 8881076 1117091272
======================
   8      32 sdc 709649 9 168599622 3186288 5039449 7806555 2574614640 1113242424 1 8882060 1117092256
======================
   8      32 sdc 709794 9 168608902 3187280 5039449 7806555 2574614640 1113242424 1 8883052 1117093248
======================
   8      32 sdc 709943 9 168618438 3188252 5039449 7806555 2574614640 1113242424 1 8884024 1117094220
======================
   8      32 sdc 710093 9 168628038 3189228 5039449 7806555 2574614640 1113242424 1 8885008 1117095204
======================
   8      32 sdc 710232 9 168636934 3190208 5039449 7806555 2574614640 1113242424 1 8885984 1117096180
======================
   8      32 sdc 710367 9 168645574 3191188 5039449 7806555 2574614640 1113242424 1 8886964 1117097160
======================
   8      32 sdc 710511 9 168654790 3192180 5039449 7806555 2574614640 1113242424 1 8887960 1117098156
======================
   8      32 sdc 710650 9 168663686 3193164 5039449 7806555 2574614640 1113242424 1 8888936 1117099132
======================
   8      32 sdc 710800 9 168673286 3194152 5039449 7806555 2574614640 1113242424 1 8889928 1117100124
======================
   8      32 sdc 710944 9 168682502 3195132 5039449 7806555 2574614640 1113242424 1 8890908 1117101104
======================
   8      32 sdc 710991 9 168685510 3195448 5039449 7806555 2574614640 1113242424 0 8891220 1117101416
