======================
   8      16 sdb 5642228 1937 866744106 7716432 18712883 32799199 5072560936 694359816 0 6659008 702062504
======================
   8      16 sdb 5642228 1937 866744106 7716432 18712883 32799199 5072560936 694359816 0 6659008 702062504
======================
   8      16 sdb 5642749 1937 866748274 7716580 18712883 32799199 5072560936 694359816 0 6659028 702062652
======================
   8      16 sdb 5642749 1937 866748274 7716580 18712883 32799199 5072560936 694359816 0 6659028 702062652
======================
   8      16 sdb 5642749 1937 866748274 7716580 18716597 32799199 5074462504 694439272 126 6659676 702147204
======================
   8      16 sdb 5642749 1937 866748274 7716580 18718202 32799199 5075284264 694578308 147 6660680 702285972
======================
   8      16 sdb 5642749 1937 866748274 7716580 18719614 32799199 5076007208 694705400 143 6661684 702428940
======================
   8      16 sdb 5642751 1937 866748290 7716880 18721378 32799712 5076909944 694855084 153 6662696 702561668
======================
   8      16 sdb 5642751 1937 866748290 7716880 18723564 32799712 5078028672 694996216 144 6663700 702702944
======================
   8      16 sdb 5642751 1937 866748290 7716880 18725214 32799712 5078873472 695129940 127 6664704 702846924
======================
   8      16 sdb 5642751 1937 866748290 7716880 18726923 32800182 5079733096 695279680 145 6665708 702988072
======================
   8      16 sdb 5642752 1937 866748298 7716900 18728867 32800182 5080727912 695422624 130 6666712 703129588
======================
   8      16 sdb 5642752 1937 866748298 7716900 18732220 32800211 5082443872 695617996 130 6668088 703324884
======================
   8      16 sdb 5642752 1937 866748298 7716900 18734606 32800211 5083665504 695759760 141 6669092 703467924
======================
   8      16 sdb 5642753 1937 866748306 7716944 18736540 32800211 5084655712 695899916 136 6670096 703608400
======================
   8      16 sdb 5642753 1937 866748306 7716944 18738465 32800225 5085639912 696043300 131 6671104 703751520
======================
   8      16 sdb 5642753 1937 866748306 7716944 18740395 32800225 5086628072 696185944 153 6672108 703894736
======================
   8      16 sdb 5642753 1937 866748306 7716944 18742297 32800260 5087601168 696324900 146 6673108 704033176
======================
   8      16 sdb 5642754 1937 866748314 7717008 18744195 32800260 5088572944 696463816 154 6674112 704172300
======================
   8      16 sdb 5642754 1937 866748314 7717008 18746118 32800260 5089557520 696606456 151 6675116 704314892
======================
   8      16 sdb 5642754 1937 866748314 7717008 18748042 32800260 5090542608 696749236 147 6676120 704457848
======================
   8      16 sdb 5642754 1937 866748314 7717008 18749958 32800260 5091523600 696891436 151 6677120 704599576
======================
   8      16 sdb 5642755 1937 866748322 7717084 18751887 32800306 5092506576 697021708 154 6678124 704729928
======================
   8      16 sdb 5642755 1937 866748322 7717084 18753818 32800306 5093495248 697165024 143 6679132 704873464
======================
   8      16 sdb 5642755 1937 866748322 7717084 18755717 32800306 5094467536 697307876 132 6680136 705016512
======================
   8      16 sdb 5642755 1937 866748322 7717084 18757437 32800306 5095348176 697451248 140 6681140 705159652
======================
   8      16 sdb 5642756 1937 866748330 7717164 18759349 32800306 5096327120 697586944 151 6682148 705295204
======================
   8      16 sdb 5642756 1937 866748330 7717164 18761121 32800336 5097234120 697715992 149 6683148 705431232
======================
   8      16 sdb 5642756 1937 866748330 7717164 18762993 32800367 5098185272 697861256 141 6684152 705569676
======================
   8      16 sdb 5642756 1937 866748330 7717164 18764912 32800367 5099167800 698003952 142 6685156 705712460
======================
   8      16 sdb 5642757 1937 866748338 7717248 18766613 32800367 5100038712 698144732 8 6686164 705848100
======================
   8      16 sdb 5642757 1937 866748338 7717248 18768559 32800367 5101035064 698288256 143 6687168 705996344
======================
   8      16 sdb 5642757 1937 866748338 7717248 18770255 32800398 5101903160 698425008 152 6688176 706133900
======================
   8      16 sdb 5642757 1937 866748338 7717248 18772154 32800398 5102874944 698568260 142 6689180 706277212
======================
   8      16 sdb 5642757 1937 866748338 7717248 18773886 32800398 5103761728 698711140 138 6690184 706419948
======================
   8      16 sdb 5642758 1937 866748346 7717336 18775813 32800398 5104748352 698848336 155 6691188 706556684
======================
   8      16 sdb 5642758 1937 866748346 7717336 18777722 32800412 5105723352 698990172 134 6692196 706699868
======================
   8      16 sdb 5642758 1937 866748346 7717336 18779441 32800443 5106602720 699128396 150 6693200 706837116
======================
   8      16 sdb 5642758 1937 866748346 7717336 18781425 32800443 5107618528 699276120 150 6694236 706984608
======================
   8      16 sdb 5642759 1937 866748354 7717420 18783142 32800443 5108497632 699412740 146 6695248 707122036
======================
   8      16 sdb 5642759 1937 866748354 7717420 18785035 32800443 5109466848 699556716 141 6696256 707265660
======================
   8      16 sdb 5642759 1937 866748354 7717420 18786962 32800458 5110451072 699699468 134 6697256 707407708
======================
   8      16 sdb 5642759 1937 866748354 7717420 18788677 32800489 5111328896 699837332 154 6698260 707545740
======================
   8      16 sdb 5642760 1937 866748362 7717496 18790602 32800489 5112313992 699972752 152 6699264 707681332
======================
   8      16 sdb 5642760 1937 866748362 7717496 18792524 32800489 5113298056 700114812 150 6700268 707823464
======================
   8      16 sdb 5642760 1937 866748362 7717496 18794447 32800489 5114282632 700257124 147 6701272 707966016
======================
   8      16 sdb 5642760 1937 866748362 7717496 18796345 32800489 5115254408 700399260 137 6702276 708108000
======================
   8      16 sdb 5642761 1937 866748370 7717576 18798219 32800534 5116210224 700529880 154 6703276 708238036
======================
   8      16 sdb 5642761 1937 866748370 7717576 18799976 32800534 5117109808 700672484 158 6704280 708381452
======================
   8      16 sdb 5642761 1937 866748370 7717576 18801888 32800534 5118088752 700815752 134 6705284 708524404
======================
   8      16 sdb 5642761 1937 866748370 7717576 18803601 32800552 5118963432 700958876 149 6706288 708667784
======================
   8      16 sdb 5642762 1937 866748378 7717664 18805518 32800552 5119944936 701094236 143 6707292 708803508
======================
   8      16 sdb 5642762 1937 866748378 7717664 18807441 32800581 5120928736 701231312 150 6708292 708940056
======================
   8      16 sdb 5642762 1937 866748378 7717664 18809156 32800581 5121806816 701373256 131 6709296 709083296
======================
   8      16 sdb 5642762 1937 866748378 7717664 18811027 32800581 5122765280 701515588 148 6710300 709225632
======================
   8      16 sdb 5642762 1937 866748378 7717664 18812708 32800581 5123625440 701658912 1 6711308 709362556
======================
   8      16 sdb 5642763 1937 866748386 7717752 18814650 32800595 5124617336 701795984 131 6712312 709504724
======================
   8      16 sdb 5642763 1937 866748386 7717752 18816335 32800625 5125479288 701931736 148 6713316 709641176
======================
   8      16 sdb 5642763 1937 866748386 7717752 18818258 32800625 5126464376 702074936 145 6714320 709784268
======================
   8      16 sdb 5642763 1937 866748386 7717752 18819986 32800625 5127348600 702216748 145 6715324 709926240
======================
   8      16 sdb 5642764 1937 866748394 7717832 18821902 32800625 5128329592 702352744 153 6716328 710061760
======================
   8      16 sdb 5642764 1937 866748394 7717832 18823803 32800638 5129301496 702495272 140 6717328 710203996
======================
   8      16 sdb 5642764 1937 866748394 7717832 18825514 32800673 5130176800 702634312 136 6718352 710343544
======================
   8      16 sdb 5642764 1937 866748394 7717832 18827436 32800673 5131160864 702776684 134 6719356 710485780
======================
   8      16 sdb 5642765 1937 866748402 7717916 18829360 32800673 5132145952 702912488 131 6720356 710621360
======================
   8      16 sdb 5642765 1937 866748402 7717916 18831102 32800673 5133037856 703057312 149 6721372 710766184
======================
   8      16 sdb 5642765 1937 866748402 7717916 18833027 32800673 5134023456 703200276 144 6722380 710909228
======================
   8      16 sdb 5642765 1937 866748402 7717916 18834770 32800722 5134912736 703336512 135 6723384 711046072
======================
   8      16 sdb 5642766 1937 866748410 7717992 18836543 32800722 5135820008 703472976 130 6724388 711183132
======================
   8      16 sdb 5642766 1937 866748410 7717992 18838377 32800722 5136759016 703617324 152 6725392 711326624
======================
   8      16 sdb 5642766 1937 866748410 7717992 18840188 32800722 5137686248 703760460 133 6726392 711469348
======================
   8      16 sdb 5642766 1937 866748410 7717992 18842035 32800722 5138631912 703903008 142 6727396 711612020
======================
   8      16 sdb 5642767 1937 866748418 7718080 18843968 32800791 5139616112 704032752 156 6728400 711742036
======================
   8      16 sdb 5642767 1937 866748418 7718080 18845728 32800791 5140517232 704170772 156 6729400 711883528
======================
   8      16 sdb 5642767 1937 866748418 7718080 18847604 32800791 5141477744 704317264 136 6730404 712026360
======================
   8      16 sdb 5642767 1937 866748418 7718080 18849503 32800791 5142450032 704459744 151 6731408 712169076
======================
   8      16 sdb 5642768 1937 866748426 7718160 18851213 32800791 5143325552 704598964 146 6732408 712303796
======================
   8      16 sdb 5642768 1937 866748426 7718160 18853140 32800823 5144311424 704732028 139 6733416 712441432
======================
   8      16 sdb 5642768 1937 866748426 7718160 18855063 32800823 5145296000 704874364 136 6734416 712583332
======================
   8      16 sdb 5642768 1937 866748426 7718160 18857002 32800823 5146288768 705018076 149 6735428 712727064
======================
   8      16 sdb 5642769 1937 866748434 7718248 18858930 32800839 5147275904 705155900 133 6736436 712863948
======================
   8      16 sdb 5642769 1937 866748434 7718248 18860630 32800839 5148143912 705296572 129 6737440 713006244
======================
   8      16 sdb 5642769 1937 866748434 7718248 18862523 32800871 5149113392 705433416 153 6738440 713143004
======================
   8      16 sdb 5642769 1937 866748434 7718248 18864423 32800871 5150085176 705576588 142 6739444 713286368
======================
   8      16 sdb 5642769 1937 866748434 7718248 18866344 32800871 5151068728 705719700 141 6740448 713429748
======================
   8      16 sdb 5642770 1937 866748442 7718332 18868263 32800871 5152051256 705855208 129 6741448 713564844
======================
   8      16 sdb 5642770 1937 866748442 7718332 18870187 32800888 5153034464 706001472 151 6742452 713710928
======================
   8      16 sdb 5642770 1937 866748442 7718332 18871916 32800917 5153918936 706143092 128 6743456 713853292
======================
   8      16 sdb 5642770 1937 866748442 7718332 18873751 32800917 5154858456 706286380 149 6744460 713996296
======================
   8      16 sdb 5642771 1937 866748450 7718412 18875532 32800917 5155770328 706423376 156 6745472 714133084
======================
   8      16 sdb 5642771 1937 866748450 7718412 18877415 32800917 5156734424 706566164 129 6746480 714275684
======================
   8      16 sdb 5642771 1937 866748450 7718412 18879345 32800928 5157720152 706708960 151 6747488 714418888
======================
   8      16 sdb 5642771 1937 866748450 7718412 18881270 32800963 5158705024 706846056 132 6748492 714556020
======================
   8      16 sdb 5642772 1937 866748458 7718484 18883195 32800963 5159690624 706982144 153 6749496 714692228
======================
   8      16 sdb 5642772 1937 866748458 7718484 18885116 32800963 5160674176 707124968 152 6750500 714834888
======================
   8      16 sdb 5642772 1937 866748458 7718484 18886840 32800963 5161556864 707268220 156 6751508 714977688
======================
   8      16 sdb 5642772 1937 866748458 7718484 18888659 32800963 5162488192 707407056 129 6752516 715121028
======================
   8      16 sdb 5642773 1937 866748466 7718572 18890457 32800993 5163408000 707539720 155 6753516 715249348
======================
   8      16 sdb 5642773 1937 866748466 7718572 18892390 32801027 5164391920 707678260 155 6754524 715388288
======================
   8      16 sdb 5642773 1937 866748466 7718572 18894311 32801027 5165375984 707820708 154 6755528 715530940
======================
   8      16 sdb 5642773 1937 866748466 7718572 18896233 32801027 5166359536 707963444 152 6756528 715673264
======================
   8      16 sdb 5642774 1937 866748474 7718656 18898155 32801027 5167343600 708099300 132 6757532 715809296
======================
   8      16 sdb 5642774 1937 866748474 7718656 18899845 32801061 5168208144 708232144 149 6758532 715945304
======================
   8      16 sdb 5642774 1937 866748474 7718656 18901776 32801061 5169196816 708378248 147 6759536 716088132
======================
   8      16 sdb 5642774 1937 866748474 7718656 18903495 32801061 5170076944 708520888 156 6760540 716231004
======================
   8      16 sdb 5642775 1937 866748482 7718740 18905416 32801061 5171060496 708656608 137 6761540 716366432
======================
   8      16 sdb 5642775 1937 866748482 7718740 18907139 32801061 5171942672 708800156 142 6762544 716510060
======================
   8      16 sdb 5642775 1937 866748482 7718740 18909069 32801107 5172926160 708936960 151 6763548 716647272
======================
   8      16 sdb 5642775 1937 866748482 7718740 18910771 32801107 5173797584 709079328 145 6764548 716789804
======================
   8      16 sdb 5642776 1937 866748490 7718820 18912686 32801107 5174778064 709218672 130 6765552 716925716
======================
   8      16 sdb 5642776 1937 866748490 7718820 18914608 32801107 5175762128 709358068 128 6766552 717067840
======================
   8      16 sdb 5642776 1937 866748490 7718820 18916339 32801107 5176648400 709501316 153 6767560 717211236
======================
   8      16 sdb 5642776 1937 866748490 7718820 18918253 32801175 5177622864 709638020 142 6768564 717348052
======================
   8      16 sdb 5642776 1937 866748490 7718820 18920156 32801175 5178597200 709780848 140 6769568 717490624
======================
   8      16 sdb 5642777 1937 866748498 7718904 18922087 32801175 5179585872 709916648 133 6770576 717626788
======================
   8      16 sdb 5642777 1937 866748498 7718904 18923977 32801175 5180553552 710057196 131 6771580 717769372
======================
   8      16 sdb 5642777 1937 866748498 7718904 18925706 32801175 5181438800 710201360 130 6772584 717911452
======================
   8      16 sdb 5642777 1937 866748498 7718904 18927624 32801208 5182420072 710338108 130 6773584 718048056
======================
   8      16 sdb 5642778 1937 866748506 7718984 18929544 32801208 5183403112 710473124 134 6774588 718183452
======================
   8      16 sdb 5642778 1937 866748506 7718984 18931443 32801208 5184375400 710615728 155 6775592 718326036
======================
   8      16 sdb 5642778 1937 866748506 7718984 18933125 32801208 5185236584 710756024 137 6776592 718466200
======================
   8      16 sdb 5642778 1937 866748506 7718984 18935042 32801227 5186216728 710899260 140 6777596 718609224
======================
   8      16 sdb 5642779 1937 866748514 7719068 18936815 32801257 5187123736 711029644 146 6778600 718739944
======================
   8      16 sdb 5642779 1937 866748514 7719068 18938677 32801257 5188077080 711172312 140 6779604 718882708
======================
   8      16 sdb 5642779 1937 866748514 7719068 18940402 32801257 5188960280 711315100 143 6780604 719025868
======================
   8      16 sdb 5642779 1937 866748514 7719068 18942295 32801257 5189929496 711457752 138 6781608 719168516
======================
   8      16 sdb 5642780 1937 866748522 7719172 18944018 32801257 5190811672 711590972 154 6782608 719301056
======================
   8      16 sdb 5642780 1937 866748522 7719172 18945726 32801303 5191683008 711728016 148 6783612 719438996
======================
   8      16 sdb 5642780 1937 866748522 7719172 18947629 32801303 5192657344 711870684 133 6784616 719581564
======================
   8      16 sdb 5642780 1937 866748522 7719172 18949551 32801303 5193641408 712013152 131 6785616 719723620
======================
   8      16 sdb 5642781 1937 866748530 7719260 18951264 32801318 5194514552 712147640 132 6786620 719858876
======================
   8      16 sdb 5642781 1937 866748530 7719260 18953176 32801318 5195493496 712289996 140 6787624 720000900
======================
   8      16 sdb 5642785 1969 866748818 7719432 18954957 32801350 5196405120 712425672 129 6788624 720136492
======================
   8      16 sdb 5642785 1969 866748818 7719432 18956736 32801350 5197315464 712572328 135 6789628 720283584
======================
   8      16 sdb 5642785 1969 866748818 7719432 18958636 32801350 5198288264 712714348 125 6790632 720425308
======================
   8      16 sdb 5642786 1969 866748826 7719508 18960558 32801350 5199272328 712849864 147 6791636 720561100
======================
   8      16 sdb 5642786 1969 866748826 7719508 18962427 32801350 5200229256 712989440 134 6792636 720702996
======================
   8      16 sdb 5642786 1969 866748826 7719508 18964181 32801380 5201126536 713128288 149 6793640 720839168
======================
   8      16 sdb 5642786 1969 866748826 7719508 18966104 32801380 5202111112 713271044 155 6794644 720982140
======================
   8      16 sdb 5642787 1969 866748834 7719592 18968027 32801380 5203095688 713406612 136 6795648 721117764
======================
   8      16 sdb 5642787 1969 866748834 7719592 18969922 32801380 5204065928 713549432 129 6796652 721260696
======================
   8      16 sdb 5642787 1969 866748834 7719592 18971822 32801380 5205038728 713692336 149 6797652 721403164
======================
   8      16 sdb 5642787 1969 866748834 7719592 18973744 32801410 5206022024 713829292 149 6798656 721540172
======================
   8      16 sdb 5642788 1969 866748842 7719676 18975282 32801481 5206798952 713935684 0 6799448 721641520
======================
   8      16 sdb 5642788 1969 866748842 7719676 18975283 32801481 5206798952 713935684 0 6799448 721641520
======================
   8      16 sdb 5642788 1969 866748842 7719676 18975283 32801481 5206798952 713935684 0 6799448 721641520
======================
   8      16 sdb 5642788 1969 866748842 7719676 18975283 32801481 5206798952 713935684 0 6799448 721641520
======================
   8      16 sdb 5642788 1969 866748842 7719676 18975283 32801481 5206798952 713935684 0 6799448 721641520
======================
   8      16 sdb 5642788 1969 866748842 7719676 18975283 32801481 5206798952 713935684 0 6799448 721641520
started
======================
   8      16 sdb 5642788 1969 866748842 7719676 18975283 32801481 5206798952 713935684 0 6799448 721641520
======================
   8      16 sdb 5643942 1969 866758074 7720840 18975283 32801481 5206798952 713935684 0 6799504 721642684
======================
   8      16 sdb 5643942 1969 866758074 7720840 18975283 32801481 5206798952 713935684 0 6799504 721642684
======================
   8      16 sdb 5643942 1969 866758074 7720840 18975283 32801481 5206798952 713935684 0 6799504 721642684
