======================
   8      16 sdb 1848653 9 366218568 874620 4649326 4042700 2376592120 308094736 0 2822372 308955096
======================
   8      16 sdb 1848653 9 366218568 874620 4649326 4042700 2376592120 308094736 0 2822372 308955096
======================
   8      16 sdb 1849142 9 366222480 874628 4649326 4042700 2376592120 308094736 0 2822380 308955104
======================
   8      16 sdb 1849142 9 366222480 874628 4649326 4042700 2376592120 308094736 0 2822380 308955104
======================
   8      16 sdb 1849181 9 366222792 874656 4651876 4042700 2377897720 308117668 107 2822624 308978552
======================
   8      16 sdb 1849186 9 366222832 874896 4654168 4042700 2379071224 308211956 128 2823516 309077656
======================
   8      16 sdb 1849190 9 366222864 875204 4656092 4042700 2380056312 308336444 74 2824520 309197532
======================
   8      16 sdb 1849194 9 366222896 875392 4657878 4043215 2380970328 308456604 145 2825524 309321668
======================
   8      16 sdb 1849198 9 366222928 875404 4659717 4043215 2381911896 308584268 136 2826528 309464064
======================
   8      16 sdb 1849201 9 366222952 875428 4661356 4043215 2382751064 308706848 158 2827528 309606484
======================
   8      16 sdb 1849204 9 366222976 875488 4662728 4043215 2383453528 308864760 131 2828532 309751268
======================
   8      16 sdb 1849208 9 366223008 875564 4664614 4043215 2384419160 309023756 135 2829536 309888852
======================
   8      16 sdb 1849212 9 366223040 875680 4666309 4043215 2385287000 309162376 143 2830540 310028016
======================
   8      16 sdb 1849215 9 366223064 875792 4668230 4043215 2386271064 309297960 142 2831544 310164920
======================
   8      16 sdb 1849220 9 366223104 875984 4670433 4043215 2387398488 309432728 144 2832548 310297232
======================
   8      16 sdb 1849226 9 366223152 876200 4672962 4043248 2388692592 309559664 149 2833548 310423164
======================
   8      16 sdb 1849230 9 366223184 876352 4675266 4043719 2389853328 309690416 140 2834552 310557408
======================
   8      16 sdb 1849234 9 366223216 876552 4677189 4043719 2390837904 309821880 154 2835556 310688856
======================
   8      16 sdb 1849237 9 366223240 876720 4679094 4043719 2391813264 309953788 81 2836560 310820952
======================
   8      16 sdb 1849242 9 366223280 876960 4681006 4043719 2392791704 310074564 145 2837564 310942476
======================
   8      16 sdb 1849246 9 366223312 877224 4682909 4043771 2393764944 310195848 131 2838568 311064068
======================
   8      16 sdb 1849250 9 366223344 877508 4684829 4043771 2394747984 310320588 150 2839572 311185148
======================
   8      16 sdb 1849253 9 366223368 877728 4686753 4043771 2395732568 310441404 107 2840576 311309784
======================
   8      16 sdb 1849258 9 366223408 878060 4688678 4043789 2396716800 310556020 129 2841580 311425096
======================
   8      16 sdb 1849262 9 366223440 878296 4690603 4043789 2397702400 310677900 142 2842584 311547444
======================
   8      16 sdb 1849266 9 366223472 878540 4692524 4043811 2398685120 310798804 154 2843588 311664184
======================
   8      16 sdb 1849269 9 366223496 878768 4694423 4043827 2399656528 310919896 124 2844588 311789164
======================
   8      16 sdb 1849274 9 366223536 879092 4696323 4043827 2400629328 311031780 140 2845588 311901548
======================
   8      16 sdb 1849278 9 366223568 879384 4698243 4043827 2401612368 311151284 133 2846588 312020720
======================
   8      16 sdb 1849281 9 366223592 879604 4700167 4043827 2402597456 311275000 12 2847592 312141036
======================
   8      16 sdb 1849285 9 366223624 879892 4702093 4043850 2403582744 311387836 136 2848592 312258464
======================
   8      16 sdb 1849290 9 366223664 880224 4704018 4043867 2404567472 311502840 129 2849596 312373836
======================
   8      16 sdb 1849294 9 366223696 880524 4705937 4043867 2405550000 311622020 157 2850600 312493460
======================
   8      16 sdb 1849298 9 366223728 880820 4707833 4043867 2406520752 311747444 29 2851604 312613928
======================
   8      16 sdb 1849301 9 366223752 881056 4709735 4043867 2407494576 311867816 144 2852608 312739800
======================
   8      16 sdb 1849306 9 366223792 881348 4711653 4043891 2408475776 311984264 156 2853608 312856240
======================
   8      16 sdb 1849310 9 366223824 881652 4713581 4043907 2409461024 312104104 153 2854608 312976076
======================
   8      16 sdb 1849313 9 366223848 881880 4715504 4043907 2410445600 312229120 13 2855612 313097408
======================
   8      16 sdb 1849317 9 366223880 882184 4717423 4043907 2411428128 312348680 142 2856616 313221664
======================
   8      16 sdb 1849322 9 366223920 882500 4719347 4043907 2412413216 312461468 150 2857620 313334740
======================
   8      16 sdb 1849326 9 366223952 882728 4721251 4043929 2413387232 312583740 140 2858624 313456656
======================
   8      16 sdb 1849329 9 366223976 882964 4723151 4043946 2414359160 312708064 50 2859624 313579360
======================
   8      16 sdb 1849333 9 366224008 883260 4725064 4043946 2415338616 312826184 132 2860620 313700268
======================
   8      16 sdb 1849338 9 366224048 883572 4726995 4043946 2416327288 312938776 151 2861624 313812836
======================
   8      16 sdb 1849342 9 366224080 883876 4728918 4043946 2417311864 313059756 149 2862624 313933024
======================
   8      16 sdb 1849345 9 366224104 884112 4730838 4043968 2418294072 313177560 45 2863628 314049780
======================
   8      16 sdb 1849349 9 366224136 884404 4732762 4043984 2419278280 313296392 149 2864628 314171260
======================
   8      16 sdb 1849354 9 366224176 884732 4734627 4043984 2420233160 313408208 139 2865632 314285816
======================
   8      16 sdb 1849358 9 366224208 885024 4736560 4043984 2421222856 313531776 140 2866632 314403980
======================
   8      16 sdb 1849361 9 366224232 885236 4738480 4043984 2422205896 313652336 85 2867636 314527372
======================
   8      16 sdb 1849365 9 366224264 885536 4740402 4044007 2423189136 313767908 141 2868640 314644336
======================
   8      16 sdb 1849370 9 366224304 885852 4742327 4044024 2424173864 313881520 139 2869644 314758160
======================
   8      16 sdb 1849374 9 366224336 886144 4744246 4044024 2425156392 314002992 156 2870636 314876628
======================
   8      16 sdb 1849377 9 366224360 886336 4746165 4044024 2426138920 314126436 84 2871640 315002264
======================
   8      16 sdb 1849381 9 366224392 886644 4748064 4044024 2427111208 314246212 147 2872644 315123452
======================
   8      16 sdb 1849386 9 366224432 886936 4749964 4044047 2428083184 314357208 148 2873648 315234604
======================
   8      16 sdb 1849390 9 366224464 887232 4751888 4044063 2429066888 314481392 29 2874652 315353900
======================
   8      16 sdb 1849393 9 366224488 887456 4753818 4044063 2430055048 314600820 84 2875660 315477984
======================
   8      16 sdb 1849397 9 366224520 887728 4755741 4044063 2431039624 314721980 155 2876664 315600468
======================
   8      16 sdb 1849402 9 366224560 888064 4757659 4044063 2432021640 314836384 141 2877668 315715292
======================
   8      16 sdb 1849406 9 366224592 888364 4759581 4044086 2433004880 314953132 146 2878664 315828944
======================
   8      16 sdb 1849409 9 366224616 888588 4761482 4044103 2433977320 315074804 104 2879668 315953496
======================
   8      16 sdb 1849413 9 366224648 888888 4763378 4044103 2434948072 315194096 137 2880664 316073484
======================
   8      16 sdb 1849418 9 366224688 889212 4765294 4044103 2435929064 315307640 147 2881664 316186952
======================
   8      16 sdb 1849422 9 366224720 889504 4767218 4044103 2436914152 315431908 21 2882664 316306624
======================
   8      16 sdb 1849425 9 366224744 889728 4769145 4044126 2437899952 315548624 123 2883668 316428840
======================
   8      16 sdb 1849429 9 366224776 890032 4771065 4044143 2438882120 315668568 135 2884672 316549412
======================
   8      16 sdb 1849434 9 366224816 890352 4772985 4044143 2439865160 315782856 148 2885672 316663092
======================
   8      16 sdb 1849437 9 366224840 890576 4774886 4044143 2440838472 315906696 16 2886676 316783720
======================
   8      16 sdb 1849441 9 366224872 890876 4776806 4044143 2441821512 316025868 144 2887676 316907104
======================
   8      16 sdb 1849445 9 366224904 891132 4778703 4044166 2442791952 316142020 147 2888676 317023728
======================
   8      16 sdb 1849450 9 366224944 891460 4780627 4044182 2443775656 316258208 154 2889676 317138592
======================
   8      16 sdb 1849453 9 366224968 891692 4782550 4044182 2444760232 316380320 37 2890680 317259620
======================
   8      16 sdb 1849457 9 366225000 891996 4784470 4044182 2445743272 316498940 143 2891680 317381548
======================
   8      16 sdb 1849461 9 366225032 892292 4786388 4044182 2446725288 316617724 144 2892680 317500220
======================
   8      16 sdb 1849466 9 366225072 892620 4788307 4044205 2447707504 316728204 130 2893684 317609732
======================
   8      16 sdb 1849469 9 366225096 892840 4790199 4044222 2448674824 316851236 72 2894684 317733164
======================
   8      16 sdb 1849473 9 366225128 893140 4792100 4044222 2449648136 316969744 133 2895688 317853368
======================
   8      16 sdb 1849477 9 366225160 893448 4794023 4044222 2450632712 317089140 129 2896688 317973028
======================
   8      16 sdb 1849482 9 366225200 893776 4795937 4044222 2451612680 317208232 154 2897688 318087520
======================
   8      16 sdb 1849485 9 366225224 893988 4797858 4044245 2452595408 317325208 95 2898688 318209172
======================
   8      16 sdb 1849489 9 366225256 894284 4799783 4044262 2453580136 317443896 137 2899692 318328468
======================
   8      16 sdb 1849493 9 366225288 894572 4801707 4044262 2454565224 317561756 130 2900692 318446608
======================
   8      16 sdb 1849498 9 366225328 894912 4803591 4044262 2455529832 317679748 11 2901696 318559644
======================
   8      16 sdb 1849501 9 366225352 895144 4805489 4044262 2456501608 317797612 137 2902692 318683200
======================
   8      16 sdb 1849505 9 366225384 895372 4807424 4044285 2457491504 317914564 144 2903696 318800036
======================
   8      16 sdb 1849509 9 366225416 895676 4809348 4044301 2458475208 318033572 142 2904700 318919100
======================
   8      16 sdb 1849513 9 366225448 895916 4811268 4044301 2459458248 318153924 4 2905704 319035032
======================
   8      16 sdb 1849517 9 366225480 896212 4813190 4044301 2460442312 318271600 130 2906704 319157916
======================
   8      16 sdb 1849521 9 366225512 896516 4815108 4044301 2461424328 318390640 141 2907708 319277272
======================
   8      16 sdb 1849525 9 366225544 896816 4817016 4044324 2462400400 318503692 145 2908708 319389940
======================
   8      16 sdb 1849529 9 366225576 897060 4818924 4044341 2463376424 318623884 32 2909716 319507944
======================
   8      16 sdb 1849533 9 366225608 897348 4820848 4044341 2464361512 318740944 135 2910720 319628680
======================
   8      16 sdb 1849537 9 366225640 897644 4822767 4044341 2465344040 318859660 135 2911724 319747720
======================
   8      16 sdb 1849541 9 366225672 897940 4824687 4044341 2466327080 318978548 135 2912720 319866300
======================
   8      16 sdb 1849546 9 366225712 898124 4826608 4044365 2467310320 319107020 156 2913724 319995148
======================
   8      16 sdb 1849550 9 366225744 898148 4828526 4044365 2468292336 319249592 150 2914728 320137876
======================
   8      16 sdb 1849553 9 366225768 898184 4830424 4044365 2469264112 319391756 148 2915732 320280324
======================
   8      16 sdb 1849557 9 366225800 898248 4832324 4044365 2470236912 319533312 152 2916732 320421292
======================
   8      16 sdb 1849562 9 366225840 898380 4834219 4044365 2471207152 319671004 142 2917736 320558696
======================
   8      16 sdb 1849565 9 366225864 898464 4836139 4044365 2472190192 319811412 151 2918740 320699836
======================
   8      16 sdb 1849569 9 366225896 898588 4838059 4044365 2473173232 319947948 131 2919744 320836612
======================
   8      16 sdb 1849573 9 366225928 898736 4839982 4044365 2474157808 320084832 138 2920748 320973564
======================
   8      16 sdb 1849577 9 366225960 898916 4841904 4044400 2475141144 320214236 63 2921752 321101596
======================
   8      16 sdb 1849581 9 366225992 899116 4843822 4044417 2476121784 320345384 157 2922756 321234672
======================
   8      16 sdb 1849585 9 366226024 899340 4845720 4044417 2477093560 320472276 150 2923760 321361432
======================
   8      16 sdb 1849589 9 366226056 899572 4847623 4044417 2478067896 320600544 134 2924764 321487008
======================
   8      16 sdb 1849593 9 366226088 899796 4849543 4044417 2479050432 320722056 108 2925764 321611328
======================
   8      16 sdb 1849597 9 366226120 900044 4851465 4044467 2480032376 320838420 146 2926768 321728264
======================
   8      16 sdb 1849601 9 366226152 900332 4853389 4044483 2481016584 320958284 150 2927772 321848520
======================
   8      16 sdb 1849605 9 366226184 900624 4855299 4044483 2481994504 321080592 159 2928772 321966956
======================
   8      16 sdb 1849609 9 366226216 900872 4857231 4044483 2482983688 321197984 107 2929776 322089216
======================
   8      16 sdb 1849613 9 366226248 901180 4859131 4044483 2483956488 321315716 137 2930776 322207504
======================
   8      16 sdb 1849617 9 366226280 901472 4861034 4044506 2484930000 321428260 155 2931776 322319616
======================
   8      16 sdb 1849620 9 366226304 901704 4862959 4044523 2485914728 321551572 15 2932780 322439532
======================
   8      16 sdb 1849625 9 366226344 902028 4864879 4044523 2486897768 321666956 138 2933784 322559580
======================
   8      16 sdb 1849629 9 366226376 902324 4866798 4044523 2487880296 321782380 130 2934784 322675192
======================
   8      16 sdb 1849633 9 366226408 902624 4868716 4044523 2488862824 321898296 153 2935784 322790708
======================
   8      16 sdb 1849636 9 366226432 902852 4870643 4044547 2489848120 322020840 13 2936792 322909856
======================
   8      16 sdb 1849641 9 366226472 903176 4872546 4044564 2490821080 322136904 154 2937792 323030268
======================
   8      16 sdb 1849645 9 366226504 903476 4874440 4044564 2491790808 322249144 131 2938796 323143108
======================
   8      16 sdb 1849649 9 366226536 903772 4876357 4044564 2492772312 322369292 134 2939800 323261748
======================
   8      16 sdb 1849652 9 366226560 904008 4878281 4044564 2493757400 322493292 58 2940804 323385872
======================
   8      16 sdb 1849657 9 366226600 904288 4880206 4044587 2494742176 322605216 143 2941808 323500088
======================
   8      16 sdb 1849661 9 366226632 904604 4882123 4044587 2495724192 322723432 130 2942812 323618580
======================
   8      16 sdb 1849665 9 366226664 904896 4884047 4044587 2496708768 322843156 149 2943812 323737216
======================
   8      16 sdb 1849668 9 366226688 905116 4885949 4044587 2497682592 322965688 72 2944812 323860240
======================
   8      16 sdb 1849673 9 366226728 905436 4887870 4044587 2498666144 323080076 134 2945816 323976184
======================
   8      16 sdb 1849677 9 366226760 905724 4889766 4044610 2499636072 323190244 138 2946812 324086240
======================
   8      16 sdb 1849681 9 366226792 906020 4891690 4044610 2500621160 323311724 134 2947816 324204644
======================
   8      16 sdb 1849684 9 366226816 906248 4893608 4044610 2501603176 323434612 95 2948820 324330156
======================
   8      16 sdb 1849688 9 366226848 906488 4895252 4044672 2502438328 323534624 0 2949672 324426208
======================
   8      16 sdb 1849688 9 366226848 906488 4895252 4044672 2502438328 323534624 0 2949672 324426208
======================
   8      16 sdb 1849688 9 366226848 906488 4895252 4044672 2502438328 323534624 0 2949672 324426208
======================
   8      16 sdb 1849688 9 366226848 906488 4895252 4044672 2502438328 323534624 0 2949672 324426208
======================
   8      16 sdb 1849688 9 366226848 906488 4895252 4044672 2502438328 323534624 0 2949672 324426208
======================
   8      16 sdb 1849688 9 366226848 906488 4895252 4044672 2502438328 323534624 0 2949672 324426208
======================
started
   8      16 sdb 1849815 9 366227858 906608 4895267 4044672 2502438384 323534624 0 2949676 324426328
======================
   8      16 sdb 1849815 9 366227858 906608 4895267 4044672 2502438384 323534624 0 2949676 324426328
======================
   8      16 sdb 1852025 9 366792378 907668 4895267 4044672 2502438384 323534624 1 2950428 324427388
======================
   8      16 sdb 1854646 9 367463354 908944 4895267 4044672 2502438384 323534624 1 2951344 324428664
======================
   8      16 sdb 1857261 9 368132794 910208 4895267 4044672 2502438384 323534624 1 2952256 324429924
======================
   8      16 sdb 1859858 9 368797626 911436 4895267 4044672 2502438384 323534624 2 2953176 324431144
======================
   8      16 sdb 1862500 9 369473978 912688 4895267 4044672 2502438384 323534624 2 2954100 324432396
======================
   8      16 sdb 1865125 10 370146234 913944 4895270 4044673 2502438416 323534688 1 2955044 324433716
======================
   8      16 sdb 1867763 10 370821562 915172 4895270 4044673 2502438416 323534688 1 2955972 324434944
======================
   8      16 sdb 1870398 10 371496122 916404 4895270 4044673 2502438416 323534688 1 2956880 324436176
======================
   8      16 sdb 1873015 10 372166074 917616 4895270 4044673 2502438416 323534688 1 2957792 324437388
======================
   8      16 sdb 1875632 10 372836026 918836 4895270 4044673 2502438416 323534688 0 2958712 324438604
======================
   8      16 sdb 1878211 10 373496250 920008 4895270 4044673 2502438416 323534688 2 2959620 324439784
======================
   8      16 sdb 1880847 10 374171066 921212 4895270 4044673 2502438416 323534688 1 2960520 324440980
======================
   8      16 sdb 1883484 10 374846138 922416 4895270 4044673 2502438416 323534688 2 2961420 324442176
======================
   8      16 sdb 1886113 10 375519162 923604 4895270 4044673 2502438416 323534688 1 2962320 324443364
======================
   8      16 sdb 1888738 10 376191162 924824 4895270 4044673 2502438416 323534688 1 2963224 324444588
======================
   8      16 sdb 1891364 10 376863418 925980 4895270 4044673 2502438416 323534688 1 2964128 324445740
======================
   8      16 sdb 1893949 10 377525178 927136 4895270 4044673 2502438416 323534688 1 2965004 324446896
======================
   8      16 sdb 1896542 10 378188986 928348 4895270 4044673 2502438416 323534688 1 2965920 324448104
======================
   8      16 sdb 1899162 10 378859706 929640 4895270 4044673 2502438416 323534688 1 2966852 324449396
======================
   8      16 sdb 1901794 10 379533498 930896 4895270 4044673 2502438416 323534688 1 2967792 324450652
======================
   8      16 sdb 1904415 10 380204474 932100 4895270 4044673 2502438416 323534688 2 2968684 324451856
======================
   8      16 sdb 1907020 10 380871354 933256 4895270 4044673 2502438416 323534688 1 2969576 324453016
======================
   8      16 sdb 1909639 10 381541818 934464 4895270 4044673 2502438416 323534688 2 2970484 324454220
======================
   8      16 sdb 1912201 10 382197690 935692 4895270 4044673 2502438416 323534688 2 2971400 324455448
======================
   8      16 sdb 1914741 10 382847930 936904 4895270 4044673 2502438416 323534688 2 2972308 324456660
======================
   8      16 sdb 1917335 10 383511994 938056 4895270 4044673 2502438416 323534688 0 2973192 324457812
======================
   8      16 sdb 1919943 10 384179642 939244 4895270 4044673 2502438416 323534688 1 2974084 324458996
======================
   8      16 sdb 1922551 10 384847290 940452 4895270 4044673 2502438416 323534688 1 2974972 324460204
======================
   8      16 sdb 1925114 10 385503418 941640 4895270 4044673 2502438416 323534688 1 2975880 324461388
======================
   8      16 sdb 1927713 10 386168762 942820 4895270 4044673 2502438416 323534688 2 2976776 324462564
======================
   8      16 sdb 1930268 10 386822842 943992 4895270 4044673 2502438416 323534688 1 2977656 324463736
======================
   8      16 sdb 1932823 10 387476922 945132 4895270 4044673 2502438416 323534688 1 2978532 324464872
======================
   8      16 sdb 1935385 10 388132794 946288 4895270 4044673 2502438416 323534688 1 2979416 324466028
======================
   8      16 sdb 1937971 10 388794810 947484 4895270 4044673 2502438416 323534688 1 2980308 324467224
======================
   8      16 sdb 1940555 10 389456314 948700 4895270 4044673 2502438416 323534688 0 2981208 324468440
======================
   8      16 sdb 1943115 10 390111674 949876 4895270 4044673 2502438416 323534688 1 2982096 324469616
======================
   8      16 sdb 1945673 10 390766522 951036 4895271 4044673 2502438424 323534688 0 2982968 324470776
======================
   8      16 sdb 1948196 10 391412410 952260 4895271 4044673 2502438424 323534688 2 2983872 324471996
======================
   8      16 sdb 1950698 10 392052922 953440 4895271 4044673 2502438424 323534688 1 2984740 324473172
======================
   8      16 sdb 1953257 10 392708026 954512 4895271 4044673 2502438424 323534688 2 2985608 324474240
======================
   8      16 sdb 1955829 10 393366458 955664 4895271 4044673 2502438424 323534688 1 2986496 324475392
======================
   8      16 sdb 1958386 10 394021050 956804 4895271 4044673 2502438424 323534688 1 2987384 324476532
======================
   8      16 sdb 1960936 10 394673850 957952 4895271 4044673 2502438424 323534688 0 2988264 324477680
======================
   8      16 sdb 1963480 10 395325114 959048 4895271 4044673 2502438424 323534688 1 2989116 324478772
======================
   8      16 sdb 1965991 10 395967930 960284 4895271 4044673 2502438424 323534688 1 2990036 324480004
======================
   8      16 sdb 1968509 10 396612538 961392 4895271 4044673 2502438424 323534688 0 2990896 324481112
======================
   8      16 sdb 1970999 10 397249978 962572 4895271 4044673 2502438424 323534688 1 2991796 324482296
======================
   8      16 sdb 1973513 10 397893562 963736 4895271 4044673 2502438424 323534688 2 2992712 324483464
======================
   8      16 sdb 1976060 10 398545594 964808 4895271 4044673 2502438424 323534688 1 2993560 324484532
======================
   8      16 sdb 1978602 10 399196346 965944 4895271 4044673 2502438424 323534688 1 2994456 324485660
======================
   8      16 sdb 1981204 10 399862458 967040 4895271 4044673 2502438424 323534688 2 2995308 324486756
======================
   8      16 sdb 1983782 10 400522426 968168 4895271 4044673 2502438424 323534688 1 2996168 324487884
======================
   8      16 sdb 1986271 10 401159610 969356 4895271 4044673 2502438424 323534688 0 2997032 324489072
======================
   8      16 sdb 1988830 10 401814714 970564 4895271 4044673 2502438424 323534688 0 2997952 324490280
======================
   8      16 sdb 1991315 10 402450874 971740 4895271 4044673 2502438424 323534688 2 2998836 324491460
======================
   8      16 sdb 1993849 10 403099578 972968 4895271 4044673 2502438424 323534688 1 2999724 324492676
======================
   8      16 sdb 1996402 10 403753146 974160 4895271 4044673 2502438424 323534688 0 3000612 324493860
======================
   8      16 sdb 1998958 10 404407482 975372 4895271 4044673 2502438424 323534688 2 3001516 324495068
======================
   8      16 sdb 2001475 10 405051834 976576 4895271 4044673 2502438424 323534688 1 3002392 324496268
======================
   8      16 sdb 2004050 10 405711034 977748 4895271 4044673 2502438424 323534688 1 3003260 324497440
======================
   8      16 sdb 2006324 10 406293178 978820 4895271 4044673 2502438424 323534688 0 3004064 324498512
