======================
   8      32 sdc 1719879 73702 220253770 13691884 13510594 33012500 4203549648 2390433060 0 19035076 2405525384
======================
   8      32 sdc 1719879 73702 220253770 13691884 13510594 33012500 4203549648 2390433060 0 19035076 2405525384
======================
   8      32 sdc 1719879 73702 220253770 13691884 13510594 33012500 4203549648 2390433060 0 19035076 2405525384
======================
   8      32 sdc 1719879 73702 220253770 13691884 13510594 33012500 4203549648 2390433060 0 19035076 2405525384
======================
   8      32 sdc 1719879 73702 220253770 13691884 13510594 33012500 4203549648 2390433060 0 19035076 2405525384
======================
   8      32 sdc 1719879 73702 220253770 13691884 13510683 33017529 4203590592 2390433284 0 19035180 2405525608
======================
   8      32 sdc 1719879 73702 220253770 13691884 13510683 33017529 4203590592 2390433284 0 19035180 2405525608
======================
   8      32 sdc 1719879 73702 220253770 13691884 13510683 33017529 4203590592 2390433284 0 19035180 2405525608
======================
   8      32 sdc 1719879 73702 220253770 13691884 13510850 33027970 4203675456 2390433352 0 19035212 2405525676
======================
   8      32 sdc 1719879 73702 220253770 13691884 13510850 33027970 4203675456 2390433352 0 19035212 2405525676
======================
   8      32 sdc 1719879 73702 220253770 13691884 13511348 33055973 4203902472 2390434316 3 19035532 2405526640
======================
   8      32 sdc 1719879 73702 220253770 13691884 13511911 33087422 4204159560 2390435164 0 19035880 2405527476
======================
   8      32 sdc 1719879 73702 220253770 13691884 13511911 33087422 4204159560 2390435164 0 19035880 2405527476
======================
   8      32 sdc 1719879 73702 220253770 13691884 13512151 33102415 4204281424 2390435740 0 19035936 2405528048
======================
   8      32 sdc 1719879 73702 220253770 13691884 13512151 33102415 4204281424 2390435740 0 19035936 2405528048
======================
   8      32 sdc 1719879 73702 220253770 13691884 13512151 33102415 4204281424 2390435740 0 19035936 2405528048
======================
   8      32 sdc 1719879 73702 220253770 13691884 13513085 33156657 4204722832 2390479356 0 19036660 2405571656
======================
   8      32 sdc 1719879 73702 220253770 13691884 13513085 33156657 4204722832 2390479356 0 19036660 2405571656
======================
   8      32 sdc 1719879 73702 220253770 13691884 13513300 33170134 4204832368 2390479460 0 19036704 2405571756
======================
   8      32 sdc 1719879 73702 220253770 13691884 13513300 33170134 4204832368 2390479460 0 19036704 2405571756
======================
   8      32 sdc 1719879 73702 220253770 13691884 13513300 33170134 4204832368 2390479460 0 19036704 2405571756
======================
   8      32 sdc 1719879 73702 220253770 13691884 13513300 33170134 4204832368 2390479460 0 19036704 2405571756
======================
   8      32 sdc 1719879 73702 220253770 13691884 13514773 33250407 4205482584 2390482168 10 19037640 2405581840
======================
   8      32 sdc 1719879 73702 220253770 13691884 13515853 33314042 4206003608 2390611108 2 19038644 2405703380
======================
   8      32 sdc 1719879 73702 220253770 13691884 13517416 33405387 4206746792 2390613104 2 19039648 2405705368
======================
   8      32 sdc 1719879 73702 220253770 13691884 13518504 33460987 4207169520 2390674764 63 19040656 2405793548
======================
   8      32 sdc 1719879 73702 220253770 13691884 13518567 33460987 4207201328 2390704628 0 19040764 2405796888
======================
   8      32 sdc 1719879 73702 220253770 13691884 13518567 33460987 4207201328 2390704628 0 19040764 2405796888
======================
   8      32 sdc 1719879 73702 220253770 13691884 13518913 33482668 4207377544 2390704828 0 19040888 2405797088
======================
   8      32 sdc 1719879 73702 220253770 13691884 13518913 33482668 4207377544 2390704828 0 19040888 2405797088
======================
   8      32 sdc 1719879 73702 220253770 13691884 13518913 33482668 4207377544 2390704828 0 19040888 2405797088
======================
   8      32 sdc 1719879 73702 220253770 13691884 13518913 33482668 4207377544 2390704828 0 19040888 2405797088
======================
   8      32 sdc 1719879 73702 220253770 13691884 13518913 33482668 4207377544 2390704828 0 19040888 2405797088
======================
   8      32 sdc 1719879 73702 220253770 13691884 13519108 33494794 4207476112 2390704904 0 19040924 2405797164
======================
   8      32 sdc 1719879 73702 220253770 13691884 13519108 33494794 4207476112 2390704904 0 19040924 2405797164
======================
   8      32 sdc 1719879 73702 220253770 13691884 13519108 33494794 4207476112 2390704904 0 19040924 2405797164
======================
   8      32 sdc 1719879 73702 220253770 13691884 13519108 33494794 4207476112 2390704904 0 19040924 2405797164
======================
   8      32 sdc 1719879 73702 220253770 13691884 13519108 33494794 4207476112 2390704904 0 19040924 2405797164
======================
   8      32 sdc 1719879 73702 220253770 13691884 13519304 33507070 4207575888 2390704952 0 19040960 2405797208
======================
   8      32 sdc 1719879 73702 220253770 13691884 13519304 33507070 4207575888 2390704952 0 19040960 2405797208
======================
   8      32 sdc 1719879 73702 220253770 13691884 13519304 33507070 4207575888 2390704952 0 19040960 2405797208
======================
   8      32 sdc 1719879 73702 220253770 13691884 13519774 33535363 4207805992 2390705372 0 19041272 2405797620
======================
   8      32 sdc 1719879 73702 220253770 13691884 13521211 33625925 4208541736 2390706796 1 19042104 2405799032
======================
   8      32 sdc 1719879 73702 220253770 13691884 13522427 33710481 4209162640 2390785820 130 19043100 2405893884
======================
   8      32 sdc 1719879 73702 220253770 13691884 13522967 33745320 4209439120 2390922208 143 19044104 2406031932
======================
   8      32 sdc 1719879 73702 220253770 13691884 13523525 33779975 4209724816 2391059896 137 19045108 2406166856
======================
   8      32 sdc 1719879 73702 220253770 13691884 13524074 33815653 4210004792 2391189360 156 19046108 2406304524
======================
   8      32 sdc 1719879 73702 220253770 13691884 13524646 33850053 4210294952 2391331004 134 19047112 2406439168
======================
   8      32 sdc 1719879 73702 220253770 13691884 13525188 33883846 4210570992 2391532700 132 19048112 2406641928
======================
   8      32 sdc 1719879 73702 220253770 13691884 13525723 33917799 4210844912 2391669452 136 19049116 2406777500
======================
   8      32 sdc 1719879 73702 220253770 13691884 13526205 33948402 4211091696 2391793296 139 19050128 2406915652
======================
   8      32 sdc 1719879 73702 220253770 13691884 13526680 33978134 4211334896 2391943004 137 19051132 2407051400
======================
   8      32 sdc 1719879 73702 220253770 13691884 13527201 34011375 4211601608 2392078920 143 19052140 2407189552
======================
   8      32 sdc 1719879 73702 220253770 13691884 13527756 34045565 4211884872 2392253572 133 19053144 2407362268
======================
   8      32 sdc 1719879 73702 220253770 13691884 13528314 34081211 4212170568 2392388616 140 19054148 2407497080
======================
   8      32 sdc 1719879 73702 220253770 13691884 13528886 34116558 4212463432 2392525384 129 19055156 2407633280
======================
   8      32 sdc 1719879 73702 220253770 13691884 13529419 34151208 4212736328 2392661164 146 19056164 2407771752
======================
   8      32 sdc 1719879 73702 220253770 13691884 13529943 34183471 4213001352 2392782364 143 19057164 2407909464
======================
   8      32 sdc 1719879 73702 220253770 13691884 13530474 34215885 4213263872 2392979336 143 19058168 2408097164
======================
   8      32 sdc 1719879 73702 220253770 13691884 13531033 34245930 4213542976 2393057892 75 19059172 2408236164
======================
   8      32 sdc 1719879 73702 220253770 13691884 13531152 34248442 4213601640 2393151672 0 19059440 2408243860
======================
   8      32 sdc 1719879 73702 220253770 13691884 13531152 34248442 4213601640 2393151672 0 19059440 2408243860
======================
   8      32 sdc 1719879 73702 220253770 13691884 13531152 34248442 4213601640 2393151672 0 19059440 2408243860
======================
   8      32 sdc 1719879 73702 220253770 13691884 13531152 34248442 4213601640 2393151672 0 19059440 2408243860
======================
   8      32 sdc 1719879 73702 220253770 13691884 13531152 34248442 4213601640 2393151672 0 19059440 2408243860
======================
   8      32 sdc 1719879 73702 220253770 13691884 13531152 34248442 4213601640 2393151672 0 19059440 2408243860
======================
   8      32 sdc 1719879 73702 220253770 13691884 13531152 34248442 4213601640 2393151672 0 19059440 2408243860
started
======================
   8      32 sdc 1719879 73702 220253770 13691884 13531152 34248442 4213601640 2393151672 0 19059440 2408243860
======================
   8      32 sdc 1722536 73702 220275026 13698428 13531152 34248442 4213601640 2393151672 1 19060148 2408250408
======================
   8      32 sdc 1725960 73702 220302418 13708400 13531152 34248442 4213601640 2393151672 32 19061120 2408260376
======================
   8      32 sdc 1729607 73702 220331594 13716400 13531152 34248442 4213601640 2393151672 13 19062092 2408268372
======================
   8      32 sdc 1733207 73702 220360394 13724680 13531152 34248442 4213601640 2393151672 1 19063068 2408276660
======================
   8      32 sdc 1736709 73702 220388410 13730396 13531152 34248442 4213601640 2393151672 1 19064056 2408282364
======================
   8      32 sdc 1738904 73877 220407394 13737272 13531164 34249037 4213606496 2393151672 1 19065024 2408289244
======================
   8      32 sdc 1741779 73877 220430394 13742320 13531164 34249037 4213606496 2393151672 1 19065996 2408294288
======================
   8      32 sdc 1744590 73877 220452882 13746220 13531164 34249037 4213606496 2393151672 1 19066960 2408298200
======================
   8      32 sdc 1746691 73877 220469690 13750148 13531164 34249037 4213606496 2393151672 1 19067932 2408302112
======================
   8      32 sdc 1749175 73877 220489562 13754456 13531164 34249037 4213606496 2393151672 1 19068888 2408306420
======================
   8      32 sdc 1751520 73877 220508322 13757976 13531177 34249732 4213612160 2393151768 1 19069856 2408310048
======================
   8      32 sdc 1754252 73877 220530178 13759504 13531177 34249732 4213612160 2393151768 1 19070820 2408311564
======================
   8      32 sdc 1756170 73877 220545522 13761684 13531177 34249732 4213612160 2393151768 1 19071792 2408313748
======================
   8      32 sdc 1758245 73877 220562122 13763396 13531177 34249732 4213612160 2393151768 1 19072768 2408315456
======================
   8      32 sdc 1759785 73877 220574442 13765984 13531177 34249732 4213612160 2393151768 31 19073688 2408318400
======================
   8      32 sdc 1760801 73877 220582570 13768480 13531192 34250574 4213619016 2393151776 1 19074656 2408320540
======================
   8      32 sdc 1762623 73877 220597146 13771352 13531192 34250574 4213619016 2393151776 0 19075596 2408323412
======================
   8      32 sdc 1764091 73877 220608890 13773616 13531192 34250574 4213619016 2393151776 1 19076516 2408325680
======================
   8      32 sdc 1765184 73877 220617634 13775336 13531192 34250574 4213619016 2393151776 1 19077448 2408327400
======================
   8      32 sdc 1766321 73877 220626730 13777048 13531192 34250574 4213619016 2393151776 1 19078392 2408329104
======================
   8      32 sdc 1767263 73877 220634266 13778324 13531206 34251390 4213625656 2393151780 1 19079332 2408330404
======================
   8      32 sdc 1768271 73877 220642330 13779316 13531206 34251390 4213625656 2393151780 1 19080272 2408331400
======================
   8      32 sdc 1769132 73877 220649218 13780356 13531206 34251390 4213625656 2393151780 1 19081236 2408332436
======================
   8      32 sdc 1770027 73877 220656378 13781560 13531206 34251390 4213625656 2393151780 0 19082196 2408333640
======================
   8      32 sdc 1770732 73877 220662018 13783096 13531206 34251390 4213625656 2393151780 1 19083160 2408335176
======================
   8      32 sdc 1771329 73877 220666794 13784072 13531396 34252284 4213634144 2393152440 138 19084104 2408339008
======================
   8      32 sdc 1771947 73935 220672226 13785044 13533991 34252524 4213656840 2393287088 157 19085108 2408477640
======================
   8      32 sdc 1772363 73935 220675554 13786348 13534618 34252561 4213662320 2393299448 1 19086092 2408486092
======================
   8      32 sdc 1772873 73935 220679634 13787780 13534618 34252561 4213662320 2393299448 0 19087044 2408487524
======================
   8      32 sdc 1773309 73935 220683122 13788760 13534618 34252561 4213662320 2393299448 1 19088028 2408488508
======================
   8      32 sdc 1773819 73935 220687202 13790024 13534632 34253359 4213668816 2393299448 1 19088980 2408489772
======================
   8      32 sdc 1774339 73935 220691362 13791028 13534632 34253359 4213668816 2393299448 1 19089952 2408490776
======================
   8      32 sdc 1775049 73935 220697042 13792236 13534632 34253359 4213668816 2393299448 1 19090916 2408491980
======================
   8      32 sdc 1775532 73935 220700906 13793172 13534632 34253359 4213668816 2393299448 1 19091848 2408492916
======================
   8      32 sdc 1775979 73935 220704482 13794116 13534632 34253359 4213668816 2393299448 1 19092796 2408493864
======================
   8      32 sdc 1776435 73949 220708242 13795076 13534647 34254203 4213675688 2393300588 1 19093760 2408495964
======================
   8      32 sdc 1776815 73949 220711282 13795972 13534647 34254203 4213675688 2393300588 1 19094652 2408496856
======================
   8      32 sdc 1777185 73949 220714242 13796928 13534647 34254203 4213675688 2393300588 1 19095584 2408497820
======================
   8      32 sdc 1777581 73949 220717410 13798248 13534647 34254203 4213675688 2393300588 1 19096556 2408499132
======================
   8      32 sdc 1778077 73949 220721378 13799228 13534647 34254203 4213675688 2393300588 1 19097492 2408500116
======================
   8      32 sdc 1778459 73949 220724434 13800160 13534663 34255103 4213683016 2393300588 1 19098424 2408501048
======================
   8      32 sdc 1778728 73949 220726586 13801116 13534663 34255103 4213683016 2393300588 0 19099376 2408502000
======================
   8      32 sdc 1779030 73949 220729002 13802052 13537057 34255237 4213703240 2393381044 1 19100348 2408583396
======================
   8      32 sdc 1779414 73949 220732074 13802976 13537057 34255237 4213703240 2393381044 1 19101272 2408584320
======================
   8      32 sdc 1779766 73949 220734890 13803928 13537057 34255237 4213703240 2393381044 1 19102220 2408585268
======================
   8      32 sdc 1780014 73949 220736874 13804944 13537072 34256089 4213710176 2393381056 1 19103148 2408586296
======================
   8      32 sdc 1780265 73949 220738882 13805880 13537072 34256089 4213710176 2393381056 1 19104072 2408587244
======================
   8      32 sdc 1780477 73949 220740578 13806788 13537072 34256089 4213710176 2393381056 1 19104980 2408588152
======================
   8      32 sdc 1780740 73949 220742682 13807728 13537072 34256089 4213710176 2393381056 1 19105916 2408589088
======================
   8      32 sdc 1780992 73949 220744698 13808672 13537072 34256089 4213710176 2393381056 1 19106864 2408590036
======================
   8      32 sdc 1781020 73949 220744922 13808788 13537072 34256089 4213710176 2393381056 0 19106976 2408590148
======================
   8      32 sdc 1781200 73949 220746362 13809608 13537086 34256866 4213716504 2393381056 1 19107804 2408590976
======================
   8      32 sdc 1781470 73949 220748522 13810632 13537086 34256866 4213716504 2393381056 1 19108768 2408592004
======================
   8      32 sdc 1781691 73949 220750290 13811608 13537086 34256866 4213716504 2393381056 1 19109736 2408592972
======================
   8      32 sdc 1781922 73949 220752138 13812508 13537086 34256866 4213716504 2393381056 1 19110640 2408593876
======================
   8      32 sdc 1782079 73949 220753394 13813420 13537086 34256866 4213716504 2393381056 1 19111552 2408594788
======================
   8      32 sdc 1782309 73949 220755234 13814348 13537100 34257644 4213722840 2393381056 1 19112476 2408595712
======================
   8      32 sdc 1782493 73949 220756706 13815260 13537100 34257644 4213722840 2393381056 1 19113388 2408596624
======================
   8      32 sdc 1782698 73949 220758346 13816172 13539343 34257787 4213741928 2393474240 1 19114360 2408690716
======================
   8      32 sdc 1782865 73949 220759682 13817116 13539343 34257787 4213741928 2393474240 1 19115308 2408691664
======================
   8      32 sdc 1782885 73949 220759842 13817216 13539343 34257787 4213741928 2393474240 0 19115404 2408691760
