======================
   8      32 sdc 468007 7260 136321074 10758572 3756542 99888995 1914298312 1054682068 0 7330460 1065783068
======================
   8      32 sdc 468007 7260 136321074 10758572 3756542 99888995 1914298312 1054682068 0 7330460 1065783068
======================
   8      32 sdc 468009 7260 136321090 10758588 3756542 99888995 1914298312 1054682068 0 7330476 1065783084
======================
   8      32 sdc 468009 7260 136321090 10758588 3756542 99888995 1914298312 1054682068 0 7330476 1065783084
======================
   8      32 sdc 468009 7260 136321090 10758588 3756542 99888995 1914298312 1054682068 0 7330476 1065783084
======================
   8      32 sdc 468009 7260 136321090 10758588 3756542 99888995 1914298312 1054682068 0 7330476 1065783084
======================
   8      32 sdc 468009 7260 136321090 10758588 3756542 99888995 1914298312 1054682068 0 7330476 1065783084
======================
started
   8      32 sdc 468009 7260 136321090 10758588 3756552 99889004 1914298464 1054682108 0 7330516 1065783124
======================
   8      32 sdc 468009 7260 136321090 10758588 3756552 99889004 1914298464 1054682108 0 7330516 1065783124
======================
   8      32 sdc 468014 7260 136321130 10758588 3756552 99889004 1914298464 1054682108 0 7330516 1065783124
======================
   8      32 sdc 468014 7260 136321130 10758588 3756552 99889004 1914298464 1054682108 0 7330516 1065783124
======================
   8      32 sdc 468015 7260 136321138 10758608 3758152 99889004 1915117664 1054697628 0 7330664 1065798660
======================
   8      32 sdc 468015 7260 136321138 10758608 3759678 99889004 1915898976 1054796632 139 7331492 1065914796
======================
   8      32 sdc 468015 7260 136321138 10758608 3760312 99889020 1916223584 1054943796 81 7332508 1066057156
======================
   8      32 sdc 468015 7260 136321138 10758608 3760946 99889020 1916547816 1055072040 142 7333516 1066190072
======================
   8      32 sdc 468015 7260 136321138 10758608 3761619 99889020 1916892392 1055216392 141 7334520 1066332652
======================
   8      32 sdc 468015 7260 136321138 10758608 3762267 99889020 1917224168 1055358692 133 7335524 1066475804
======================
   8      32 sdc 468015 7260 136321138 10758608 3762908 99889020 1917552360 1055501464 132 7336524 1066618296
======================
   8      32 sdc 468015 7260 136321138 10758608 3763559 99889020 1917885672 1055644876 153 7337528 1066761688
======================
   8      32 sdc 468016 7260 136321146 10758724 3764209 99889020 1918218472 1055782796 133 7338532 1066900244
======================
   8      32 sdc 468016 7260 136321146 10758724 3764848 99889020 1918545640 1055927672 134 7339532 1067043380
======================
   8      32 sdc 468016 7260 136321146 10758724 3765475 99889020 1918866664 1056069084 147 7340536 1067186732
======================
   8      32 sdc 468016 7260 136321146 10758724 3766133 99889020 1919203560 1056212776 129 7341536 1067329636
======================
   8      32 sdc 468016 7260 136321146 10758724 3766772 99889020 1919530728 1056356496 130 7342540 1067472948
======================
   8      32 sdc 468016 7260 136321146 10758724 3767424 99889020 1919864552 1056499056 150 7343544 1067616460
======================
   8      32 sdc 468016 7260 136321146 10758724 3768047 99889020 1920183528 1056638468 135 7344544 1067759348
======================
   8      32 sdc 468016 7260 136321146 10758724 3768720 99889020 1920528104 1056789920 134 7345564 1067905828
======================
   8      32 sdc 468016 7260 136321146 10758724 3769405 99889020 1920878824 1056934728 153 7346584 1068051520
======================
   8      32 sdc 468016 7260 136321146 10758724 3770046 99889020 1921207016 1057081184 152 7347612 1068198648
======================
   8      32 sdc 468016 7260 136321146 10758724 3770663 99889020 1921522920 1057223268 143 7348624 1068343468
======================
   8      32 sdc 468016 7260 136321146 10758724 3771339 99889020 1921869032 1057370280 139 7349624 1068486472
======================
   8      32 sdc 468017 7260 136321154 10758980 3772000 99889047 1922206672 1057498036 154 7350628 1068609944
======================
   8      32 sdc 468017 7260 136321154 10758980 3772664 99889053 1922543664 1057635640 135 7351632 1068755068
======================
   8      32 sdc 468017 7260 136321154 10758980 3773296 99889053 1922867248 1057776500 143 7352632 1068897252
======================
   8      32 sdc 468017 7260 136321154 10758980 3773916 99889053 1923184688 1057918992 131 7353636 1069040392
======================
   8      32 sdc 468017 7260 136321154 10758980 3774593 99889053 1923531312 1058066420 158 7354644 1069183408
======================
   8      32 sdc 468017 7260 136321154 10758980 3775234 99889053 1923859504 1058209328 157 7355644 1069326288
======================
   8      32 sdc 468017 7260 136321154 10758980 3775882 99889053 1924191280 1058352884 149 7356648 1069469888
======================
   8      32 sdc 468017 7260 136321154 10758980 3776546 99889053 1924531248 1058496204 157 7357652 1069612992
======================
   8      32 sdc 468017 7260 136321154 10758980 3777189 99889053 1924860464 1058640944 154 7358656 1069758036
======================
   8      32 sdc 468017 7260 136321154 10758980 3777841 99889053 1925194288 1058783540 142 7359656 1069900792
======================
   8      32 sdc 468017 7260 136321154 10758980 3778483 99889053 1925522992 1058926936 140 7360660 1070044300
======================
   8      32 sdc 468017 7260 136321154 10758980 3779124 99889053 1925851184 1059070436 139 7361664 1070188104
======================
   8      32 sdc 468018 7260 136321162 10759200 3779760 99889053 1926176816 1059199032 143 7362668 1070316400
======================
   8      32 sdc 468018 7260 136321162 10759200 3780320 99889053 1926463536 1059320256 159 7363672 1070462200
======================
   8      32 sdc 468018 7260 136321162 10759200 3781028 99889053 1926826032 1059485600 155 7364676 1070606364
======================
   8      32 sdc 468018 7260 136321162 10759200 3781661 99889053 1927150128 1059626124 130 7365680 1070751340
======================
   8      32 sdc 468018 7260 136321162 10759200 3782360 99889053 1927508016 1059776564 135 7366688 1070894768
======================
   8      32 sdc 468018 7260 136321162 10759200 3782948 99889053 1927809072 1059911796 155 7367692 1071038948
======================
   8      32 sdc 468018 7260 136321162 10759200 3783613 99889053 1928149552 1060064496 130 7368696 1071182696
======================
   8      32 sdc 468018 7260 136321162 10759200 3784306 99889053 1928504368 1060209052 141 7369696 1071325740
======================
   8      32 sdc 468018 7260 136321162 10759200 3784981 99889053 1928849968 1060352300 138 7370700 1071469292
======================
   8      32 sdc 468018 7260 136321162 10759200 3785648 99889053 1929191472 1060494568 143 7371704 1071612716
======================
   8      32 sdc 468018 7260 136321162 10759200 3786272 99889053 1929510960 1060638008 137 7372708 1071755976
======================
   8      32 sdc 468018 7260 136321162 10759200 3786912 99889053 1929838640 1060782420 114 7373708 1071898248
======================
   8      32 sdc 468018 7260 136321162 10759200 3786998 99889053 1929882672 1060807348 28 7374712 1071938792
======================
   8      32 sdc 468019 7260 136321170 10760832 3788168 99889053 1930481712 1060895440 142 7375716 1072014924
======================
   8      32 sdc 468019 7260 136321170 10760832 3788810 99889053 1930810416 1061038988 140 7376720 1072158544
======================
   8      32 sdc 468019 7260 136321170 10760832 3789468 99889053 1931147312 1061183144 154 7377724 1072302052
======================
   8      32 sdc 468019 7260 136321170 10760832 3790023 99889053 1931431472 1061310544 143 7378724 1072444852
======================
   8      32 sdc 468019 7260 136321170 10760832 3790732 99889053 1931794480 1061468816 138 7379728 1072588128
======================
   8      32 sdc 468019 7260 136321170 10760832 3791319 99889053 1932095024 1061600160 159 7380728 1072732144
======================
   8      32 sdc 468019 7260 136321170 10760832 3792016 99889053 1932451888 1061757520 134 7381732 1072876324
======================
   8      32 sdc 468019 7260 136321170 10760832 3792680 99889053 1932791856 1061900856 142 7382736 1073019896
======================
   8      32 sdc 468019 7260 136321170 10760832 3793337 99889053 1933128240 1062043796 157 7383740 1073163332
======================
   8      32 sdc 468019 7260 136321170 10760832 3793973 99889053 1933453872 1062186764 129 7384740 1073305820
======================
   8      32 sdc 468019 7260 136321170 10760832 3794632 99889053 1933791280 1062331012 74 7385744 1073445964
======================
   8      32 sdc 468020 7260 136321178 10761060 3795246 99889053 1934105648 1062463184 143 7386748 1073582028
======================
   8      32 sdc 468020 7260 136321178 10761060 3795790 99889053 1934384176 1062584388 143 7387748 1073724912
======================
   8      32 sdc 468020 7260 136321178 10761060 3796491 99889053 1934743088 1062743488 146 7388752 1073868400
