======================
   8      32 sdc 619862 8 154994770 1856532 3335589 7793448 1702743944 736519408 0 5745304 738916000
======================
   8      32 sdc 619862 8 154994770 1856532 3335589 7793448 1702743944 736519408 0 5745304 738916000
======================
   8      32 sdc 619862 8 154994770 1856532 3335589 7793448 1702743944 736519408 0 5745304 738916000
======================
   8      32 sdc 619862 8 154994770 1856532 3335589 7793448 1702743944 736519408 0 5745304 738916000
======================
   8      32 sdc 619862 8 154994770 1856532 3335589 7793448 1702743944 736519408 0 5745304 738916000
======================
   8      32 sdc 619862 8 154994770 1856532 3336401 7793448 1703159184 736531836 155 5745456 738936504
======================
   8      32 sdc 619862 8 154994770 1856532 3336798 7793448 1703362448 736577968 143 5746460 739080108
======================
   8      32 sdc 619863 8 154994778 1857976 3338340 7793448 1704151952 736862272 137 5747800 739270608
======================
   8      32 sdc 619898 8 154995058 1859012 3338452 7793448 1704209296 736967632 153 5748840 739415892
======================
   8      32 sdc 620013 8 154995978 1860024 3339044 7793448 1704512400 737136984 137 5749848 739560764
======================
   8      32 sdc 620286 8 154998162 1861008 3339652 7793781 1704822832 737303096 144 5750856 739709864
======================
   8      32 sdc 620412 8 154999170 1861224 3341267 7793781 1705649712 737437904 128 5751860 739852984
======================
   8      32 sdc 620412 8 154999170 1861224 3341932 7793781 1705990192 737570512 256 5752876 740079844
======================
   8      32 sdc 620412 8 154999170 1861224 3342583 7793781 1706323504 737724200 245 5753880 740342688
======================
   8      32 sdc 620412 8 154999170 1861224 3343218 7793781 1706648624 737888824 250 5754884 740597140
======================
   8      32 sdc 620412 8 154999170 1861224 3343876 7794268 1706985520 738055436 240 5755888 740843084
======================
   8      32 sdc 620412 8 154999170 1861224 3344509 7794268 1707308976 738228500 248 5756892 741082228
======================
   8      32 sdc 620412 8 154999170 1861224 3345144 7794268 1707634096 738573124 189 5757896 741282416
======================
   8      32 sdc 620412 8 154999170 1861224 3345780 7794268 1707959728 738784380 193 5758900 741470660
======================
   8      32 sdc 620412 8 154999170 1861224 3346425 7794268 1708289968 738994176 188 5759908 741650244
======================
   8      32 sdc 620412 8 154999170 1861224 3347085 7794268 1708627888 739195676 168 5760916 741822112
======================
   8      32 sdc 620412 8 154999170 1861224 3347738 7794268 1708962224 739412948 155 5761920 741985748
======================
   8      32 sdc 620412 8 154999170 1861224 3348388 7794268 1709295536 739628624 145 5762932 742142648
======================
   8      32 sdc 620412 8 154999170 1861224 3349045 7794268 1709631920 739873004 128 5763940 742290036
======================
   8      32 sdc 620412 8 154999170 1861224 3349702 7794268 1709967792 740016240 143 5764948 742434208
======================
   8      32 sdc 620412 8 154999170 1861224 3350319 7794268 1710283696 740159844 134 5765952 742577668
======================
   8      32 sdc 620412 8 154999170 1861224 3350803 7794268 1710531504 740303696 130 5766960 742720248
======================
   8      32 sdc 620412 8 154999170 1861224 3351474 7794268 1710875056 740447284 131 5767968 742864072
======================
   8      32 sdc 620412 8 154999170 1861224 3352144 7794268 1711218096 740590812 133 5768972 743007540
======================
   8      32 sdc 620412 8 154999170 1861224 3352791 7794268 1711549360 740733508 158 5769980 743151596
======================
   8      32 sdc 620412 8 154999170 1861224 3353407 7794268 1711864752 740876916 150 5770984 743295104
======================
   8      32 sdc 620412 8 154999170 1861224 3354048 7794757 1712192944 741021792 157 5771988 743440820
======================
   8      32 sdc 620412 8 154999170 1861224 3354207 7794757 1712255072 741058684 0 5772264 743459912
======================
   8      32 sdc 620412 8 154999170 1861224 3354207 7794757 1712255072 741058684 0 5772264 743459912
started
======================
   8      32 sdc 620412 8 154999170 1861224 3354207 7794757 1712255072 741058684 1 5772284 743459932
======================
   8      32 sdc 620416 8 154999202 1861244 3354207 7794757 1712255072 741058684 1 5772344 743459992
======================
   8      32 sdc 620416 8 154999202 1861244 3354207 7794757 1712255072 741058684 1 5773352 743461000
======================
   8      32 sdc 620418 8 154999218 1862924 3354207 7794757 1712255072 741058684 0 5773964 743461612
======================
   8      32 sdc 620418 8 154999218 1862924 3354207 7794757 1712255072 741058684 0 5773964 743461612
======================
   8      32 sdc 620418 8 154999218 1862924 3354207 7794757 1712255072 741058684 0 5773964 743461612
======================
   8      32 sdc 620418 8 154999218 1862924 3354207 7794757 1712255072 741058684 0 5773964 743461612
======================
   8      32 sdc 620418 8 154999218 1862924 3354207 7794757 1712255072 741058684 0 5773964 743461612
======================
   8      32 sdc 620418 8 154999218 1862924 3354209 7794763 1712255136 741058684 0 5773964 743461612
======================
   8      32 sdc 620418 8 154999218 1862924 3354209 7794763 1712255136 741058684 0 5773964 743461612
======================
   8      32 sdc 620418 8 154999218 1862924 3354209 7794763 1712255136 741058684 0 5773964 743461612
======================
   8      32 sdc 620418 8 154999218 1862924 3354209 7794763 1712255136 741058684 0 5773964 743461612
======================
   8      32 sdc 620418 8 154999218 1862924 3354209 7794763 1712255136 741058684 0 5773964 743461612
======================
   8      32 sdc 620421 8 154999242 1862952 3355171 7794766 1712746696 741069168 0 5774076 743472124
======================
   8      32 sdc 620423 8 154999258 1862960 3355971 7794766 1713156296 741074384 1 5774376 743477576
======================
   8      32 sdc 620424 8 154999266 1863292 3356131 7794766 1713238216 741077248 0 5774512 743480540
======================
   8      32 sdc 620426 8 154999282 1863344 3357655 7794766 1714018504 741089696 156 5774704 743493840
======================
   8      32 sdc 620428 8 154999298 1863460 3358274 7794766 1714335432 741170020 130 5775464 743581832
======================
   8      32 sdc 620428 8 154999298 1863460 3358759 7794779 1714582848 741267608 95 5776468 743700920
======================
   8      32 sdc 620428 8 154999298 1863460 3358759 7794779 1714582848 741267608 95 5777472 743796300
======================
   8      32 sdc 620431 8 154999322 1864968 3360180 7794779 1715310400 741486076 145 5778328 743907004
======================
   8      32 sdc 620431 8 154999322 1864968 3360240 7794779 1715341120 741499432 150 5779332 744056956
======================
   8      32 sdc 620432 8 154999330 1866412 3360749 7794779 1715601728 741740900 153 5780336 744207916
======================
   8      32 sdc 620434 8 154999346 1867136 3361784 7794790 1716130728 741877904 144 5781336 744354448
======================
   8      32 sdc 620436 8 154999362 1867860 3362678 7794790 1716588456 742073792 145 5782340 744498580
======================
   8      32 sdc 620437 8 154999370 1867904 3363293 7794790 1716903336 742219312 138 5783344 744642760
======================
   8      32 sdc 620438 8 154999378 1867968 3363339 7794790 1716926888 742229844 125 5784348 744769880
======================
   8      32 sdc 620441 8 154999402 1869572 3364577 7794802 1717558320 742483100 139 5785348 744904380
======================
   8      32 sdc 620442 8 154999410 1869596 3365225 7794814 1717889184 742619200 133 5786352 745047080
======================
   8      32 sdc 620443 8 154999418 1869628 3365725 7794814 1718145184 742754732 147 5787352 745191544
======================
   8      32 sdc 620444 8 154999426 1869672 3366359 7794814 1718469792 742909620 152 5788356 745334980
======================
   8      32 sdc 620446 8 154999442 1869796 3367007 7794814 1718801568 743052948 158 5789360 745476524
======================
   8      32 sdc 620447 8 154999450 1869844 3367655 7794814 1719133344 743194460 147 5790376 745620436
======================
   8      32 sdc 620447 8 154999450 1869844 3368244 7794824 1719433984 743324112 77 5791380 745753500
======================
   8      32 sdc 620449 8 154999466 1870456 3368941 7794824 1719790848 743442916 147 5792384 745870184
======================
   8      32 sdc 620450 8 154999474 1870480 3369575 7794824 1720115968 743585660 137 5793388 746013232
======================
   8      32 sdc 620452 8 154999490 1870544 3370195 7794824 1720432896 743729544 142 5794392 746157032
======================
   8      32 sdc 620452 8 154999490 1870544 3370659 7794824 1720670464 743837088 110 5795392 746290836
======================
   8      32 sdc 620455 8 154999514 1871060 3371412 7794835 1721055584 744000708 130 5796396 746427516
======================
   8      32 sdc 620456 8 154999522 1871084 3372051 7794835 1721382248 744141464 149 5797400 746568212
======================
   8      32 sdc 620458 8 154999538 1871180 3372660 7794835 1721694056 744277904 143 5798404 746710936
======================
   8      32 sdc 620459 8 154999546 1871420 3373282 7794835 1722012520 744432520 139 5799408 746846996
======================
   8      32 sdc 620459 8 154999546 1871420 3373651 7794835 1722201448 744500716 128 5800412 746983620
======================
   8      32 sdc 620460 8 154999554 1872860 3373657 7794835 1722204520 744510588 137 5801416 747112144
======================
   8      32 sdc 620462 8 154999570 1872904 3375168 7794847 1722977240 744828764 138 5802416 747256640
======================
   8      32 sdc 620464 8 154999586 1872968 3375796 7794847 1723298776 744971428 128 5803420 747399552
======================
   8      32 sdc 620465 8 154999594 1873024 3376453 7794847 1723635160 745113564 144 5804424 747542260
======================
   8      32 sdc 620466 8 154999602 1873088 3377118 7794847 1723975640 745256764 158 5805428 747684800
======================
   8      32 sdc 620466 8 154999602 1873088 3377287 7794847 1724062168 745292624 94 5806432 747790028
======================
   8      32 sdc 620468 8 154999618 1874652 3378373 7794863 1724617320 745473772 129 5807436 747897184
======================
   8      32 sdc 620468 8 154999618 1874652 3378575 7794863 1724720744 745514500 152 5808440 748047244
======================
   8      32 sdc 620470 8 154999634 1875880 3379087 7794863 1724982888 745722292 152 5809444 748198800
======================
   8      32 sdc 620473 8 154999658 1877060 3380136 7794863 1725520488 745904280 134 5810444 748346936
======================
   8      32 sdc 620474 8 154999666 1877416 3380835 7794863 1725877864 746074952 131 5811448 748494128
======================
   8      32 sdc 620475 8 154999674 1877908 3381483 7794884 1726208800 746218828 157 5812452 748643344
======================
   8      32 sdc 620476 8 154999682 1877936 3382106 7794884 1726527776 746352708 158 5813460 748787752
======================
   8      32 sdc 620477 8 154999690 1877972 3382668 7794884 1726815520 746483204 141 5814464 748931824
======================
   8      32 sdc 620479 8 154999706 1878460 3383345 7794884 1727162144 746639956 135 5815468 749074916
======================
   8      32 sdc 620479 8 154999706 1878460 3383685 7794884 1727336224 746716776 148 5816472 749221004
======================
   8      32 sdc 620480 8 154999714 1879896 3383963 7794895 1727478144 746947160 134 5817476 749369092
======================
   8      32 sdc 620481 8 154999722 1880792 3384569 7794895 1727788424 747098032 129 5818480 749520456
======================
   8      32 sdc 620482 8 154999730 1880812 3385245 7794934 1728131816 747118288 131 5819488 749654000
======================
   8      32 sdc 620484 8 154999746 1882272 3385767 7794934 1728399080 747321908 153 5820492 749793300
