======================
   8      16 sdb 2006326 10 406293194 978820 4895271 4044673 2502438424 323534688 0 3004064 324498512
======================
   8      16 sdb 2006326 10 406293194 978820 4895271 4044673 2502438424 323534688 0 3004064 324498512
======================
   8      16 sdb 2006815 10 406297106 978832 4895271 4044673 2502438424 323534688 0 3004076 324498524
======================
   8      16 sdb 2006815 10 406297106 978832 4895271 4044673 2502438424 323534688 0 3004076 324498524
======================
   8      16 sdb 2006887 10 406297682 978872 4898622 4044673 2504154136 323562124 154 3004440 324531252
======================
   8      16 sdb 2006891 10 406297714 979184 4900525 4044673 2505128472 323681164 133 3005444 324650668
======================
   8      16 sdb 2006894 10 406297738 979412 4902439 4044673 2506108440 323805812 1 3006448 324770256
======================
   8      16 sdb 2006898 10 406297770 979660 4903789 4045186 2506799640 323909868 67 3007452 324895544
======================
   8      16 sdb 2006902 10 406297802 979696 4905891 4045186 2507875432 324065152 142 3008456 325035164
======================
   8      16 sdb 2006906 10 406297834 979748 4907926 4045186 2508917352 324208868 154 3009456 325177244
======================
   8      16 sdb 2006908 10 406297850 979784 4908895 4045186 2509413480 324354640 145 3010460 325324684
======================
   8      16 sdb 2006913 10 406297890 979908 4910812 4045186 2510394984 324494532 145 3011464 325464888
======================
   8      16 sdb 2006953 10 406298210 980336 4912867 4045207 2511445800 324576472 151 3012464 325554256
======================
   8      16 sdb 2006956 10 406298234 980432 4914655 4045695 2512343488 324724064 134 3013464 325694532
======================
   8      16 sdb 2006960 10 406298266 980556 4916629 4045695 2513354688 324863232 147 3014468 325832600
======================
   8      16 sdb 2006965 10 406298306 980700 4919162 4045695 2514651072 324998980 146 3015472 325968564
======================
   8      16 sdb 2006971 10 406298354 980916 4921630 4045695 2515914688 325126220 152 3016472 326096820
======================
   8      16 sdb 2006975 10 406298386 981108 4923574 4045723 2516909736 325256504 132 3017476 326225292
======================
   8      16 sdb 2006978 10 406298410 981272 4925494 4045723 2517892776 325386228 138 3018480 326357896
======================
   8      16 sdb 2006982 10 406298442 981512 4927382 4045723 2518859432 325517844 135 3019480 326486604
======================
   8      16 sdb 2006987 10 406298482 981804 4929297 4045743 2519837552 325635448 156 3020484 326605820
======================
   8      16 sdb 2006990 10 406298506 982012 4931216 4045743 2520820080 325761900 53 3021488 326731964
======================
   8      16 sdb 2006994 10 406298538 982268 4933137 4045765 2521802800 325877280 133 3022492 326849680
======================
   8      16 sdb 2006998 10 406298570 982572 4935062 4045781 2522787520 325996128 139 3023492 326968992
======================
   8      16 sdb 2007003 10 406298610 982888 4936985 4045781 2523772096 326112212 154 3024496 327084096
======================
   8      16 sdb 2007006 10 406298634 983120 4938904 4045781 2524754624 326236284 49 3025500 327207316
======================
   8      16 sdb 2007010 10 406298666 983436 4940803 4045781 2525726912 326354228 155 3026496 327327416
======================
   8      16 sdb 2007014 10 406298698 983752 4942703 4045804 2526698888 326467944 135 3027500 327441708
======================
   8      16 sdb 2007019 10 406298738 984084 4944622 4045821 2527680544 326585852 145 3028504 327556204
======================
   8      16 sdb 2007022 10 406298762 984308 4946541 4045821 2528663072 326706856 96 3029504 327680752
======================
   8      16 sdb 2007026 10 406298794 984612 4948465 4045821 2529648160 326826704 134 3030508 327801548
======================
   8      16 sdb 2007030 10 406298826 984908 4950383 4045821 2530630176 326945368 139 3031512 327920616
======================
   8      16 sdb 2007035 10 406298866 985232 4952305 4045845 2531613424 327061740 138 3032504 328033364
======================
   8      16 sdb 2007038 10 406298890 985456 4954208 4045861 2532585872 327183256 115 3033508 328158408
======================
   8      16 sdb 2007042 10 406298922 985760 4956107 4045861 2533558160 327302432 149 3034508 328278308
======================
   8      16 sdb 2007046 10 406298954 986056 4958027 4045861 2534541200 327422000 145 3035508 328397904
======================
   8      16 sdb 2007050 10 406298986 986308 4959949 4045861 2535525264 327541724 7 3036512 328513308
======================
   8      16 sdb 2007054 10 406299018 986544 4961873 4045883 2536509520 327658984 132 3037516 328635812
======================
   8      16 sdb 2007058 10 406299050 986844 4963795 4045899 2537492704 327777960 152 3038512 328754632
======================
   8      16 sdb 2007062 10 406299082 987140 4965719 4045899 2538477792 327897328 138 3039512 328874196
======================
   8      16 sdb 2007066 10 406299114 987408 4967618 4045899 2539450080 328014844 21 3040512 328988324
======================
   8      16 sdb 2007070 10 406299146 987728 4969518 4045899 2540422880 328132808 128 3041516 329110412
======================
   8      16 sdb 2007074 10 406299178 988024 4971437 4045922 2541404584 328246004 132 3042520 329224148
======================
   8      16 sdb 2007078 10 406299210 988324 4973362 4045939 2542389312 328366784 147 3043524 329344280
======================
   8      16 sdb 2007082 10 406299242 988580 4975283 4045939 2543372864 328484936 40 3044528 329460900
======================
   8      16 sdb 2007086 10 406299274 988880 4977203 4045939 2544355904 328604628 145 3045528 329583308
======================
   8      16 sdb 2007090 10 406299306 989176 4979126 4045939 2545340480 328723040 140 3046532 329701944
======================
   8      16 sdb 2007094 10 406299338 989468 4981031 4045962 2546315016 328841916 131 3047532 329819584
======================
   8      16 sdb 2007098 10 406299370 989724 4982928 4045979 2547285408 328960212 79 3048536 329939008
======================
   8      16 sdb 2007102 10 406299402 990020 4984848 4045979 2548268448 329079632 153 3049540 330059656
======================
   8      16 sdb 2007106 10 406299434 990316 4986768 4045979 2549251488 329198200 153 3050544 330178500
======================
   8      16 sdb 2007110 10 406299466 990620 4988690 4045979 2550235552 329320448 150 3051548 330298808
======================
   8      16 sdb 2007114 10 406299498 990824 4990612 4046002 2551218792 329436016 77 3052552 330415836
======================
   8      16 sdb 2007118 10 406299530 991124 4992539 4046017 2552203520 329555584 148 3053548 330536416
======================
   8      16 sdb 2007122 10 406299562 991420 4994439 4046017 2553176320 329673708 141 3054552 330654868
======================
   8      16 sdb 2007126 10 406299594 991712 4996336 4046017 2554147584 329796924 133 3055552 330773560
======================
   8      16 sdb 2007130 10 406299626 991968 4998257 4046017 2555131136 329911284 116 3056556 330892980
======================
   8      16 sdb 2007134 10 406299658 992276 5000181 4046040 2556115912 330025016 137 3057556 331007204
======================
   8      16 sdb 2007138 10 406299690 992584 5002107 4046057 2557100640 330144584 150 3058560 331127276
======================
   8      16 sdb 2007142 10 406299722 992888 5004026 4046057 2558083168 330268760 152 3059556 331246764
======================
   8      16 sdb 2007146 10 406299754 993140 5005944 4046057 2559065184 330384248 113 3060560 331366888
======================
   8      16 sdb 2007150 10 406299786 993444 5007844 4046057 2560037984 330502572 142 3061564 331485896
======================
   8      16 sdb 2007154 10 406299818 993760 5009741 4046080 2561008424 330621132 140 3062568 331603864
======================
   8      16 sdb 2007157 10 406299842 993984 5011662 4046097 2561991104 330744648 31 3063568 331725200
======================
   8      16 sdb 2007162 10 406299882 994300 5013583 4046097 2562974656 330857568 131 3064568 331841356
======================
   8      16 sdb 2007166 10 406299914 994596 5015506 4046097 2563959232 330976236 133 3065568 331960420
======================
   8      16 sdb 2007170 10 406299946 994896 5017424 4046097 2564941248 331096288 135 3066572 332080184
======================
   8      16 sdb 2007173 10 406299970 995124 5019347 4046120 2565925504 331220328 27 3067576 332201708
======================
   8      16 sdb 2007178 10 406300010 995444 5021255 4046137 2566900520 331333488 131 3068580 332318908
======================
   8      16 sdb 2007182 10 406300042 995732 5023150 4046137 2567870760 331450200 139 3069580 332436768
======================
   8      16 sdb 2007186 10 406300074 996032 5025071 4046137 2568854312 331572840 141 3070584 332556452
======================
   8      16 sdb 2007189 10 406300098 996256 5026971 4046137 2569827112 331695180 87 3071588 332680240
======================
   8      16 sdb 2007194 10 406300138 996588 5028890 4046159 2570809320 331804648 143 3072588 332790932
======================
   8      16 sdb 2007198 10 406300170 996888 5030813 4046174 2571791992 331923416 131 3073592 332910344
======================
   8      16 sdb 2007202 10 406300202 997188 5032737 4046174 2572777080 332045276 137 3074592 333029064
======================
   8      16 sdb 2007205 10 406300226 997416 5034659 4046174 2573761144 332166920 84 3075592 333152888
======================
   8      16 sdb 2007210 10 406300266 997744 5036575 4046174 2574742136 332281068 144 3076596 333268488
======================
   8      16 sdb 2007214 10 406300298 998032 5038474 4046197 2575713600 332398408 134 3077604 333386612
======================
   8      16 sdb 2007218 10 406300330 998344 5040396 4046214 2576696792 332522380 90 3078608 333506084
======================
   8      16 sdb 2007221 10 406300354 998564 5042316 4046214 2577679832 332642272 111 3079612 333630912
======================
   8      16 sdb 2007226 10 406300394 998888 5044239 4046214 2578664408 332757028 137 3080616 333746092
======================
   8      16 sdb 2007230 10 406300426 999180 5046163 4046214 2579649496 332875480 146 3081620 333864900
======================
   8      16 sdb 2007234 10 406300458 999484 5048086 4046237 2580633248 332997560 110 3082616 333982192
======================
   8      16 sdb 2007237 10 406300482 999700 5050011 4046254 2581617472 333116700 101 3083616 334105980
======================
   8      16 sdb 2007242 10 406300522 1000032 5051909 4046254 2582589248 333229960 130 3084616 334220128
======================
   8      16 sdb 2007246 10 406300554 1000336 5053806 4046254 2583561024 333349568 130 3085612 334339244
======================
   8      16 sdb 2007249 10 406300578 1000556 5055728 4046254 2584544576 333473496 16 3086608 334459980
======================
   8      16 sdb 2007253 10 406300610 1000856 5057648 4046276 2585527296 333586444 137 3087612 334577208
======================
   8      16 sdb 2007258 10 406300650 1001228 5059573 4046292 2586511504 333699464 150 3088616 334690616
======================
   8      16 sdb 2007262 10 406300682 1001520 5061490 4046292 2587493520 333815544 129 3089620 334805824
======================
   8      16 sdb 2007265 10 406300706 1001736 5063416 4046292 2588479120 333936872 12 3090620 334924212
======================
   8      16 sdb 2007269 10 406300738 1002024 5065319 4046292 2589453456 334052464 144 3091620 335044548
======================
   8      16 sdb 2007274 10 406300778 1002340 5067219 4046315 2590425432 334162676 130 3092620 335155012
======================
   8      16 sdb 2007278 10 406300810 1002504 5069140 4046331 2591407600 334290688 153 3093620 335282880
======================
   8      16 sdb 2007282 10 406300842 1002528 5071060 4046331 2592390640 334432988 149 3094624 335425316
======================
   8      16 sdb 2007285 10 406300866 1002560 5072983 4046331 2593375216 334575516 146 3095628 335568040
======================
   8      16 sdb 2007290 10 406300906 1002660 5074902 4046331 2594357744 334715768 150 3096632 335708388
======================
   8      16 sdb 2007294 10 406300938 1002748 5076823 4046356 2595340992 334854516 128 3097636 335847184
======================
   8      16 sdb 2007298 10 406300970 1002852 5078722 4046356 2596313280 334995192 149 3098640 335987296
======================
   8      16 sdb 2007301 10 406300994 1002948 5080621 4046356 2597285568 335133168 149 3099640 336125740
======================
   8      16 sdb 2007306 10 406301034 1003156 5082536 4046356 2598266560 335262908 121 3100644 336255860
======================
   8      16 sdb 2007310 10 406301066 1003324 5084461 4046356 2599251648 335395384 144 3101648 336388416
======================
   8      16 sdb 2007313 10 406301090 1003468 5086384 4046356 2600236736 335528944 58 3102652 336520480
======================
   8      16 sdb 2007317 10 406301122 1003680 5088301 4046356 2601217728 335658264 146 3103656 336651824
======================
   8      16 sdb 2007322 10 406301162 1003956 5090222 4046385 2602200504 335777556 145 3104660 336771564
======================
   8      16 sdb 2007326 10 406301194 1004224 5092125 4046402 2603172960 335901256 150 3105664 336893468
======================
   8      16 sdb 2007329 10 406301218 1004424 5094022 4046402 2604144224 336027068 106 3106664 337020916
======================
   8      16 sdb 2007333 10 406301250 1004720 5095948 4046425 2605129008 336145876 145 3107664 337140468
======================
   8      16 sdb 2007338 10 406301290 1005036 5097868 4046425 2606112048 336258856 145 3108660 337253612
======================
   8      16 sdb 2007342 10 406301322 1005272 5099793 4046447 2607096816 336379000 142 3109664 337370492
======================
   8      16 sdb 2007345 10 406301346 1005500 5101715 4046463 2608080000 336500376 100 3110668 337495452
======================
   8      16 sdb 2007349 10 406301378 1005800 5103639 4046463 2609065088 336619380 140 3111668 337615168
======================
   8      16 sdb 2007354 10 406301418 1006128 5105541 4046463 2610039424 336732696 156 3112672 337728548
======================
   8      16 sdb 2007357 10 406301442 1006356 5107441 4046463 2611011712 336856740 6 3113676 337848164
======================
   8      16 sdb 2007361 10 406301474 1006652 5109360 4046487 2611993424 336970028 137 3114680 337966596
======================
   8      16 sdb 2007365 10 406301506 1006940 5111287 4046504 2612978672 337088092 153 3115684 338085008
======================
   8      16 sdb 2007370 10 406301546 1007264 5113209 4046504 2613962736 337200776 143 3116684 338196740
======================
   8      16 sdb 2007373 10 406301570 1007484 5115127 4046504 2614944752 337323500 5 3117688 338315932
======================
   8      16 sdb 2007377 10 406301602 1007768 5117047 4046504 2615927792 337440772 133 3118688 338438000
======================
   8      16 sdb 2007381 10 406301634 1008068 5118951 4046527 2616901816 337556592 144 3119692 338555060
======================
   8      16 sdb 2007386 10 406301674 1008388 5120861 4046544 2617878864 337673716 137 3120696 338670912
======================
   8      16 sdb 2007389 10 406301698 1008620 5122770 4046544 2618856272 337797896 46 3121700 338794012
======================
   8      16 sdb 2007393 10 406301730 1008916 5124693 4046544 2619840848 337915528 128 3122696 338913840
======================
   8      16 sdb 2007397 10 406301762 1009208 5126613 4046544 2620823888 338034080 128 3123696 339032912
======================
   8      16 sdb 2007402 10 406301802 1009460 5128524 4046567 2621801496 338148032 141 3124700 339145820
======================
   8      16 sdb 2007405 10 406301826 1009688 5130456 4046567 2622790680 338271688 42 3125704 339268508
======================
   8      16 sdb 2007409 10 406301858 1009992 5132380 4046567 2623775768 338391104 149 3126708 339390716
======================
   8      16 sdb 2007413 10 406301890 1010292 5134278 4046567 2624747544 338508100 145 3127704 339508160
======================
   8      16 sdb 2007418 10 406301930 1010632 5136176 4046567 2625719832 338624216 153 3128708 339620412
======================
   8      16 sdb 2007421 10 406301954 1010856 5138103 4046591 2626705128 338739400 77 3129712 339738932
======================
   8      16 sdb 2007425 10 406301986 1011148 5140023 4046591 2627688168 338857572 129 3130716 339858432
======================
   8      16 sdb 2007427 10 406302002 1011292 5141201 4046644 2628284656 338931868 0 3131324 339927616
======================
   8      16 sdb 2007427 10 406302002 1011292 5141201 4046644 2628284656 338931868 0 3131324 339927616
======================
   8      16 sdb 2007427 10 406302002 1011292 5141201 4046644 2628284656 338931868 0 3131324 339927616
======================
   8      16 sdb 2007427 10 406302002 1011292 5141201 4046644 2628284656 338931868 0 3131324 339927616
======================
   8      16 sdb 2007427 10 406302002 1011292 5141201 4046644 2628284656 338931868 0 3131324 339927616
======================
   8      16 sdb 2007427 10 406302002 1011292 5141201 4046644 2628284656 338931868 0 3131324 339927616
started
======================
   8      16 sdb 2007554 10 406303012 1011292 5141216 4046644 2628284712 338931868 0 3131324 339927616
======================
   8      16 sdb 2008624 10 406311572 1011440 5141216 4046644 2628284712 338931868 1 3131472 339927764
======================
   8      16 sdb 2013756 10 406352636 1012120 5141216 4046644 2628284712 338931868 1 3132152 339928444
======================
   8      16 sdb 2019013 10 406394684 1012792 5141216 4046644 2628284712 338931868 0 3132824 339929116
======================
   8      16 sdb 2024406 10 406437828 1013556 5141216 4046644 2628284712 338931868 1 3133588 339929880
======================
   8      16 sdb 2029332 10 406477236 1014288 5141216 4046644 2628284712 338931868 1 3134312 339930604
======================
   8      16 sdb 2034328 10 406517204 1014988 5141216 4046644 2628284712 338931868 1 3135012 339931304
======================
   8      16 sdb 2039623 10 406559564 1015716 5141219 4046645 2628284744 338931868 0 3135732 339932024
======================
   8      16 sdb 2044752 10 406600596 1016352 5141219 4046645 2628284744 338931868 1 3136356 339932648
======================
   8      16 sdb 2049986 10 406642468 1017076 5141219 4046645 2628284744 338931868 1 3137076 339933368
======================
   8      16 sdb 2055033 10 406682844 1017764 5141219 4046645 2628284744 338931868 1 3137756 339934048
======================
   8      16 sdb 2059961 10 406722268 1018476 5141219 4046645 2628284744 338931868 1 3138468 339934760
======================
   8      16 sdb 2064982 10 406762436 1019168 5141219 4046645 2628284744 338931868 0 3139156 339935448
======================
   8      16 sdb 2070210 10 406804260 1019816 5141219 4046645 2628284744 338931868 1 3139804 339936096
======================
   8      16 sdb 2075398 10 406845764 1020504 5141219 4046645 2628284744 338931868 0 3140492 339936784
======================
   8      16 sdb 2080812 10 406889076 1021200 5141219 4046645 2628284744 338931868 1 3141188 339937480
======================
   8      16 sdb 2086249 10 406932572 1021900 5141219 4046645 2628284744 338931868 1 3141884 339938176
======================
   8      16 sdb 2091371 10 406973548 1022604 5141219 4046645 2628284744 338931868 0 3142576 339938868
======================
   8      16 sdb 2096367 10 407013532 1023284 5141219 4046645 2628284744 338931868 1 3143256 339939548
======================
   8      16 sdb 2101363 10 407053500 1023948 5141219 4046645 2628284744 338931868 0 3143920 339940212
======================
   8      16 sdb 2106703 10 407096236 1024624 5141219 4046645 2628284744 338931868 0 3144596 339940888
======================
   8      16 sdb 2112160 10 407139892 1025324 5141219 4046645 2628284744 338931868 1 3145292 339941584
======================
   8      16 sdb 2117602 10 407183428 1026052 5141219 4046645 2628284744 338931868 1 3146016 339942308
======================
   8      16 sdb 2123040 10 407226932 1026732 5141219 4046645 2628284744 338931868 0 3146696 339942988
======================
   8      16 sdb 2128500 10 407270628 1027420 5141219 4046645 2628284744 338931868 1 3147384 339943676
======================
   8      16 sdb 2134020 10 407314788 1028152 5141219 4046645 2628284744 338931868 1 3148116 339944408
======================
   8      16 sdb 2139574 10 407359236 1028936 5141219 4046645 2628284744 338931868 1 3148900 339945192
======================
   8      16 sdb 2145008 10 407402708 1029640 5141219 4046645 2628284744 338931868 1 3149604 339945896
======================
   8      16 sdb 2150406 10 407445892 1030372 5141219 4046645 2628284744 338931868 0 3150336 339946628
======================
   8      16 sdb 2155804 10 407489076 1031108 5141219 4046645 2628284744 338931868 0 3151068 339947360
======================
   8      16 sdb 2161163 10 407531948 1031852 5141219 4046645 2628284744 338931868 1 3151804 339948096
======================
   8      16 sdb 2166808 10 407577108 1032560 5141219 4046645 2628284744 338931868 1 3152512 339948804
======================
   8      16 sdb 2172255 10 407620684 1033260 5141219 4046645 2628284744 338931868 1 3153212 339949504
======================
   8      16 sdb 2177606 10 407663508 1034040 5141220 4046645 2628284752 338931944 1 3153996 339950360
======================
   8      16 sdb 2182574 10 407703252 1034740 5141220 4046645 2628284752 338931944 1 3154684 339951048
======================
   8      16 sdb 2188115 10 407747612 1035504 5141220 4046645 2628284752 338931944 1 3155444 339951808
======================
   8      16 sdb 2193537 10 407790988 1036176 5141220 4046645 2628284752 338931944 0 3156112 339952476
======================
   8      16 sdb 2198931 10 407834156 1036884 5141220 4046645 2628284752 338931944 1 3156820 339953184
======================
   8      16 sdb 2204254 10 407876740 1037568 5141220 4046645 2628284752 338931944 1 3157500 339953864
======================
   8      16 sdb 2209600 10 407919508 1038264 5141220 4046645 2628284752 338931944 1 3158196 339954560
======================
   8      16 sdb 2214961 10 407962396 1038980 5141220 4046645 2628284752 338931944 1 3158908 339955272
======================
   8      16 sdb 2220486 10 408006596 1039724 5141220 4046645 2628284752 338931944 0 3159652 339956016
======================
   8      16 sdb 2225777 10 408048956 1040456 5141220 4046645 2628284752 338931944 0 3160384 339956748
======================
   8      16 sdb 2231428 10 408094164 1041180 5141220 4046645 2628284752 338931944 0 3161100 339957464
======================
   8      16 sdb 2237154 10 408140004 1041924 5141220 4046645 2628284752 338931944 1 3161840 339958204
======================
   8      16 sdb 2242533 10 408183052 1042656 5141220 4046645 2628284752 338931944 1 3162568 339958932
======================
   8      16 sdb 2247954 10 408226468 1043344 5141220 4046645 2628284752 338931944 1 3163248 339959612
======================
   8      16 sdb 2253311 10 408269324 1044048 5141220 4046645 2628284752 338931944 1 3163952 339960316
======================
   8      16 sdb 2258495 10 408310812 1044748 5141220 4046645 2628284752 338931944 1 3164644 339961008
======================
   8      16 sdb 2263693 10 408352412 1045444 5141220 4046645 2628284752 338931944 1 3165336 339961700
======================
   8      16 sdb 2269011 10 408394972 1046184 5141220 4046645 2628284752 338931944 1 3166076 339962440
======================
   8      16 sdb 2274630 10 408439988 1046924 5141220 4046645 2628284752 338931944 1 3166812 339963176
======================
   8      16 sdb 2279978 10 408482820 1047584 5141220 4046645 2628284752 338931944 1 3167472 339963836
======================
   8      16 sdb 2285297 10 408525388 1048292 5141220 4046645 2628284752 338931944 0 3168176 339964540
======================
   8      16 sdb 2290615 10 408567956 1049008 5141220 4046645 2628284752 338931944 0 3168888 339965252
======================
   8      16 sdb 2295838 10 408609756 1049684 5141220 4046645 2628284752 338931944 1 3169560 339965924
======================
   8      16 sdb 2300991 10 408650996 1050388 5141220 4046645 2628284752 338931944 0 3170264 339966628
======================
   8      16 sdb 2306224 10 408692860 1051128 5141220 4046645 2628284752 338931944 1 3171000 339967364
======================
   8      16 sdb 2311501 10 408735140 1051776 5141220 4046645 2628284752 338931944 1 3171636 339968000
======================
   8      16 sdb 2316673 10 408776564 1052540 5141220 4046645 2628284752 338931944 1 3172400 339968764
======================
   8      16 sdb 2321944 10 408818780 1053240 5141220 4046645 2628284752 338931944 1 3173100 339969464
======================
   8      16 sdb 2327537 10 408863556 1053936 5141220 4046645 2628284752 338931944 1 3173788 339970152
======================
   8      16 sdb 2331161 10 408892580 1054428 5141220 4046645 2628284752 338931944 0 3174280 339970644
