======================
   8      32 sdc 566104 2765 110438428 1426188 2888810 54375495 1449017944 752699052 1 5529396 754263084
======================
   8      32 sdc 566122 2765 110439380 1426248 2888810 54375495 1449017944 752699052 0 5529412 754263136
======================
   8      32 sdc 566123 2765 110439388 1426268 2888810 54375495 1449017944 752699052 0 5529432 754263156
======================
   8      32 sdc 566123 2765 110439388 1426268 2888810 54375495 1449017944 752699052 0 5529432 754263156
======================
   8      32 sdc 566123 2765 110439388 1426268 2888810 54375495 1449017944 752699052 0 5529432 754263156
======================
   8      32 sdc 566131 2765 110439452 1426324 2888810 54375495 1449017944 752699052 0 5529488 754263212
======================
   8      32 sdc 566131 2765 110439452 1426324 2888810 54375495 1449017944 752699052 0 5529488 754263212
======================
   8      32 sdc 566131 2765 110439452 1426324 2888810 54375495 1449017944 752699052 0 5529488 754263212
======================
   8      32 sdc 566131 2765 110439452 1426324 2888810 54375495 1449017944 752699052 0 5529488 754263212
======================
   8      32 sdc 566131 2765 110439452 1426324 2888810 54375495 1449017944 752699052 0 5529488 754263212
======================
   8      32 sdc 566131 2765 110439452 1426324 2888985 54386348 1449106168 752710900 0 5529656 754275056
======================
   8      32 sdc 566131 2765 110439452 1426324 2888985 54386348 1449106168 752710900 0 5529656 754275056
======================
   8      32 sdc 566131 2765 110439452 1426324 2889730 54430448 1449464928 752770856 0 5530416 754335012
======================
   8      32 sdc 566131 2765 110439452 1426324 2889730 54430448 1449464928 752770856 0 5530416 754335012
======================
   8      32 sdc 566131 2765 110439452 1426324 2889941 54443667 1449572368 752770988 0 5530468 754335140
======================
   8      32 sdc 566131 2765 110439452 1426324 2889941 54443667 1449572368 752770988 0 5530468 754335140
======================
   8      32 sdc 566131 2765 110439452 1426324 2889941 54443667 1449572368 752770988 0 5530468 754335140
======================
   8      32 sdc 566131 2765 110439452 1426324 2890390 54465264 1449746304 752773516 8 5530764 754337720
======================
   8      32 sdc 566131 2765 110439452 1426324 2891740 54534200 1450309424 752782012 8 5531768 754346188
======================
   8      32 sdc 566131 2765 110439452 1426324 2892466 54574237 1450636968 752784260 1 5532116 754348432
======================
   8      32 sdc 566131 2765 110439452 1426324 2892468 54574237 1450637144 752784304 0 5532132 754348448
======================
   8      32 sdc 566131 2765 110439452 1426324 2892468 54574237 1450637144 752784304 0 5532132 754348448
======================
   8      32 sdc 566131 2765 110439452 1426324 2892468 54574237 1450637144 752784304 0 5532132 754348448
======================
   8      32 sdc 566131 2765 110439452 1426324 2892468 54574237 1450637144 752784304 0 5532132 754348448
======================
   8      32 sdc 566131 2765 110439452 1426324 2892666 54586594 1450737584 752784408 0 5532172 754348540
======================
   8      32 sdc 566131 2765 110439452 1426324 2892666 54586594 1450737584 752784408 0 5532172 754348540
======================
   8      32 sdc 566131 2765 110439452 1426324 2892666 54586594 1450737584 752784408 0 5532172 754348540
======================
   8      32 sdc 566131 2765 110439452 1426324 2892666 54586594 1450737584 752784408 0 5532172 754348540
======================
   8      32 sdc 566131 2765 110439452 1426324 2892666 54586594 1450737584 752784408 0 5532172 754348540
======================
   8      32 sdc 566131 2765 110439452 1426324 2893045 54607963 1450911568 752785404 0 5532320 754349536
======================
   8      32 sdc 566131 2765 110439452 1426324 2893045 54607963 1450911568 752785404 0 5532320 754349536
======================
   8      32 sdc 566131 2765 110439452 1426324 2893045 54607963 1450911568 752785404 0 5532320 754349536
======================
   8      32 sdc 566131 2765 110439452 1426324 2893045 54607963 1450911568 752785404 0 5532320 754349536
======================
   8      32 sdc 566131 2765 110439452 1426324 2893045 54607963 1450911568 752785404 0 5532320 754349536
======================
   8      32 sdc 566131 2765 110439452 1426324 2893456 54631350 1451101576 752788404 8 5532512 754352532
======================
   8      32 sdc 566131 2765 110439452 1426324 2894733 54698460 1451647184 752820320 8 5533516 754384476
======================
   8      32 sdc 566131 2765 110439452 1426324 2895364 54738014 1451917464 752900248 129 5534520 754482560
======================
   8      32 sdc 566131 2765 110439452 1426324 2895905 54766330 1452147616 753041076 132 5535524 754622024
======================
   8      32 sdc 566131 2765 110439452 1426324 2896439 54794314 1452372712 753175972 139 5536528 754759124
======================
   8      32 sdc 566131 2765 110439452 1426324 2896974 54832541 1452601640 753300972 297 5537528 754914352
======================
   8      32 sdc 566131 2765 110439452 1426324 2897090 54838932 1452650752 753362732 282 5538532 755202428
======================
   8      32 sdc 566131 2765 110439452 1426324 2897368 54849222 1452793088 753649932 168 5539536 755480576
======================
   8      32 sdc 566131 2765 110439452 1426324 2898305 54903492 1453270736 754008576 98 5540536 755576636
======================
   8      32 sdc 566131 2765 110439452 1426324 2898809 54937259 1453527432 754125780 132 5541540 755709696
======================
   8      32 sdc 566131 2765 110439452 1426324 2899279 54977314 1453767728 754248992 297 5542544 755870784
======================
   8      32 sdc 566131 2765 110439452 1426324 2899761 54997199 1454013760 754469840 134 5543548 756056996
======================
   8      32 sdc 566131 2765 110439452 1426324 2900232 55026834 1454254912 754605208 134 5544552 756190308
======================
   8      32 sdc 566131 2765 110439452 1426324 2900709 55056579 1454499136 754740100 128 5545556 756324840
======================
   8      32 sdc 566131 2765 110439452 1426324 2901197 55087422 1454747328 754871404 133 5546560 756458160
======================
   8      32 sdc 566131 2765 110439452 1426324 2901703 55126634 1454989216 754980608 309 5547564 756628740
======================
   8      32 sdc 566131 2765 110439452 1426324 2902213 55143018 1455224528 755268924 151 5548568 756853648
======================
   8      32 sdc 566131 2765 110439452 1426324 2903357 55164433 1455427128 755414004 159 5549572 756998796
======================
   8      32 sdc 566131 2765 110439452 1426324 2904293 55170608 1455502472 755550976 18 5550576 757121744
======================
   8      32 sdc 566131 2765 110439452 1426324 2904311 55170608 1455502856 755565576 0 5551016 757129648
======================
   8      32 sdc 566131 2765 110439452 1426324 2904458 55179686 1455576656 755565628 0 5551044 757129700
======================
   8      32 sdc 566131 2765 110439452 1426324 2904458 55179686 1455576656 755565628 0 5551044 757129700
======================
   8      32 sdc 566131 2765 110439452 1426324 2904458 55179686 1455576656 755565628 0 5551044 757129700
======================
   8      32 sdc 566131 2765 110439452 1426324 2904458 55186182 1455576656 755565628 121 5551176 757138244
======================
   8      32 sdc 566131 2765 110439452 1426324 2904755 55205307 1455719240 755691352 135 5552176 757275964
======================
   8      32 sdc 566131 2765 110439452 1426324 2905167 55241801 1455926440 755818120 307 5553180 757439288
======================
   8      32 sdc 566131 2765 110439452 1426324 2905679 55263537 1456186704 756050744 142 5554184 757637108
======================
   8      32 sdc 566131 2765 110439452 1426324 2906095 55289023 1456399696 756186380 132 5555188 757772884
======================
   8      32 sdc 566131 2765 110439452 1426324 2906438 55310899 1456574992 756312216 136 5556192 757910236
======================
   8      32 sdc 566131 2765 110439452 1426324 2906742 55329944 1456729864 756445264 136 5557196 758046728
======================
   8      32 sdc 566131 2765 110439452 1426324 2907206 55368337 1456967072 756584924 283 5558200 758213468
======================
   8      32 sdc 566131 2765 110439452 1426324 2907573 55381817 1457154936 756822568 132 5559204 758455768
======================
   8      32 sdc 566131 2765 110439452 1426324 2908020 55410258 1457383032 757005700 136 5560208 758591592
======================
   8      32 sdc 566131 2765 110439452 1426324 2908487 55439766 1457622088 757140868 138 5561212 758726568
======================
   8      32 sdc 566131 2765 110439452 1426324 2908959 55468934 1457863752 757276636 128 5562216 758861284
======================
   8      32 sdc 566131 2765 110439452 1426324 2909430 55504659 1458104304 757396952 226 5563220 759019516
======================
   8      32 sdc 566131 2765 110439452 1426324 2909765 55511458 1458273288 757563844 0 5563956 759127908
======================
   8      32 sdc 566131 2765 110439452 1426324 2909765 55511458 1458273288 757563844 0 5563956 759127908
======================
   8      32 sdc 566131 2765 110439452 1426324 2909765 55511458 1458273288 757563844 0 5563956 759127908
======================
   8      32 sdc 566131 2765 110439452 1426324 2909765 55511458 1458273288 757563844 0 5563956 759127908
======================
   8      32 sdc 566131 2765 110439452 1426324 2910205 55536204 1458473472 757565020 8 5564136 759129116
======================
   8      32 sdc 566131 2765 110439452 1426324 2911983 55622078 1459172904 757573632 8 5565136 759137716
======================
   8      32 sdc 566131 2765 110439452 1426324 2913635 55690221 1459696496 757627420 114 5566140 759210664
======================
   8      32 sdc 566131 2765 110439452 1426324 2914274 55732066 1460004352 757756548 141 5567144 759337892
======================
   8      32 sdc 566131 2765 110439452 1426324 2914704 55754846 1460216952 757886872 149 5568148 759473856
======================
   8      32 sdc 566131 2765 110439452 1426324 2915508 55791823 1460422440 758016508 279 5569152 759653992
======================
   8      32 sdc 566131 2765 110439452 1426324 2915923 55808456 1460634016 758253540 129 5570152 759900116
======================
   8      32 sdc 566131 2765 110439452 1426324 2916053 55808456 1460699576 758363304 0 5570524 759927344
======================
   8      32 sdc 566131 2765 110439452 1426324 2916053 55808456 1460699576 758363304 0 5570524 759927344
======================
   8      32 sdc 566131 2765 110439452 1426324 2916053 55808456 1460699576 758363304 0 5570524 759927344
======================
   8      32 sdc 566131 2765 110439452 1426324 2916265 55821681 1460807072 758363404 0 5570560 759927444
======================
   8      32 sdc 566131 2765 110439452 1426324 2916265 55821681 1460807072 758363404 0 5570560 759927444
======================
   8      32 sdc 566131 2765 110439452 1426324 2916265 55821681 1460807072 758363404 0 5570560 759927444
======================
   8      32 sdc 566131 2765 110439452 1426324 2916265 55821681 1460807072 758363404 0 5570560 759927444
======================
   8      32 sdc 566131 2765 110439452 1426324 2916265 55821681 1460807072 758363404 0 5570560 759927444
======================
   8      32 sdc 566131 2765 110439452 1426324 2916498 55836289 1460925800 758363500 0 5570604 759927540
======================
   8      32 sdc 566131 2765 110439452 1426324 2917349 55874180 1461234736 758365064 3 5571164 759929108
======================
   8      32 sdc 566131 2765 110439452 1426324 2919054 55951340 1461865528 758367696 3 5572072 759931716
======================
   8      32 sdc 566131 2765 110439452 1426324 2919330 55964001 1461970152 758368112 0 5572212 759932128
======================
   8      32 sdc 566131 2765 110439452 1426324 2919330 55964001 1461970152 758368112 0 5572212 759932128
======================
   8      32 sdc 566131 2765 110439452 1426324 2919695 55986932 1462156520 758368304 0 5572316 759932320
======================
   8      32 sdc 566131 2765 110439452 1426324 2919695 55986932 1462156520 758368304 0 5572316 759932320
======================
   8      32 sdc 566131 2765 110439452 1426324 2920277 56013423 1462371952 758369096 3 5572592 759933108
======================
   8      32 sdc 566131 2765 110439452 1426324 2921970 56102828 1463031328 758379044 140 5573596 759957644
======================
   8      32 sdc 566131 2765 110439452 1426324 2922419 56130564 1463259280 758509384 142 5574600 760095124
======================
   8      32 sdc 566131 2765 110439452 1426324 2922906 56170016 1463501208 758651872 290 5575604 760281316
======================
   8      32 sdc 566131 2765 110439452 1426324 2923386 56190854 1463745856 758881636 143 5576608 760526664
======================
   8      32 sdc 566131 2765 110439452 1426324 2923565 56201442 1463837016 758996792 133 5577612 760660716
======================
   8      32 sdc 566131 2765 110439452 1426324 2923565 56201442 1463837016 758996792 133 5578616 760794248
======================
   8      32 sdc 566131 2765 110439452 1426324 2923573 56202003 1463841112 759019944 134 5579620 760927744
======================
   8      32 sdc 566131 2765 110439452 1426324 2924061 56241323 1464090480 759469700 271 5580624 761116232
======================
   8      32 sdc 566131 2765 110439452 1426324 2924092 56243235 1464106352 759481280 271 5581628 761388780
======================
   8      32 sdc 566131 2765 110439452 1426324 2924469 56249822 1464297208 760088084 2 5582640 761652064
======================
   8      32 sdc 566131 2765 110439452 1426324 2927893 56315330 1464839048 760113428 132 5583644 761678572
======================
   8      32 sdc 566131 2765 110439452 1426324 2929088 56370734 1465233536 760202492 136 5584644 761778468
======================
   8      32 sdc 566131 2765 110439452 1426324 2929907 56427599 1465652792 760332468 220 5585648 761960604
======================
   8      32 sdc 566131 2765 110439452 1426324 2930765 56475801 1466090488 760525060 131 5586652 762099884
======================
   8      32 sdc 566131 2765 110439452 1426324 2931307 56510418 1466366584 760652496 142 5587656 762237908
======================
   8      32 sdc 566131 2765 110439452 1426324 2931752 56538182 1466593928 760791976 138 5588656 762376136
======================
   8      32 sdc 566131 2765 110439452 1426324 2932303 56567874 1466826464 760879368 156 5589660 762518360
======================
   8      32 sdc 566131 2765 110439452 1426324 2932778 56605946 1467068616 760968868 288 5590664 762716624
======================
   8      32 sdc 566131 2765 110439452 1426324 2933262 56627772 1467315152 761335036 155 5591664 762962176
======================
   8      32 sdc 566131 2765 110439452 1426324 2937267 56645370 1467564600 761490236 0 5592460 763054180
======================
   8      32 sdc 566131 2765 110439452 1426324 2937267 56645370 1467564600 761490236 0 5592460 763054180
======================
   8      32 sdc 566131 2765 110439452 1426324 2937267 56645370 1467564600 761490236 0 5592460 763054180
======================
   8      32 sdc 566131 2765 110439452 1426324 2937584 56665099 1467724960 761490352 0 5592520 763054292
======================
   8      32 sdc 566131 2765 110439452 1426324 2937584 56665099 1467724960 761490352 0 5592520 763054292
======================
   8      32 sdc 566131 2765 110439452 1426324 2937730 56673908 1467796600 761490468 0 5592608 763054408
======================
   8      32 sdc 566131 2765 110439452 1426324 2937730 56673908 1467796600 761490468 0 5592608 763054408
======================
   8      32 sdc 566131 2765 110439452 1426324 2937730 56673908 1467796600 761490468 0 5592608 763054408
======================
   8      32 sdc 566131 2765 110439452 1426324 2938093 56697294 1467982456 761520620 9 5593016 763086936
======================
   8      32 sdc 566131 2765 110439452 1426324 2938103 56697294 1467986672 761523044 0 5593028 763086984
======================
   8      32 sdc 566131 2765 110439452 1426324 2938647 56729990 1468251984 761523496 2 5593360 763087432
======================
   8      32 sdc 566131 2765 110439452 1426324 2940202 56828247 1469012024 761527612 78 5594364 763093828
======================
   8      32 sdc 566131 2765 110439452 1426324 2940348 56832506 1469086328 761540780 0 5594532 763104716
======================
   8      32 sdc 566131 2765 110439452 1426324 2940840 56863187 1469335696 761541020 0 5594664 763104956
======================
   8      32 sdc 566131 2765 110439452 1426324 2940840 56863187 1469335696 761541020 0 5594664 763104956
======================
   8      32 sdc 566131 2765 110439452 1426324 2940840 56863187 1469335696 761541020 0 5594664 763104956
======================
   8      32 sdc 566131 2765 110439452 1426324 2940840 56863187 1469335696 761541020 0 5594664 763104956
======================
   8      32 sdc 566131 2765 110439452 1426324 2942211 56946459 1470012840 761542776 0 5595544 763106688
======================
   8      32 sdc 566131 2765 110439452 1426324 2942522 56974257 1470172072 761588764 131 5595972 763164492
======================
   8      32 sdc 566131 2765 110439452 1426324 2942656 56974257 1470238776 761610660 0 5596124 763174572
======================
   8      32 sdc 566131 2765 110439452 1426324 2942656 56974257 1470238776 761610660 0 5596124 763174572
======================
   8      32 sdc 566131 2765 110439452 1426324 2942719 56978159 1470270288 761610708 1 5596164 763174620
======================
   8      32 sdc 566131 2765 110439452 1426324 2943328 57014765 1470568216 761611552 0 5596540 763175464
======================
   8      32 sdc 566131 2765 110439452 1426324 2944056 57068916 1470930632 761611944 153 5597076 763206200
======================
   8      32 sdc 566131 2765 110439452 1426324 2944056 57068916 1470930632 761611944 153 5598076 763359200
======================
   8      32 sdc 566131 2765 110439452 1426324 2944212 57078115 1471010008 761923992 143 5599080 763508060
======================
   8      32 sdc 566131 2765 110439452 1426324 2944701 57107831 1471259896 762064504 129 5600084 763646464
======================
   8      32 sdc 566131 2765 110439452 1426324 2945239 57142234 1471533424 762202664 139 5601084 763783944
======================
   8      32 sdc 566131 2765 110439452 1426324 2945714 57175620 1471776624 762337068 195 5602092 763956240
======================
   8      32 sdc 566131 2765 110439452 1426324 2946174 57200918 1472009632 762496064 140 5603036 764068652
======================
   8      32 sdc 566131 2765 110439452 1426324 2946620 57229520 1472237984 762621592 148 5604040 764207184
======================
   8      32 sdc 566131 2765 110439452 1426324 2949634 57242078 1472367112 762708064 140 5605044 764350096
======================
   8      32 sdc 566131 2765 110439452 1426324 2950121 57273201 1472616176 762905680 147 5606052 764488924
======================
   8      32 sdc 566131 2765 110439452 1426324 2950585 57310841 1472852728 763036108 282 5607064 764704376
======================
   8      32 sdc 566131 2765 110439452 1426324 2951021 57329322 1473075128 763314584 141 5608064 764900292
======================
   8      32 sdc 566131 2765 110439452 1426324 2951471 57358023 1473305312 763453808 147 5609072 765039456
======================
   8      32 sdc 566131 2765 110439452 1426324 2951915 57385365 1473532640 763592968 137 5610080 765178852
======================
   8      32 sdc 566131 2765 110439452 1426324 2952351 57412644 1473755872 763732032 134 5611088 765318100
======================
   8      32 sdc 566131 2765 110439452 1426324 2952840 57449758 1474003768 763870676 241 5612092 765517672
======================
   8      32 sdc 566131 2765 110439452 1426324 2953170 57455389 1474171912 764053088 2 5613096 765618420
======================
   8      32 sdc 566131 2765 110439452 1426324 2953170 57455389 1474171912 764053088 2 5614100 765620428
======================
   8      32 sdc 566131 2765 110439452 1426324 2954185 57516580 1474669008 764058088 2 5615104 765621956
======================
   8      32 sdc 566131 2765 110439452 1426324 2955062 57579063 1475108240 764126180 136 5616108 765707692
======================
   8      32 sdc 566131 2765 110439452 1426324 2955733 57619362 1475449416 764269024 110 5617112 765890960
======================
   8      32 sdc 566131 2765 110439452 1426324 2956315 57655875 1475736432 764403740 128 5618056 765985756
======================
   8      32 sdc 566131 2765 110439452 1426324 2956767 57685646 1475966984 764522016 152 5619060 766124700
======================
   8      32 sdc 566131 2765 110439452 1426324 2957218 57713563 1476194944 764586528 149 5620060 766267856
======================
   8      32 sdc 566131 2765 110439452 1426324 2957698 57734888 1476435904 764826972 149 5621064 766411360
======================
   8      32 sdc 566131 2765 110439452 1426324 2958322 57758673 1476639384 764906752 0 5621712 766470608
======================
   8      32 sdc 566131 2765 110439452 1426324 2958322 57758673 1476639384 764906752 0 5621712 766470608
======================
   8      32 sdc 566131 2765 110439452 1426324 2958322 57758673 1476639384 764906752 0 5621712 766470608
======================
   8      32 sdc 566131 2765 110439452 1426324 2958322 57758673 1476639384 764906752 0 5621712 766470608
======================
   8      32 sdc 566131 2765 110439452 1426324 2958322 57758673 1476639384 764906752 0 5621712 766470608
======================
   8      32 sdc 566131 2765 110439452 1426324 2959343 57821556 1477150608 764913364 0 5622132 766477200
======================
   8      32 sdc 566131 2765 110439452 1426324 2959343 57821556 1477150608 764913364 0 5622132 766477200
======================
   8      32 sdc 566131 2765 110439452 1426324 2959343 57821556 1477150608 764913364 0 5622132 766477200
======================
   8      32 sdc 566131 2765 110439452 1426324 2959343 57821556 1477150608 764913364 0 5622132 766477200
======================
   8      32 sdc 566131 2765 110439452 1426324 2959343 57821556 1477150608 764913364 0 5622132 766477200
======================
   8      32 sdc 566131 2765 110439452 1426324 2959923 57857369 1477441384 764913676 1 5622332 766477512
======================
   8      32 sdc 566131 2765 110439452 1426324 2961405 57947114 1478171056 764914868 1 5623264 766478700
======================
   8      32 sdc 566131 2765 110439452 1426324 2962191 57994645 1478558096 764941552 0 5623928 766505380
======================
   8      32 sdc 566131 2765 110439452 1426324 2962191 57994645 1478558096 764941552 0 5623928 766505380
======================
   8      32 sdc 566131 2765 110439452 1426324 2962191 57994645 1478558096 764941552 0 5623928 766505380
======================
   8      32 sdc 566131 2765 110439452 1426324 2962683 58025442 1478808400 764941776 0 5624040 766505596
======================
   8      32 sdc 566131 2765 110439452 1426324 2962683 58025442 1478808400 764941776 0 5624040 766505596
======================
   8      32 sdc 566131 2765 110439452 1426324 2963468 58073327 1479197648 764942396 2 5624536 766506208
======================
   8      32 sdc 566131 2765 110439452 1426324 2964312 58133421 1479620248 765005524 129 5625540 766589404
======================
   8      32 sdc 566131 2765 110439452 1426324 2964696 58157676 1479816856 765151816 130 5626544 766726620
======================
   8      32 sdc 566131 2765 110439452 1426324 2965206 58191318 1480077976 765294852 155 5627544 766898668
======================
   8      32 sdc 566131 2765 110439452 1426324 2965686 58217525 1480321520 765427424 95 5628504 766996372
======================
   8      32 sdc 566131 2765 110439452 1426324 2966136 58248635 1480551872 765548504 139 5629512 767133640
======================
   8      32 sdc 566131 2765 110439452 1426324 2968725 58262370 1480681120 765656864 141 5630516 767274580
======================
   8      32 sdc 566131 2765 110439452 1426324 2969146 58288582 1480896672 765814508 136 5631520 767412236
======================
   8      32 sdc 566131 2765 110439452 1426324 2969147 58298599 1480896672 765814508 296 5632520 767646560
======================
   8      32 sdc 566131 2765 110439452 1426324 2969233 58302611 1480940704 765961352 275 5633524 767940952
======================
   8      32 sdc 566131 2765 110439452 1426324 2969662 58312438 1481159680 766454772 2 5634528 768022260
======================
   8      32 sdc 566131 2765 110439452 1426324 2969877 58325364 1481264800 766460332 2 5635528 768024120
======================
   8      32 sdc 566131 2765 110439452 1426324 2971175 58403910 1481903512 766461592 2 5636532 768025372
======================
   8      32 sdc 566131 2765 110439452 1426324 2971684 58452411 1482158544 766497392 274 5637536 768217648
======================
   8      32 sdc 566131 2765 110439452 1426324 2971939 58460239 1482289616 766715176 144 5638540 768473152
======================
   8      32 sdc 566131 2765 110439452 1426324 2972378 58487587 1482511528 767023468 143 5639540 768608688
======================
   8      32 sdc 566131 2765 110439452 1426324 2972837 58515579 1482745184 767162528 131 5640544 768745932
======================
   8      32 sdc 566131 2765 110439452 1426324 2973308 58546501 1482984056 767239108 156 5641552 768888632
======================
   8      32 sdc 566131 2765 110439452 1426324 2973747 58582528 1483206480 767464584 294 5642556 769122600
======================
   8      32 sdc 566131 2765 110439452 1426324 2974236 58595734 1483454104 767722948 155 5643560 769308260
======================
   8      32 sdc 566131 2765 110439452 1426324 2977741 58607633 1483586368 767858972 0 5644468 769422744
======================
   8      32 sdc 566131 2765 110439452 1426324 2977741 58607633 1483586368 767858972 0 5644468 769422744
======================
   8      32 sdc 566131 2765 110439452 1426324 2977741 58607633 1483586368 767858972 0 5644468 769422744
======================
   8      32 sdc 566131 2765 110439452 1426324 2978050 58627017 1483743912 767859092 0 5644528 769422864
======================
   8      32 sdc 566131 2765 110439452 1426324 2978050 58627017 1483743912 767859092 0 5644528 769422864
======================
   8      32 sdc 566131 2765 110439452 1426324 2978050 58627017 1483743912 767859092 0 5644528 769422864
======================
   8      32 sdc 566131 2765 110439452 1426324 2978334 58653097 1483887288 767974264 135 5645512 769557276
======================
   8      32 sdc 566131 2765 110439452 1426324 2978471 58662106 1483956928 768037740 141 5646512 769695724
======================
   8      32 sdc 566131 2765 110439452 1426324 2978590 58679557 1484016840 768160820 301 5647516 769916084
======================
   8      32 sdc 566131 2765 110439452 1426324 2978691 58685605 1484068552 768279568 296 5648520 770206844
======================
   8      32 sdc 566131 2765 110439452 1426324 2979095 58700586 1484274792 768803368 131 5649524 770447608
======================
   8      32 sdc 566131 2765 110439452 1426324 2979568 58730483 1484516968 769001528 133 5650528 770584872
======================
   8      32 sdc 566131 2765 110439452 1426324 2980012 58758211 1484744296 769137056 129 5651528 770721648
======================
   8      32 sdc 566131 2765 110439452 1426324 2980489 58795617 1484988520 769286564 246 5652536 770957084
======================
   8      32 sdc 566131 2765 110439452 1426324 2980953 58817793 1485225296 769519788 135 5653536 771105228
======================
   8      32 sdc 566131 2765 110439452 1426324 2981389 58845270 1485448096 769657428 136 5654540 771242636
======================
   8      32 sdc 566131 2765 110439452 1426324 2981745 58859101 1485630136 769769764 0 5655364 771333528
======================
   8      32 sdc 566131 2765 110439452 1426324 2981745 58859101 1485630136 769769764 0 5655364 771333528
======================
   8      32 sdc 566131 2765 110439452 1426324 2982167 58885571 1485845272 769769964 0 5655452 771333724
======================
   8      32 sdc 566131 2765 110439452 1426324 2982167 58885571 1485845272 769769964 0 5655452 771333724
======================
   8      32 sdc 566131 2765 110439452 1426324 2982167 58885571 1485845272 769769964 0 5655452 771333724
======================
   8      32 sdc 566131 2765 110439452 1426324 2982634 58913855 1486074896 769770684 1 5655780 771334444
======================
   8      32 sdc 566131 2765 110439452 1426324 2983194 58947960 1486352600 769771292 0 5656276 771335044
======================
   8      32 sdc 566131 2765 110439452 1426324 2983657 58976927 1486588032 769771504 0 5656372 771335248
======================
   8      32 sdc 566131 2765 110439452 1426324 2983657 58976927 1486588032 769771504 0 5656372 771335248
======================
   8      32 sdc 566131 2765 110439452 1426324 2983657 58976927 1486588032 769771504 0 5656372 771335248
======================
   8      32 sdc 566131 2765 110439452 1426324 2983657 58976927 1486588032 769771504 0 5656372 771335248
======================
   8      32 sdc 566131 2765 110439452 1426324 2984093 59003680 1486805328 769771892 1 5656660 771335636
======================
   8      32 sdc 566131 2765 110439452 1426324 2985502 59099632 1487520936 769827052 128 5657660 771410112
======================
   8      32 sdc 566131 2765 110439452 1426324 2988764 59111170 1487701888 769986640 138 5658664 771552152
======================
   8      32 sdc 566131 2765 110439452 1426324 2989375 59146145 1487925544 770098032 129 5659668 771683152
======================
   8      32 sdc 566131 2765 110439452 1426324 2989746 59170207 1488112048 770224844 143 5660668 771822212
======================
   8      32 sdc 566131 2765 110439452 1426324 2990120 59193182 1488302240 770350040 134 5661672 771958872
======================
   8      32 sdc 566131 2765 110439452 1426324 2990652 59227081 1488574160 770536636 141 5662672 772122612
======================
   8      32 sdc 566131 2765 110439452 1426324 2991106 59255055 1488804600 770634500 135 5663624 772218792
======================
   8      32 sdc 566131 2765 110439452 1426324 2991564 59284476 1489039096 770772048 144 5664628 772355832
======================
   8      32 sdc 566131 2765 110439452 1426324 2991673 59291154 1489094904 770803872 141 5665628 772495840
======================
   8      32 sdc 566131 2765 110439452 1426324 2991772 59300563 1489145592 770970644 193 5666632 772639400
======================
   8      32 sdc 566131 2765 110439452 1426324 2992639 59348322 1489564040 771176352 133 5667608 772746228
======================
   8      32 sdc 566131 2765 110439452 1426324 2993425 59397351 1489966248 771300104 130 5668612 772877644
======================
   8      32 sdc 566131 2765 110439452 1426324 2993876 59425388 1490191808 771426492 134 5669616 773010344
======================
   8      32 sdc 566131 2765 110439452 1426324 2994323 59452357 1490414592 771563364 131 5670624 773147144
======================
   8      32 sdc 566131 2765 110439452 1426324 2994790 59481635 1490648200 771698956 136 5671632 773280488
======================
   8      32 sdc 566131 2765 110439452 1426324 2995426 59507442 1490888048 771833700 76 5672644 773399376
======================
   8      32 sdc 566131 2765 110439452 1426324 2995881 59539324 1491120560 771947248 139 5673648 773530100
======================
   8      32 sdc 566131 2765 110439452 1426324 2996378 59567851 1491354624 772088716 139 5674660 773667496
======================
   8      32 sdc 566131 2765 110439452 1426324 2996893 59598076 1491599760 772216528 156 5675668 773800104
======================
   8      32 sdc 566131 2765 110439452 1426324 2997452 59628971 1491851672 772352560 134 5676672 773931972
======================
   8      32 sdc 566131 2765 110439452 1426324 2997917 59657883 1492084720 772484000 130 5677676 774067500
======================
   8      32 sdc 566131 2765 110439452 1426324 2998353 59683269 1492305744 772620224 139 5678680 774204600
======================
   8      32 sdc 566131 2765 110439452 1426324 2998927 59712018 1492549184 772750404 172 5679684 774369908
======================
   8      32 sdc 566131 2765 110439452 1426324 3002158 59758904 1492858152 773016196 269 5680688 774654404
======================
   8      32 sdc 566131 2765 110439452 1426324 3002626 59781173 1493093672 773291552 165 5681692 774915904
======================
   8      32 sdc 566131 2765 110439452 1426324 3002791 59781173 1493175048 773380644 0 5682036 774944252
======================
   8      32 sdc 566131 2765 110439452 1426324 3002791 59781173 1493175048 773380644 0 5682036 774944252
======================
   8      32 sdc 566131 2765 110439452 1426324 3002791 59781173 1493175048 773380644 0 5682036 774944252
======================
   8      32 sdc 566131 2765 110439452 1426324 3002791 59781173 1493175048 773380644 0 5682036 774944252
======================
   8      32 sdc 566131 2765 110439452 1426324 3002791 59781173 1493175048 773380644 0 5682036 774944252
======================
   8      32 sdc 566131 2765 110439452 1426324 3002791 59781173 1493175048 773380644 0 5682036 774944252
======================
   8      32 sdc 566131 2765 110439452 1426324 3002791 59781173 1493175048 773380644 0 5682036 774944252
======================
   8      32 sdc 566131 2765 110439452 1426324 3002792 59781173 1493175048 773380644 0 5682036 774944252
======================
   8      32 sdc 566131 2765 110439452 1426324 3002792 59781173 1493175048 773380644 0 5682036 774944252
======================
   8      32 sdc 566131 2765 110439452 1426324 3002792 59781173 1493175048 773380644 0 5682036 774944252
======================
   8      32 sdc 566131 2765 110439452 1426324 3002792 59781173 1493175048 773380644 0 5682036 774944252
======================
   8      32 sdc 566131 2765 110439452 1426324 3002792 59781173 1493175048 773380644 0 5682036 774944252
======================
   8      32 sdc 566131 2765 110439452 1426324 3002792 59781173 1493175048 773380644 0 5682036 774944252
======================
   8      32 sdc 566131 2765 110439452 1426324 3002792 59781173 1493175048 773380644 0 5682036 774944252
======================
   8      32 sdc 566131 2765 110439452 1426324 3002792 59781173 1493175048 773380644 0 5682036 774944252
======================
   8      32 sdc 566131 2765 110439452 1426324 3002792 59781173 1493175048 773380644 0 5682036 774944252
======================
   8      32 sdc 566131 2765 110439452 1426324 3002792 59781173 1493175048 773380644 0 5682036 774944252
======================
   8      32 sdc 566131 2765 110439452 1426324 3002792 59781173 1493175048 773380644 0 5682036 774944252
======================
   8      32 sdc 566131 2765 110439452 1426324 3002792 59781173 1493175048 773380644 0 5682036 774944252
======================
   8      32 sdc 566131 2765 110439452 1426324 3002815 59781173 1493175136 773380644 0 5682036 774944252
started
======================
   8      32 sdc 566369 2765 110441350 1431688 3002817 59781173 1493175144 773380644 0 5682092 774949616
======================
   8      32 sdc 567411 2765 110449686 1438988 3002817 59781173 1493175144 773380644 33 5682472 774957048
======================
   8      32 sdc 570279 2765 110472630 1462280 3002817 59781173 1493175144 773380644 32 5683468 774980460
======================
   8      32 sdc 572826 2765 110493006 1487676 3002817 59781173 1493175144 773380644 33 5684472 775006128
======================
   8      32 sdc 575189 2765 110511910 1515424 3002817 59781173 1493175144 773380644 33 5685476 775033348
======================
   8      32 sdc 578178 2765 110535822 1540404 3002817 59781173 1493175144 773380644 33 5686476 775058724
======================
   8      32 sdc 580377 2811 110553790 1564760 3002831 59781907 1493181128 773380848 33 5687480 775083264
======================
   8      32 sdc 583345 2811 110577534 1590060 3002831 59781907 1493181128 773380848 6 5688476 775108248
======================
   8      32 sdc 586466 2811 110602502 1615224 3002831 59781907 1493181128 773380848 32 5689480 775133608
======================
   8      32 sdc 589689 2811 110628286 1640912 3002831 59781907 1493181128 773380848 29 5690484 775159152
======================
   8      32 sdc 593555 2811 110659214 1665312 3002831 59781907 1493181128 773380848 33 5691480 775183572
======================
   8      32 sdc 596721 2811 110684542 1690452 3002848 59782915 1493189328 773380956 33 5692480 775208820
======================
   8      32 sdc 600755 2811 110716814 1713820 3002848 59782915 1493189328 773380956 11 5693472 775232144
======================
   8      32 sdc 604082 2811 110743430 1738584 3002848 59782915 1493189328 773380956 1 5694468 775256828
======================
   8      32 sdc 607374 2811 110769766 1764060 3002848 59782915 1493189328 773380956 1 5695468 775282296
======================
   8      32 sdc 611712 2811 110804470 1787788 3002848 59782915 1493189328 773380956 1 5696456 775306024
======================
   8      32 sdc 614485 2993 110828150 1810976 3003705 59784362 1493207608 773397620 161 5697452 775349732
======================
   8      32 sdc 618140 3357 110860398 1835756 3004928 59784531 1493218896 773437364 33 5698444 775410396
======================
   8      32 sdc 621553 3357 110887702 1859432 3004928 59784531 1493218896 773437364 33 5699448 775434204
======================
   8      32 sdc 625263 3357 110917382 1883028 3004928 59784531 1493218896 773437364 31 5700444 775457788
======================
   8      32 sdc 629098 3357 110948062 1908096 3004928 59784531 1493218896 773437364 32 5701436 775482860
======================
   8      32 sdc 632219 3357 110973030 1932904 3004954 59786081 1493231504 773437524 25 5702424 775507800
======================
   8      32 sdc 636537 3357 111007574 1957084 3004954 59786081 1493231504 773437524 31 5703412 775532004
======================
   8      32 sdc 640054 3357 111035710 1980812 3004954 59786081 1493231504 773437524 31 5704404 775555964
======================
   8      32 sdc 643413 3357 111062582 2001876 3004954 59786081 1493231504 773437524 33 5705404 775580364
======================
   8      32 sdc 643641 3357 111064406 2025568 3004954 59786081 1493231504 773437524 33 5706404 775610788
======================
   8      32 sdc 643673 3357 111064662 2051552 3004954 59786081 1493231504 773437524 1 5707408 775627664
======================
   8      32 sdc 643789 3357 111065590 2056672 3004976 59787381 1493242080 773437656 46 5708408 775632060
======================
   8      32 sdc 645905 3357 111082518 2091480 3004976 59787381 1493242080 773437656 32 5709396 775666532
======================
   8      32 sdc 649632 3357 111112334 2116048 3004976 59787381 1493242080 773437656 32 5710392 775691096
======================
   8      32 sdc 653398 3357 111142462 2138772 3004976 59787381 1493242080 773437656 22 5711384 775713868
======================
   8      32 sdc 657441 3357 111174806 2163416 3004976 59787381 1493242080 773437656 1 5712372 775738348
======================
   8      32 sdc 661483 3357 111207142 2187236 3005003 59788964 1493254960 773437876 31 5713372 775762376
======================
   8      32 sdc 665256 3357 111237326 2210576 3005003 59788964 1493254960 773437876 30 5714360 775785836
======================
   8      32 sdc 669534 3357 111271550 2234612 3005003 59788964 1493254960 773437876 32 5715356 775809880
======================
   8      32 sdc 673138 3357 111300382 2260236 3005003 59788964 1493254960 773437876 31 5716344 775835376
======================
   8      32 sdc 676888 3357 111330382 2285004 3005003 59791357 1493254960 773437876 38 5717332 775860592
======================
   8      32 sdc 679433 4862 111363166 2300740 3009868 59791855 1493317008 773560616 31 5718332 775998732
======================
   8      32 sdc 683187 4862 111393198 2324780 3009868 59791855 1493317008 773560616 31 5719316 776022772
======================
   8      32 sdc 686736 4862 111421590 2350596 3009868 59791855 1493317008 773560616 33 5720312 776048596
======================
   8      32 sdc 690993 4862 111455646 2374312 3009868 59791855 1493317008 773560616 31 5721292 776072300
======================
   8      32 sdc 694636 4862 111484790 2399300 3009868 59795120 1493317008 773560616 52 5722280 776097544
======================
   8      32 sdc 697740 4862 111509622 2422452 3009921 59795120 1493343552 773561520 1 5723248 776121224
======================
   8      32 sdc 701245 4862 111537662 2445068 3009921 59795120 1493343552 773561520 7 5724240 776143904
======================
   8      32 sdc 704788 4862 111566006 2469540 3009921 59795120 1493343552 773561520 32 5725220 776168304
======================
   8      32 sdc 707832 4862 111590358 2487868 3009921 59795120 1493343552 773561520 32 5726204 776192900
======================
   8      32 sdc 708396 4862 111594870 2519260 3009921 59795120 1493343552 773561520 1 5727204 776218060
======================
   8      32 sdc 708649 4862 111596894 2552468 3009974 59798379 1493370048 773561756 31 5728208 776252580
======================
   8      32 sdc 709027 4862 111599918 2567284 3009974 59798379 1493370048 773561756 33 5729208 776268604
======================
   8      32 sdc 709188 4862 111601206 2579540 3009974 59798379 1493370048 773561756 31 5730212 776279156
======================
   8      32 sdc 709500 4862 111603702 2593720 3009974 59798379 1493370048 773561756 2 5731212 776293404
======================
   8      32 sdc 709500 4862 111603702 2593720 3009974 59798379 1493370048 773561756 2 5732216 776295412
======================
   8      32 sdc 709845 4862 111606462 2609744 3009986 59799050 1493375512 773562820 31 5733220 776310052
======================
   8      32 sdc 713808 4862 111638166 2633024 3009986 59799050 1493375512 773562820 31 5734180 776333208
======================
   8      32 sdc 717410 4862 111666982 2657792 3009986 59799050 1493375512 773562820 1 5735164 776357860
======================
   8      32 sdc 720787 4862 111693998 2680636 3009986 59799050 1493375512 773562820 18 5736096 776380768
======================
   8      32 sdc 724711 4862 111725390 2702828 3009986 59799050 1493375512 773562820 31 5737048 776403012
======================
   8      32 sdc 727587 5631 111754750 2721232 3016197 59805950 1493480360 773641768 176 5738036 776510028
======================
   8      32 sdc 730906 5924 111783726 2743140 3016715 59805979 1493484776 773682220 0 5738988 776562592
======================
   8      32 sdc 734549 5924 111812870 2764036 3016715 59805979 1493484776 773682220 0 5739872 776583484
======================
   8      32 sdc 737555 5924 111836918 2783120 3016715 59805979 1493484776 773682220 31 5740656 776602940
======================
   8      32 sdc 738776 5924 111846686 2789244 3016715 59805979 1493484776 773682220 0 5740908 776608692
======================
   8      32 sdc 738776 5924 111846686 2789244 3016715 59805979 1493484776 773682220 0 5740908 776608692
