======================
   8      16 sdb 319 0 8682 320 67859 4011431 32634304 5201540 0 32240 5201432
======================
   8      16 sdb 319 0 8682 320 67859 4011431 32634304 5201540 0 32240 5201432
======================
   8      16 sdb 322 0 8706 320 67859 4011431 32634304 5201540 0 32240 5201432
======================
   8      16 sdb 323 0 8714 320 68819 4011431 33125824 5211184 0 32320 5211076
======================
   8      16 sdb 323 0 8714 320 70874 4011431 34177984 5333712 135 33232 5338712
======================
   8      16 sdb 323 0 8714 320 72750 4011431 35138496 5472984 147 34236 5481300
======================
   8      16 sdb 323 0 8714 320 74530 4011431 36049856 5606080 145 35240 5623248
======================
   8      16 sdb 324 0 8722 384 76393 4011465 37002976 5757148 133 36244 5761188
======================
   8      16 sdb 324 0 8722 384 78407 4011465 38034144 5899064 135 37248 5903200
======================
   8      16 sdb 324 0 8722 384 80056 4011465 38878432 6040900 150 38252 6044988
======================
   8      16 sdb 324 0 8722 384 81153 4011465 39440096 6177968 141 39256 6183376
======================
   8      16 sdb 325 0 8730 620 83024 4011465 40397544 6309792 133 40256 6311756
======================
   8      16 sdb 325 0 8730 620 85018 4011503 41411720 6448204 156 41260 6452440
======================
   8      16 sdb 325 0 8730 620 87362 4011503 42611848 6589752 148 42264 6593900
======================
   8      16 sdb 325 0 8730 620 89872 4011503 43896968 6731304 134 43268 6735700
======================
   8      16 sdb 326 0 8738 640 91980 4011503 44976264 6872384 130 44272 6877980
======================
   8      16 sdb 326 0 8738 640 93903 4011503 45960840 7014988 133 45272 7020176
======================
   8      16 sdb 326 0 8738 640 95802 4011503 46933128 7157372 148 46276 7162556
======================
   8      16 sdb 326 0 8738 640 97702 4011503 47905928 7299024 136 47280 7304240
======================
   8      16 sdb 327 0 8746 684 99621 4011503 48888456 7438656 140 48284 7443996
======================
   8      16 sdb 327 0 8746 684 101545 4011503 49873544 7581068 136 49288 7586372
======================
   8      16 sdb 327 0 8746 684 103465 4011503 50856584 7722472 136 50292 7727856
======================
   8      16 sdb 327 0 8746 684 105389 4011503 51841672 7863424 132 51296 7868748
======================
   8      16 sdb 328 0 8754 748 107312 4011503 52826248 7999744 133 52300 8005392
======================
   8      16 sdb 328 0 8754 748 109212 4011503 53799048 8142200 153 53304 8147868
======================
   8      16 sdb 328 0 8754 748 111112 4011503 54771848 8284436 141 54304 8289696
======================
   8      16 sdb 328 0 8754 748 113033 4011503 55755400 8427144 140 55308 8432460
======================
   8      16 sdb 329 0 8762 828 114956 4011566 56739472 8561916 131 56312 8567372
======================
   8      16 sdb 329 0 8762 828 116879 4011581 57723160 8703936 128 57316 8709256
======================
   8      16 sdb 329 0 8762 828 118802 4011581 58707736 8845560 142 58320 8850880
======================
   8      16 sdb 329 0 8762 828 120725 4011581 59692312 8987144 154 59324 8992696
======================
   8      16 sdb 330 0 8770 916 122625 4011581 60664608 9121936 141 60328 9127792
======================
   8      16 sdb 330 0 8770 916 124525 4011657 61634992 9258416 146 61332 9264132
======================
   8      16 sdb 330 0 8770 916 126446 4011657 62618544 9400020 145 62336 9405664
======================
   8      16 sdb 330 0 8770 916 128368 4011657 63602608 9541312 153 63340 9547152
======================
   8      16 sdb 331 0 8778 996 130290 4011657 64586168 9675644 138 64340 9681132
======================
   8      16 sdb 331 0 8778 996 132215 4011674 65570896 9818440 133 65344 9823832
======================
   8      16 sdb 331 0 8778 996 134140 4011697 66556176 9955748 128 66348 9961140
======================
   8      16 sdb 331 0 8778 996 136037 4011697 67527440 10097940 152 67352 10103392
======================
   8      16 sdb 332 0 8786 1080 137938 4011697 68500248 10233024 139 68352 10238624
======================
   8      16 sdb 332 0 8786 1080 139865 4011713 69485488 10375524 132 69356 10381088
======================
   8      16 sdb 332 0 8786 1080 141788 4011713 70470064 10517896 129 70360 10523408
======================
   8      16 sdb 332 0 8786 1080 143709 4011736 71453296 10654360 133 71364 10659992
======================
   8      16 sdb 333 0 8794 1164 145634 4011736 72438392 10789508 128 72368 10795172
======================
   8      16 sdb 333 0 8794 1164 147573 4011753 73430288 10933016 141 73380 10939000
======================
   8      16 sdb 333 0 8794 1164 149482 4011753 74407696 11076692 152 74388 11082080
======================
   8      16 sdb 333 0 8794 1164 151384 4011753 75381520 11218652 138 75392 11224208
======================
   8      16 sdb 334 0 8802 1248 153307 4011775 76365768 11354192 153 76396 11359832
======================
   8      16 sdb 334 0 8802 1248 155231 4011775 77350856 11496016 151 77400 11501660
======================
   8      16 sdb 334 0 8802 1248 157151 4011775 78333896 11637408 151 78404 11643120
======================
   8      16 sdb 334 0 8802 1248 159071 4011775 79316936 11779036 151 79408 11784836
======================
   8      16 sdb 335 0 8810 1324 160996 4011775 80302032 11914044 150 80412 11920080
======================
   8      16 sdb 335 0 8810 1324 162917 4011815 81284392 12051372 128 81416 12057220
======================
   8      16 sdb 335 0 8810 1324 164817 4011815 82257192 12193676 148 82416 12199180
======================
   8      16 sdb 335 0 8810 1324 166717 4011815 83229992 12335388 136 83420 12340880
======================
   8      16 sdb 336 0 8818 1408 168638 4011815 84213040 12469852 136 84424 12475608
======================
   8      16 sdb 336 0 8818 1408 170564 4011831 85197768 12612608 130 85428 12618412
======================
   8      16 sdb 336 0 8818 1408 172488 4011854 86182536 12749536 151 86432 12755420
======================
   8      16 sdb 336 0 8818 1408 174409 4011854 87166088 12891548 150 87436 12897616
======================
   8      16 sdb 337 0 8826 1484 176329 4011854 88148624 13026908 129 88440 13032884
======================
   8      16 sdb 337 0 8826 1484 178247 4011871 89129768 13170764 131 89452 13176696
======================
   8      16 sdb 337 0 8826 1484 180143 4011871 90101032 13312724 137 90456 13318824
======================
   8      16 sdb 337 0 8826 1484 182063 4011893 91083232 13449240 132 91456 13455068
======================
   8      16 sdb 338 0 8834 1568 183986 4011893 92067304 13584252 148 92460 13590360
======================
   8      16 sdb 338 0 8834 1568 185912 4011910 93052544 13726224 142 93464 13732176
======================
   8      16 sdb 338 0 8834 1568 187836 4011910 94037632 13868516 138 94468 13874520
======================
   8      16 sdb 338 0 8834 1568 189755 4011910 95020160 14010612 139 95472 14016680
======================
   8      16 sdb 339 0 8842 1640 191657 4011932 95993152 14140064 141 96476 14146116
======================
   8      16 sdb 339 0 8842 1640 193574 4011948 96973776 14282112 129 97480 14287596
======================
   8      16 sdb 339 0 8842 1640 195493 4011948 97956304 14422792 130 98484 14428468
======================
   8      16 sdb 339 0 8842 1640 197416 4011948 98940880 14563896 136 99488 14569584
======================
   8      16 sdb 340 0 8850 1720 199339 4011948 99925456 14698496 133 100492 14704392
======================
   8      16 sdb 340 0 8850 1720 201256 4011972 100907160 14835268 141 101496 14841424
======================
   8      16 sdb 340 0 8850 1720 203179 4011972 101891224 14976344 138 102496 14982096
======================
   8      16 sdb 340 0 8850 1720 205080 4011972 102865048 15116980 153 103500 15122976
======================
   8      16 sdb 341 0 8858 1804 206985 4011972 103839904 15251340 142 104508 15257644
======================
   8      16 sdb 341 0 8858 1804 208909 4011988 104822592 15393548 139 105508 15399444
======================
   8      16 sdb 341 0 8858 1804 210832 4012010 105806840 15530036 145 106512 15536028
======================
   8      16 sdb 341 0 8858 1804 212755 4012010 106791416 15671980 142 107516 15678032
======================
   8      16 sdb 342 0 8866 1888 214675 4012010 107773952 15806640 156 108520 15812800
======================
   8      16 sdb 342 0 8866 1888 216600 4012027 108758680 15948156 151 109524 15954332
======================
   8      16 sdb 342 0 8866 1888 218501 4012027 109731992 16089500 138 110524 16095460
======================
   8      16 sdb 342 0 8866 1888 220402 4012049 110704976 16225716 146 111528 16231624
======================
   8      16 sdb 343 0 8874 1972 222323 4012049 111688024 16360900 131 112532 16367000
======================
   8      16 sdb 343 0 8874 1972 224245 4012065 112671208 16502756 129 113532 16508372
======================
   8      16 sdb 343 0 8874 1972 226167 4012065 113655272 16644500 135 114536 16650380
======================
   8      16 sdb 343 0 8874 1972 228083 4012065 114636264 16786240 131 115540 16792316
======================
   8      16 sdb 344 0 8882 2056 230004 4012089 115619000 16916424 134 116544 16922760
======================
   8      16 sdb 344 0 8882 2056 231905 4012106 116590936 17057480 152 117544 17063296
======================
   8      16 sdb 344 0 8882 2056 233805 4012106 117563736 17198508 140 118548 17204428
======================
   8      16 sdb 344 0 8882 2056 235705 4012106 118536536 17339664 128 119552 17345484
======================
   8      16 sdb 345 0 8890 2132 237626 4012106 119520088 17472172 139 120556 17478476
======================
   8      16 sdb 345 0 8890 2132 239550 4012129 120504856 17605504 130 121556 17611276
======================
   8      16 sdb 345 0 8890 2132 241472 4012129 121488920 17746472 128 122560 17752436
======================
   8      16 sdb 345 0 8890 2132 243394 4012129 122472984 17887908 146 123564 17893908
======================
   8      16 sdb 346 0 8898 2212 245320 4012145 123457208 18021236 138 124568 18027560
======================
   8      16 sdb 346 0 8898 2212 247210 4012145 124424888 18161224 136 125572 18169704
======================
   8      16 sdb 346 0 8898 2212 249140 4012168 125412728 18299952 132 126572 18305808
======================
   8      16 sdb 346 0 8898 2212 251039 4012168 126385016 18441968 148 127576 18447888
======================
   8      16 sdb 347 0 8906 2296 252965 4012184 127369240 18577068 128 128580 18583128
======================
   8      16 sdb 347 0 8906 2296 254882 4012184 128350744 18719136 131 129584 18725424
======================
   8      16 sdb 347 0 8906 2296 256809 4012184 129337368 18861532 156 130588 18867528
======================
   8      16 sdb 347 0 8906 2296 258733 4012208 130322144 18999092 131 131592 19005196
======================
   8      16 sdb 348 0 8914 2384 260656 4012225 131304840 19134360 128 132592 19140540
======================
   8      16 sdb 348 0 8914 2384 262568 4012225 132283784 19276472 136 133600 19282448
======================
   8      16 sdb 348 0 8914 2384 264475 4012225 133260168 19418280 149 134604 19424272
======================
   8      16 sdb 348 0 8914 2384 266393 4012225 134242184 19558984 151 135608 19565368
======================
   8      16 sdb 349 0 8922 2468 268320 4012265 135227112 19688900 142 136612 19695228
======================
   8      16 sdb 349 0 8922 2468 270243 4012265 136211688 19831200 139 137616 19837664
======================
   8      16 sdb 349 0 8922 2468 272167 4012265 137196776 19973308 135 138620 19979708
======================
   8      16 sdb 349 0 8922 2468 274086 4012265 138179304 20115316 136 139624 20121876
======================
   8      16 sdb 350 0 8930 2544 276004 4012265 139161320 20250844 140 140624 20257028
======================
   8      16 sdb 350 0 8930 2544 277907 4012287 140135328 20387732 136 141628 20393980
======================
   8      16 sdb 350 0 8930 2544 279825 4012287 141117344 20529620 138 142632 20535948
======================
   8      16 sdb 350 0 8930 2544 281748 4012287 142101920 20671440 135 143636 20677804
======================
   8      16 sdb 351 0 8938 2624 283672 4012302 143085112 20806812 155 144640 20813312
======================
   8      16 sdb 351 0 8938 2624 285595 4012302 144069688 20948988 152 145640 20955024
======================
   8      16 sdb 351 0 8938 2624 287515 4012326 145052928 21085596 131 146644 21091580
======================
   8      16 sdb 351 0 8938 2624 289416 4012326 146025728 21226728 145 147648 21232732
======================
   8      16 sdb 352 0 8946 2712 291319 4012343 146998696 21359120 144 148648 21365408
======================
   8      16 sdb 352 0 8946 2712 293238 4012343 147980712 21501348 153 149652 21507664
======================
   8      16 sdb 352 0 8946 2712 295159 4012343 148964264 21642372 152 150656 21648668
======================
   8      16 sdb 352 0 8946 2712 297084 4012370 149949072 21777788 154 151660 21784172
======================
   8      16 sdb 353 0 8954 2792 299004 4012370 150932112 21911724 140 152664 21918384
======================
   8      16 sdb 353 0 8954 2792 300928 4012370 151917200 22053668 136 153668 22060144
======================
   8      16 sdb 353 0 8954 2792 302828 4012370 152890000 22195744 145 154672 22202284
======================
   8      16 sdb 353 0 8954 2792 304734 4012370 153865872 22337488 138 155676 22344036
======================
   8      16 sdb 354 0 8962 2876 306654 4012392 154848080 22466140 143 156676 22472456
======================
   8      16 sdb 354 0 8962 2876 308574 4012392 155831120 22608700 143 157680 22614988
======================
   8      16 sdb 354 0 8962 2876 310498 4012392 156816208 22751288 139 158684 22757500
======================
   8      16 sdb 354 0 8962 2876 312418 4012392 157799248 22893472 139 159688 22899744
======================
   8      16 sdb 355 0 8970 2960 313748 4012465 158472712 22983668 0 160380 22984864
======================
   8      16 sdb 355 0 8970 2960 313748 4012465 158472712 22983668 0 160380 22984864
======================
   8      16 sdb 355 0 8970 2960 313748 4012465 158472712 22983668 0 160380 22984864
======================
   8      16 sdb 355 0 8970 2960 313748 4012465 158472712 22983668 0 160380 22984864
======================
   8      16 sdb 355 0 8970 2960 313748 4012465 158472712 22983668 0 160380 22984864
started
======================
   8      16 sdb 480 0 9964 3204 313763 4012465 158472768 22983668 0 160384 22985108
======================
   8      16 sdb 481 0 9972 3204 313763 4012465 158472768 22983668 0 160384 22985108
======================
   8      16 sdb 3577 0 801228 4164 313763 4012465 158472768 22983668 0 161160 22986068
======================
   8      16 sdb 6586 0 1571020 5088 313763 4012465 158472768 22983668 1 161932 22986992
======================
   8      16 sdb 9513 0 2320076 5988 313763 4012465 158472768 22983668 1 162668 22987888
======================
   8      16 sdb 12687 0 3132620 6924 313763 4012465 158472768 22983668 0 163476 22988820
======================
   8      16 sdb 15919 0 3959756 7892 313763 4012465 158472768 22983668 2 164280 22989780
======================
   8      16 sdb 18865 1 4714188 8768 313766 4012467 158472808 22983816 1 165060 22990800
======================
   8      16 sdb 22107 1 5544140 9816 313766 4012467 158472808 22983816 1 165892 22991848
======================
   8      16 sdb 25658 1 6452940 10948 313766 4012467 158472808 22983816 0 166780 22992980
======================
   8      16 sdb 28756 1 7245772 11944 313766 4012467 158472808 22983816 1 167588 22993972
======================
   8      16 sdb 31827 1 8031692 12932 313766 4012467 158472808 22983816 2 168404 22994960
======================
   8      16 sdb 35153 1 8883148 13976 313766 4012467 158472808 22983816 0 169264 22995996
======================
   8      16 sdb 38281 1 9683916 14880 313766 4012467 158472808 22983816 2 170044 22996892
======================
   8      16 sdb 41448 1 10494668 15832 313766 4012467 158472808 22983816 1 170852 22997840
======================
   8      16 sdb 44930 1 11386060 16932 313766 4012467 158472808 22983816 1 171756 22998944
======================
   8      16 sdb 48239 1 12232908 18020 313766 4012467 158472808 22983816 2 172616 23000016
======================
   8      16 sdb 51148 1 12977612 18860 313766 4012467 158472808 22983816 1 173328 23000856
======================
   8      16 sdb 54516 1 13839820 19996 313766 4012467 158472808 22983816 2 174244 23002020
======================
   8      16 sdb 57630 1 14637004 20996 313766 4012467 158472808 22983816 1 175004 23002988
======================
   8      16 sdb 60546 1 15383500 21848 313766 4012467 158472808 22983816 1 175716 23003836
======================
   8      16 sdb 64108 1 16295116 23004 313766 4012467 158472808 22983816 1 176616 23004988
======================
   8      16 sdb 66903 1 17010636 23792 313766 4012467 158472808 22983816 1 177288 23005776
======================
   8      16 sdb 69747 1 17738700 24624 313766 4012467 158472808 22983816 1 178000 23006608
======================
   8      16 sdb 72588 1 18465996 25440 313766 4012467 158472808 22983816 0 178676 23007424
======================
   8      16 sdb 75796 1 19287244 26504 313766 4012467 158472808 22983816 1 179536 23008488
======================
   8      16 sdb 79575 1 20254412 27768 313766 4012467 158472808 22983816 0 180504 23009752
======================
   8      16 sdb 82885 1 21101772 28868 313766 4012467 158472808 22983816 2 181376 23010856
======================
   8      16 sdb 86133 1 21933260 29888 313766 4012467 158472808 22983816 0 182232 23011876
======================
   8      16 sdb 88920 1 22646732 30684 313766 4012467 158472808 22983816 0 182872 23012672
======================
   8      16 sdb 91819 1 23388876 31500 313766 4012467 158472808 22983816 1 183564 23013488
======================
   8      16 sdb 95156 1 24242892 32612 313766 4012467 158472808 22983816 1 184412 23014600
======================
   8      16 sdb 98279 1 25042380 33552 313766 4012467 158472808 22983816 0 185200 23015540
======================
   8      16 sdb 101047 1 25750988 34376 313766 4012467 158472808 22983816 0 185900 23016360
======================
   8      16 sdb 103848 1 26468044 35128 313766 4012467 158472808 22983816 0 186556 23017116
======================
   8      16 sdb 106866 1 27240652 36060 313766 4012467 158472808 22983816 1 187324 23018040
======================
   8      16 sdb 110053 1 28056268 37056 313766 4012467 158472808 22983816 2 188136 23019028
======================
   8      16 sdb 113418 1 28917708 38172 313768 4012467 158472824 22983816 1 188992 23020140
======================
   8      16 sdb 116559 1 29721804 39220 313768 4012467 158472824 22983816 0 189792 23021188
======================
   8      16 sdb 119999 1 30602188 40372 313768 4012467 158472824 22983816 1 190676 23022336
======================
   8      16 sdb 123157 1 31410380 41416 313768 4012467 158472824 22983816 0 191480 23023376
======================
   8      16 sdb 126432 1 32248780 42560 313768 4012467 158472824 22983816 1 192356 23024512
======================
   8      16 sdb 130041 1 33172684 43756 313768 4012467 158472824 22983816 2 193280 23025704
======================
   8      16 sdb 133289 1 34004172 44828 313768 4012467 158472824 22983816 2 194104 23026772
======================
   8      16 sdb 136617 1 34856140 45884 313768 4012467 158472824 22983816 2 194956 23027828
======================
   8      16 sdb 140135 1 35756492 47064 313768 4012467 158472824 22983816 2 195868 23029004
======================
   8      16 sdb 143646 1 36655308 48228 313768 4012467 158472824 22983816 1 196752 23030164
======================
   8      16 sdb 146726 1 37443788 49256 313768 4012467 158472824 22983816 0 197572 23031196
======================
   8      16 sdb 149928 1 38263500 50344 313768 4012467 158472824 22983816 1 198420 23032284
======================
   8      16 sdb 152784 1 38994636 51292 313768 4012467 158472824 22983816 0 199212 23033232
======================
   8      16 sdb 155991 1 39815372 52240 313768 4012467 158472824 22983816 2 199980 23034180
======================
   8      16 sdb 159173 1 40629964 53256 313768 4012467 158472824 22983816 0 200804 23035196
======================
   8      16 sdb 162460 1 41471436 54312 313768 4012467 158472824 22983816 1 201644 23036248
======================
   8      16 sdb 165665 1 42291916 55316 313768 4012467 158472824 22983816 1 202452 23037252
======================
   8      16 sdb 168881 1 43114956 56388 313768 4012467 158472824 22983816 1 203320 23038320
======================
   8      16 sdb 172004 1 43914444 57384 313768 4012467 158472824 22983816 2 204124 23039316
======================
   8      16 sdb 175419 1 44788684 58504 313768 4012467 158472824 22983816 1 204996 23040436
======================
   8      16 sdb 178754 1 45642444 59620 313768 4012467 158472824 22983816 2 205872 23041552
======================
   8      16 sdb 181868 1 46439628 60664 313768 4012467 158472824 22983816 0 206676 23042592
======================
   8      16 sdb 185003 1 47241932 61780 313768 4012467 158472824 22983816 0 207524 23043708
======================
   8      16 sdb 188229 1 48067788 62872 313768 4012467 158472824 22983816 2 208336 23044796
======================
   8      16 sdb 191690 1 48953804 64072 313768 4012467 158472824 22983816 1 209256 23046000
