======================
   8      16 sdb 12909426 213697 1452573724 31781524 23841495 235841183 7248891560 1050910800 0 9185164 1082644628
======================
   8      16 sdb 12909426 213697 1452573724 31781524 23841495 235841183 7248891560 1050910800 0 9185164 1082644628
======================
   8      16 sdb 12909428 213697 1452573740 31781528 23841495 235841183 7248891560 1050910800 0 9185168 1082644632
======================
   8      16 sdb 12909428 213697 1452573740 31781528 23841495 235841183 7248891560 1050910800 0 9185168 1082644632
======================
   8      16 sdb 12909428 213697 1452573740 31781528 23841495 235841183 7248891560 1050910800 0 9185168 1082644632
======================
   8      16 sdb 12909428 213697 1452573740 31781528 23841495 235841183 7248891560 1050910800 0 9185168 1082644632
======================
started
   8      16 sdb 12909428 213697 1452573740 31781528 23841506 235841192 7248891712 1050910832 0 9185176 1082644664
======================
   8      16 sdb 12909428 213697 1452573740 31781528 23841506 235841192 7248891712 1050910832 0 9185176 1082644664
======================
   8      16 sdb 12909433 213697 1452573780 31781528 23841506 235841192 7248891712 1050910832 0 9185176 1082644664
======================
   8      16 sdb 12909433 213697 1452573780 31781528 23841506 235841192 7248891712 1050910832 0 9185176 1082644664
======================
   8      16 sdb 12909434 213697 1452573788 31781528 23844338 235841192 7250341696 1050916156 0 9185484 1082649980
======================
   8      16 sdb 12909434 213697 1452573788 31781528 23846059 235841192 7251222848 1050966484 139 9185896 1082705724
======================
   8      16 sdb 12909434 213697 1452573788 31781528 23847978 235841214 7252205376 1051108972 121 9186900 1082848248
======================
   8      16 sdb 12909435 213697 1452573796 31781608 23849920 235841214 7253198848 1051238924 134 9187912 1082978108
======================
   8      16 sdb 12909435 213697 1452573796 31781608 23851844 235841226 7254181008 1051380108 130 9188916 1083119260
======================
   8      16 sdb 12909435 213697 1452573796 31781608 23853663 235841226 7255112336 1051523248 135 9189920 1083261668
======================
   8      16 sdb 12909435 213697 1452573796 31781608 23855600 235841226 7256104080 1051665720 150 9190928 1083405036
======================
   8      16 sdb 12909436 213697 1452573804 31781684 23857518 235841248 7257086096 1051801128 93 9191928 1083539596
======================
   8      16 sdb 12909436 213697 1452573804 31781684 23859444 235841248 7258071880 1051937228 150 9192932 1083676216
======================
   8      16 sdb 12909436 213697 1452573804 31781684 23861363 235841248 7259054408 1052078548 151 9193936 1083817788
======================
   8      16 sdb 12909436 213697 1452573804 31781684 23863263 235841248 7260027208 1052219784 139 9194936 1083958612
======================
   8      16 sdb 12909437 213697 1452573812 31781760 23865163 235841248 7261000016 1052354632 141 9195940 1084093888
======================
   8      16 sdb 12909437 213697 1452573812 31781760 23867086 235841286 7261982688 1052497484 66 9196944 1084235168
======================
   8      16 sdb 12909437 213697 1452573812 31781760 23869006 235841303 7262964032 1052634344 142 9197948 1084373924
======================
   8      16 sdb 12909437 213697 1452573812 31781760 23870874 235841303 7263920960 1052776828 130 9198948 1084515916
======================
   8      16 sdb 12909438 213697 1452573820 31781844 23872793 235841303 7264902976 1052912200 131 9199952 1084651308
======================
   8      16 sdb 12909438 213697 1452573820 31781844 23874701 235841303 7265879872 1053054288 143 9200956 1084793804
======================
   8      16 sdb 12909438 213697 1452573820 31781844 23876596 235841327 7266850112 1053197292 64 9201956 1084934868
======================
   8      16 sdb 12909438 213697 1452573820 31781844 23878494 235841327 7267821576 1053332992 148 9202960 1085072172
======================
   8      16 sdb 12909439 213697 1452573828 31781920 23880413 235841327 7268803600 1053467376 129 9203964 1085206692
======================
   8      16 sdb 12909439 213697 1452573828 31781920 23882326 235841344 7269781680 1053609536 136 9204964 1085348856
======================
   8      16 sdb 12909439 213697 1452573828 31781920 23884250 235841344 7270766768 1053752060 132 9205968 1085491124
======================
   8      16 sdb 12909439 213697 1452573828 31781920 23886166 235841366 7271747760 1053893784 67 9206972 1085631780
======================
   8      16 sdb 12909440 213697 1452573836 31782004 23888084 235841366 7272728944 1054023376 144 9207972 1085762708
======================
   8      16 sdb 12909440 213697 1452573836 31782004 23889982 235841382 7273699840 1054166132 134 9208976 1085905488
======================
   8      16 sdb 12909440 213697 1452573836 31782004 23891880 235841382 7274671616 1054308936 156 9209980 1086048232
======================
   8      16 sdb 12909440 213697 1452573836 31782004 23893798 235841382 7275653632 1054451700 150 9210984 1086190996
======================
   8      16 sdb 12909441 213697 1452573844 31782092 23895702 235841405 7276628480 1054586276 71 9211988 1086324976
======================
   8      16 sdb 12909441 213697 1452573844 31782092 23897641 235841405 7277620928 1054723552 128 9212992 1086462780
======================
   8      16 sdb 12909441 213697 1452573844 31782092 23899566 235841405 7278606528 1054865644 155 9213996 1086605056
======================
   8      16 sdb 12909441 213697 1452573844 31782092 23901473 235841405 7279582912 1055007804 136 9215000 1086747616
======================
   8      16 sdb 12909442 213697 1452573852 31782172 23903373 235841405 7280555208 1055143280 152 9216004 1086883080
======================
   8      16 sdb 12909442 213697 1452573852 31782172 23905275 235841445 7281527648 1055286676 39 9217008 1087023372
======================
   8      16 sdb 12909442 213697 1452573852 31782172 23907192 235841445 7282508840 1055423172 150 9218012 1087162464
======================
   8      16 sdb 12909442 213697 1452573852 31782172 23909105 235841445 7283488296 1055565140 149 9219016 1087304552
======================
   8      16 sdb 12909443 213697 1452573860 31782260 23911026 235841445 7284471344 1055700908 140 9220020 1087440572
======================
   8      16 sdb 12909443 213697 1452573860 31782260 23912947 235841462 7285453520 1055844036 139 9221024 1087583616
======================
   8      16 sdb 12909443 213697 1452573860 31782260 23914866 235841484 7286435720 1055986316 153 9222028 1087721304
======================
   8      16 sdb 12909443 213697 1452573860 31782260 23916757 235841484 7287403912 1056124172 150 9223032 1087863580
======================
   8      16 sdb 12909444 213697 1452573868 31782348 23918662 235841484 7288378768 1056258856 142 9224036 1087998640
======================
   8      16 sdb 12909444 213697 1452573868 31782348 23920579 235841500 7289359392 1056401276 145 9225036 1088140764
======================
   8      16 sdb 12909444 213697 1452573868 31782348 23922429 235841500 7290306592 1056538480 151 9226044 1088283996
======================
   8      16 sdb 12909444 213697 1452573868 31782348 23924347 235841523 7291288608 1056681176 48 9227048 1088420368
======================
   8      16 sdb 12909445 213697 1452573876 31782360 23926267 235841523 7292271328 1056805296 154 9228056 1088551900
======================
   8      16 sdb 12909445 213697 1452573876 31782360 23928740 235841523 7293537504 1056990752 149 9229304 1088730460
======================
   8      16 sdb 12909445 213697 1452573876 31782360 23930654 235841523 7294517472 1057133024 155 9230312 1088872496
======================
   8      16 sdb 12909445 213697 1452573876 31782360 23932562 235841523 7295494880 1057275428 135 9231324 1089015092
======================
   8      16 sdb 12909446 213697 1452573884 31782392 23934476 235841523 7296474336 1057415788 151 9232328 1089155676
======================
   8      16 sdb 12909446 213697 1452573884 31782392 23936384 235841523 7297451232 1057557568 137 9233332 1089296964
======================
   8      16 sdb 12909446 213697 1452573884 31782392 23938313 235841523 7298438880 1057698520 128 9234332 1089437892
======================
   8      16 sdb 12909446 213697 1452573884 31782392 23940225 235841523 7299417824 1057840460 136 9235336 1089580024
======================
   8      16 sdb 12909447 213697 1452573892 31782440 23942148 235841523 7300402400 1057979008 147 9236340 1089719056
======================
   8      16 sdb 12909447 213697 1452573892 31782440 23944044 235841523 7301373152 1058121472 139 9237340 1089861160
======================
   8      16 sdb 12909447 213697 1452573892 31782440 23945751 235841523 7302247136 1058249948 128 9238344 1090002012
======================
   8      16 sdb 12909447 213697 1452573892 31782440 23947856 235841523 7303324896 1058401940 142 9239344 1090141472
======================
   8      16 sdb 12909448 213697 1452573900 31782512 23949860 235841523 7304350944 1058543228 130 9240392 1090282988
======================
   8      16 sdb 12909448 213697 1452573900 31782512 23951809 235841523 7305348832 1058687000 133 9241408 1090426768
======================
   8      16 sdb 12909448 213697 1452573900 31782512 23953737 235841523 7306335968 1058829760 157 9242416 1090569156
======================
   8      16 sdb 12909448 213697 1452573900 31782512 23955673 235841523 7307327200 1058975400 143 9243428 1090715096
