======================
   8      16 sdb 109136 213 25714382 39928 375511 8031000 191114984 28401624 0 225708 28441012
======================
   8      16 sdb 109167 213 25715510 39928 375511 8031000 191114984 28401624 0 225708 28441012
======================
   8      16 sdb 109169 213 25715526 39932 375511 8031000 191114984 28401624 0 225712 28441016
======================
   8      16 sdb 109169 213 25715526 39932 375511 8031000 191114984 28401624 0 225712 28441016
======================
   8      16 sdb 109170 213 25715534 39932 377431 8031000 192098024 28431744 0 225976 28471128
======================
   8      16 sdb 109170 213 25715534 39932 380098 8031000 193463528 28566768 137 226968 28609972
======================
   8      16 sdb 109170 213 25715534 39932 382210 8031000 194544872 28707960 137 227972 28752644
======================
   8      16 sdb 109171 213 25715542 40012 384134 8031029 195529184 28843464 146 228976 28888268
======================
   8      16 sdb 109171 213 25715542 40012 386058 8031029 196514272 28985060 142 229980 29029968
======================
   8      16 sdb 109171 213 25715542 40012 387054 8031029 197024224 29128616 139 230984 29171972
======================
   8      16 sdb 109171 213 25715542 40012 390250 8031029 198660576 29293240 142 232172 29337316
======================
   8      16 sdb 109172 213 25715550 40064 391949 8031045 199529960 29430028 136 233176 29473192
======================
   8      16 sdb 109172 213 25715550 40064 393329 8031066 200231776 29567000 145 234180 29609828
======================
   8      16 sdb 109172 213 25715550 40064 395939 8031066 201568608 29705268 135 235188 29749720
======================
   8      16 sdb 109172 213 25715550 40064 397931 8031066 202588000 29846548 151 236196 29891100
======================
   8      16 sdb 109173 213 25715558 40140 399857 8031081 203572720 29980912 147 237196 30025168
======================
   8      16 sdb 109173 213 25715558 40140 401783 8031081 204558832 30123156 141 238200 30167632
======================
   8      16 sdb 109173 213 25715558 40140 403709 8031106 205544640 30260304 135 239204 30304856
======================
   8      16 sdb 109173 213 25715558 40140 405613 8031106 206519488 30403232 151 240208 30447736
======================
   8      16 sdb 109174 213 25715566 40216 407516 8031106 207493320 30538620 140 241212 30583104
======================
   8      16 sdb 109174 213 25715566 40216 409436 8031125 208475504 30680300 140 242216 30725080
======================
   8      16 sdb 109174 213 25715566 40216 411362 8031125 209461616 30822504 134 243220 30867356
======================
   8      16 sdb 109174 213 25715566 40216 413290 8031148 210448432 30959540 137 244224 31004260
======================
   8      16 sdb 109175 213 25715574 40300 415212 8031148 211431992 31095020 153 245228 31139860
======================
   8      16 sdb 109175 213 25715574 40300 417137 8031164 212416208 31237352 152 246228 31281964
======================
   8      16 sdb 109175 213 25715574 40300 419038 8031164 213389520 31380136 139 247232 31424836
======================
   8      16 sdb 109175 213 25715574 40300 420937 8031164 214361808 31522832 128 248236 31567496
======================
   8      16 sdb 109176 213 25715582 40376 422860 8031187 215346064 31652900 146 249240 31697656
======================
   8      16 sdb 109176 213 25715582 40376 424781 8031187 216329616 31793608 145 250244 31838556
======================
   8      16 sdb 109176 213 25715582 40376 426712 8031187 217318288 31935528 134 251248 31980216
======================
   8      16 sdb 109176 213 25715582 40376 428636 8031187 218303376 32076472 130 252252 32121332
======================
   8      16 sdb 109177 213 25715590 40456 430566 8031203 219289648 32211360 137 253256 32256320
======================
   8      16 sdb 109177 213 25715590 40456 432487 8031226 220272880 32348996 147 254260 32393948
======================
   8      16 sdb 109177 213 25715590 40456 434389 8031226 221246704 32490560 133 255264 32535524
======================
   8      16 sdb 109177 213 25715590 40456 436310 8031226 222230256 32632696 132 256264 32677188
======================
   8      16 sdb 109178 213 25715598 40544 438237 8031243 223215504 32767944 150 257268 32812704
======================
   8      16 sdb 109178 213 25715598 40544 440160 8031243 224200080 32910208 147 258272 32955272
======================
   8      16 sdb 109178 213 25715598 40544 442079 8031266 225182288 33047588 139 259272 33092160
======================
   8      16 sdb 109178 213 25715598 40544 444005 8031266 226168400 33190264 152 260276 33234920
======================
   8      16 sdb 109179 213 25715606 40632 445914 8031282 227143920 33325668 155 261280 33370244
======================
   8      16 sdb 109179 213 25715606 40632 447811 8031282 228115184 33466584 146 262284 33511448
======================
   8      16 sdb 109179 213 25715606 40632 449735 8031282 229100272 33608336 142 263288 33653280
======================
   8      16 sdb 109179 213 25715606 40632 451659 8031305 230085040 33744904 140 264292 33789832
======================
   8      16 sdb 109180 213 25715614 40716 453589 8031322 231071824 33880392 133 265296 33925436
======================
   8      16 sdb 109180 213 25715614 40716 455515 8031322 232057936 34022952 135 266300 34067980
======================
   8      16 sdb 109180 213 25715614 40716 457441 8031322 233044048 34165324 153 267304 34210368
======================
   8      16 sdb 109180 213 25715614 40716 459340 8031322 234016336 34307436 143 268304 34352192
======================
   8      16 sdb 109181 213 25715622 40792 461238 8031345 234987792 34437880 145 269308 34482716
======================
   8      16 sdb 109181 213 25715622 40792 463165 8031345 235974416 34580104 138 270312 34624864
======================
   8      16 sdb 109181 213 25715622 40792 465088 8031345 236958992 34721952 135 271316 34767404
======================
   8      16 sdb 109181 213 25715622 40792 467013 8031345 237944592 34863880 130 272320 34909356
======================
   8      16 sdb 109182 213 25715630 40880 468937 8031361 238927792 34999340 156 273324 35045092
======================
   8      16 sdb 109182 213 25715630 40880 470861 8031384 239912560 35135448 148 274324 35180748
======================
   8      16 sdb 109182 213 25715630 40880 472756 8031384 240882800 35276860 141 275328 35322544
======================
   8      16 sdb 109182 213 25715630 40880 474798 8031384 241928304 35429628 147 276404 35475388
======================
   8      16 sdb 109183 213 25715638 40956 476726 8031400 242913552 35564564 142 277408 35610340
======================
   8      16 sdb 109183 213 25715638 40956 478650 8031400 243898640 35706616 138 278412 35752624
======================
   8      16 sdb 109183 213 25715638 40956 480574 8031423 244883408 35844552 145 279416 35890476
======================
   8      16 sdb 109183 213 25715638 40956 482498 8031423 245868496 35987116 141 280416 36032508
======================
   8      16 sdb 109184 213 25715646 41044 484427 8031440 246854768 36122240 156 281420 36167560
======================
   8      16 sdb 109184 213 25715646 41044 486327 8031440 247827568 36261756 144 282424 36308748
======================
   8      16 sdb 109184 213 25715646 41044 488249 8031440 248811632 36404324 142 283428 36449876
======================
   8      16 sdb 109184 213 25715646 41044 490150 8031463 249784624 36539748 157 284432 36585536
======================
   8      16 sdb 109185 213 25715654 41120 492069 8031480 250765776 36674792 137 285432 36720724
======================
   8      16 sdb 109185 213 25715654 41120 493992 8031480 251750352 36817192 134 286436 36863108
======================
   8      16 sdb 109185 213 25715654 41120 495918 8031480 252736464 36958792 128 287440 37004616
======================
   8      16 sdb 109185 213 25715654 41120 497842 8031480 253721552 37100528 156 288440 37145816
======================
   8      16 sdb 109186 213 25715662 41196 499767 8031503 254706832 37230588 130 289444 37276184
======================
   8      16 sdb 109186 213 25715662 41196 501684 8031503 255688336 37372260 133 290448 37417928
======================
   8      16 sdb 109186 213 25715662 41196 503583 8031503 256660624 37513008 154 291452 37558716
======================
   8      16 sdb 109186 213 25715662 41196 505513 8031503 257648784 37655084 144 292456 37700696
======================
   8      16 sdb 109187 213 25715670 41284 507441 8031519 258633528 37788912 131 293460 37834800
======================
   8      16 sdb 109187 213 25715670 41284 509367 8031541 259619312 37925656 137 294464 37971596
======================
   8      16 sdb 109187 213 25715670 41284 511290 8031541 260604400 38067352 134 295468 38113136
======================
   8      16 sdb 109187 213 25715670 41284 513212 8031541 261587952 38207836 132 296472 38253748
======================
   8      16 sdb 109188 213 25715678 41372 515119 8031557 262562952 38343572 135 297476 38389616
======================
   8      16 sdb 109188 213 25715678 41372 517025 8031557 263538824 38485784 149 298480 38531820
======================
   8      16 sdb 109188 213 25715678 41372 518950 8031580 264524104 38623152 156 299480 38668512
======================
   8      16 sdb 109188 213 25715678 41372 520874 8031580 265509192 38765364 152 300484 38810988
======================
   8      16 sdb 109189 213 25715686 41460 522802 8031597 266494952 38900440 144 301484 38946312
======================
   8      16 sdb 109189 213 25715686 41460 524726 8031597 267480040 39042900 140 302488 39088968
======================
   8      16 sdb 109189 213 25715686 41460 526647 8031597 268463592 39185416 139 303492 39231404
======================
   8      16 sdb 109189 213 25715686 41460 528546 8031620 269435560 39321416 132 304496 39367764
======================
   8      16 sdb 109190 213 25715694 41544 530453 8031637 270411080 39456368 141 305496 39502140
======================
   8      16 sdb 109190 213 25715694 41544 532354 8031637 271383880 39598124 128 306500 39643924
======================
   8      16 sdb 109190 213 25715694 41544 534279 8031637 272369480 39740340 155 307504 39786168
======================
   8      16 sdb 109190 213 25715694 41544 536205 8031637 273355592 39882328 149 308508 39928384
======================
   8      16 sdb 109191 213 25715702 41620 538127 8031660 274339336 40010136 150 309508 40055628
======================
   8      16 sdb 109191 213 25715702 41620 540048 8031660 275322888 40151040 149 310512 40196644
======================
   8      16 sdb 109191 213 25715702 41620 541970 8031660 276306952 40291372 147 311516 40337200
======================
   8      16 sdb 109191 213 25715702 41620 543870 8031660 277279752 40432052 135 312520 40478120
======================
   8      16 sdb 109192 213 25715710 41692 545778 8031676 278254760 40566912 151 313524 40613156
======================
   8      16 sdb 109192 213 25715710 41692 547702 8031699 279239528 40703336 134 314524 40749076
======================
   8      16 sdb 109192 213 25715710 41692 549624 8031699 280223592 40845592 156 315528 40891448
======================
   8      16 sdb 109192 213 25715710 41692 551547 8031699 281208680 40987728 145 316532 41033908
======================
   8      16 sdb 109193 213 25715718 41776 553471 8031716 282191880 41123420 134 317532 41169228
======================
   8      16 sdb 109193 213 25715718 41776 555396 8031716 283177480 41264972 129 318536 41310792
======================
   8      16 sdb 109193 213 25715718 41776 557301 8031740 284152528 41401260 142 319540 41447172
======================
   8      16 sdb 109193 213 25715718 41776 559199 8031740 285124816 41543084 131 320544 41589192
======================
   8      16 sdb 109194 213 25715726 41852 561130 8031757 286111096 41677564 140 321548 41723828
======================
   8      16 sdb 109194 213 25715726 41852 563057 8031757 287097720 41820276 133 322552 41866228
======================
   8      16 sdb 109194 213 25715726 41852 564983 8031757 288083832 41962884 136 323556 42008764
======================
   8      16 sdb 109194 213 25715726 41852 566904 8031780 289067064 42099280 136 324560 42145372
======================
   8      16 sdb 109195 213 25715734 41936 568832 8031796 290052312 42233692 129 325564 42279988
======================
   8      16 sdb 109195 213 25715734 41936 570734 8031796 291026136 42376592 147 326568 42422944
======================
   8      16 sdb 109195 213 25715734 41936 572634 8031796 291998936 42518436 135 327568 42564376
======================
   8      16 sdb 109195 213 25715734 41936 574558 8031796 292984024 42660568 131 328572 42706500
======================
   8      16 sdb 109196 213 25715742 42020 576481 8031819 293968792 42789988 129 329576 42835928
======================
   8      16 sdb 109196 213 25715742 42020 578403 8031819 294952344 42930484 151 330580 42976528
======================
   8      16 sdb 109196 213 25715742 42020 580328 8031819 295937944 43071804 152 331584 43118000
======================
   8      16 sdb 109196 213 25715742 42020 582253 8031819 296923544 43212256 147 332588 43258568
======================
   8      16 sdb 109197 213 25715750 42108 584160 8031836 297898552 43346296 136 333588 43392284
======================
   8      16 sdb 109197 213 25715750 42108 586081 8031859 298881784 43482756 136 334592 43528752
======================
   8      16 sdb 109197 213 25715750 42108 588002 8031859 299865336 43624464 135 335596 43670564
======================
   8      16 sdb 109197 213 25715750 42108 589927 8031859 300850936 43765928 130 336600 43812088
======================
   8      16 sdb 109198 213 25715758 42192 591851 8031876 301834648 43900928 142 337600 43947208
======================
   8      16 sdb 109198 213 25715758 42192 593776 8031876 302820248 44043172 153 338604 44089524
======================
   8      16 sdb 109198 213 25715758 42192 595702 8031899 303806040 44179840 151 339608 44226332
======================
   8      16 sdb 109198 213 25715758 42192 597625 8031899 304791128 44321316 148 340608 44367420
======================
   8      16 sdb 109199 213 25715766 42284 599525 8031915 305762040 44453736 140 341608 44500124
======================
   8      16 sdb 109199 213 25715766 42284 601428 8031915 306735864 44596316 129 342612 44642544
======================
   8      16 sdb 109199 213 25715766 42284 603351 8031915 307720440 44738268 135 343616 44784464
======================
   8      16 sdb 109199 213 25715766 42284 605272 8031938 308703168 44875316 153 344620 44921772
======================
   8      16 sdb 109200 213 25715774 42372 607198 8031938 309689280 45011024 132 345624 45057552
======================
   8      16 sdb 109200 213 25715774 42372 609123 8031938 310674880 45153364 133 346628 45199956
======================
   8      16 sdb 109200 213 25715774 42372 611049 8031938 311660992 45295812 153 347632 45342504
======================
   8      16 sdb 109200 213 25715774 42372 612955 8031938 312636864 45438264 135 348632 45484464
======================
   8      16 sdb 109201 213 25715782 42448 614864 8031961 313614464 45572828 130 349636 45619136
======================
   8      16 sdb 109201 213 25715782 42448 616786 8031961 314598016 45715588 128 350640 45761828
======================
   8      16 sdb 109201 213 25715782 42448 618708 8031961 315582080 45858284 141 351644 45904464
======================
   8      16 sdb 109201 213 25715782 42448 620635 8031961 316568704 46000416 151 352648 46046612
======================
   8      16 sdb 109202 213 25715790 42532 621398 8032031 316953352 46048504 0 353040 46089672
======================
   8      16 sdb 109202 213 25715790 42532 621398 8032031 316953352 46048504 0 353040 46089672
======================
   8      16 sdb 109202 213 25715790 42532 621398 8032031 316953352 46048504 0 353040 46089672
======================
   8      16 sdb 109202 213 25715790 42532 621398 8032031 316953352 46048504 0 353040 46089672
======================
   8      16 sdb 109202 213 25715790 42532 621398 8032031 316953352 46048504 0 353040 46089672
started
======================
   8      16 sdb 109324 213 25716760 42896 621413 8032031 316953408 46048504 0 353044 46090036
======================
   8      16 sdb 109557 214 25738040 43016 621413 8032031 316953408 46048504 1 353112 46090156
======================
   8      16 sdb 111584 236 26021848 44856 621413 8032031 316953408 46048504 7 354108 46091996
======================
   8      16 sdb 113553 257 26295800 46708 621413 8032031 316953408 46048504 1 355092 46093864
======================
   8      16 sdb 115890 286 26569560 48544 621413 8032031 316953408 46048504 1 356072 46095728
======================
   8      16 sdb 118325 318 26858584 50392 621413 8032031 316953408 46048504 0 357052 46097588
======================
   8      16 sdb 120800 349 27153488 52004 621413 8032031 316953408 46048504 1 358044 46099196
======================
   8      16 sdb 123429 377 27446016 53860 621416 8032033 316953448 46048504 2 359024 46101044
======================
   8      16 sdb 126029 407 27742600 55732 621416 8032033 316953448 46048504 2 360008 46102916
======================
   8      16 sdb 128792 435 28045672 57540 621416 8032033 316953448 46048504 1 360980 46104792
======================
   8      16 sdb 131218 462 28330576 59096 621416 8032033 316953448 46048504 2 361968 46106360
======================
   8      16 sdb 133430 482 28603520 60984 621416 8032033 316953448 46048504 2 362940 46108272
======================
   8      16 sdb 136304 522 28892544 62728 621416 8032033 316953448 46048504 1 363936 46110016
======================
   8      16 sdb 138822 555 29184432 64500 621416 8032033 316953448 46048504 4 364928 46111804
======================
   8      16 sdb 141307 581 29482304 66160 621416 8032033 316953448 46048504 0 365908 46113456
======================
   8      16 sdb 144140 613 29783480 68068 621416 8032033 316953448 46048504 2 366896 46115388
======================
   8      16 sdb 146894 642 30079760 70056 621416 8032033 316953448 46048504 1 367892 46117428
======================
   8      16 sdb 149658 675 30369120 72056 621416 8032033 316953448 46048504 1 368888 46119432
======================
   8      16 sdb 152259 718 30657600 73912 621416 8032033 316953448 46048504 2 369868 46121300
======================
   8      16 sdb 155057 748 30957200 75844 621416 8032033 316953448 46048504 1 370836 46123232
======================
   8      16 sdb 157862 785 31246392 77620 621416 8032033 316953448 46048504 1 371796 46125008
======================
   8      16 sdb 160144 820 31525800 79428 621416 8032033 316953448 46048504 1 372792 46126820
======================
   8      16 sdb 163200 854 31821328 81228 621416 8032033 316953448 46048504 2 373784 46128684
======================
   8      16 sdb 165708 881 32109624 83072 621416 8032033 316953448 46048504 6 374760 46130616
======================
   8      16 sdb 167990 910 32385592 84916 621416 8032033 316953448 46048504 1 375744 46132480
======================
   8      16 sdb 170179 935 32661624 86828 621416 8032033 316953448 46048504 1 376740 46134392
======================
   8      16 sdb 172714 965 32958224 88464 621416 8032033 316953448 46048504 0 377720 46136048
======================
   8      16 sdb 174941 998 33240128 90168 621416 8032033 316953448 46048504 2 378708 46137820
======================
   8      16 sdb 176975 1028 33515472 91904 621416 8032033 316953448 46048504 1 379688 46139552
======================
   8      16 sdb 179132 1047 33786960 93672 621416 8032033 316953448 46048504 2 380680 46141328
======================
   8      16 sdb 181660 1087 34085472 95392 621416 8032033 316953448 46048504 2 381672 46143060
======================
   8      16 sdb 184389 1129 34368976 97300 621416 8032033 316953448 46048504 1 382660 46145032
======================
   8      16 sdb 186602 1162 34645168 99252 621416 8032033 316953448 46048504 1 383640 46147024
======================
   8      16 sdb 189106 1182 34935576 101100 621416 8032033 316953448 46048504 1 384608 46148892
======================
   8      16 sdb 191906 1219 35227776 102968 621416 8032033 316953448 46048504 2 385604 46150880
======================
   8      16 sdb 194394 1246 35511128 105040 621416 8032033 316953448 46048504 1 386592 46153020
======================
   8      16 sdb 197100 1278 35806808 106808 621416 8032033 316953448 46048504 1 387568 46154804
======================
   8      16 sdb 199561 1311 36093312 108692 621418 8032033 316953464 46048504 0 388544 46156720
======================
   8      16 sdb 201609 1343 36373792 110592 621418 8032033 316953464 46048504 2 389536 46158636
======================
   8      16 sdb 204180 1370 36663168 112416 621418 8032033 316953464 46048504 2 390516 46160464
======================
   8      16 sdb 206783 1399 36953816 114312 621418 8032033 316953464 46048504 1 391492 46162384
======================
   8      16 sdb 209866 1430 37255536 116120 621418 8032033 316953464 46048504 1 392472 46164196
======================
   8      16 sdb 212778 1452 37548512 117940 621418 8032033 316953464 46048504 5 393452 46166016
======================
   8      16 sdb 215387 1480 37841304 119596 621418 8032033 316953464 46048504 1 394420 46167724
======================
   8      16 sdb 218069 1511 38139480 121452 621418 8032033 316953464 46048504 1 395416 46169588
======================
   8      16 sdb 220505 1531 38427800 123276 621418 8032033 316953464 46048504 1 396380 46171456
======================
   8      16 sdb 222973 1559 38716408 124948 621418 8032033 316953464 46048504 1 397360 46173136
======================
   8      16 sdb 225835 1595 39017744 126712 621418 8032033 316953464 46048504 1 398328 46174908
======================
   8      16 sdb 228747 1634 39307200 128820 621418 8032033 316953464 46048504 1 399320 46177104
======================
   8      16 sdb 230976 1665 39580280 130588 621418 8032033 316953464 46048504 1 400288 46178920
======================
   8      16 sdb 233068 1689 39854912 132416 621418 8032033 316953464 46048504 2 401268 46180748
======================
   8      16 sdb 235707 1721 40148856 134248 621418 8032033 316953464 46048504 1 402260 46182588
======================
   8      16 sdb 238233 1751 40435888 136024 621418 8032033 316953464 46048504 1 403224 46184440
======================
   8      16 sdb 240540 1775 40711128 137768 621418 8032033 316953464 46048504 2 404212 46186212
======================
   8      16 sdb 242511 1803 40982232 139436 621418 8032033 316953464 46048504 2 405200 46187900
======================
   8      16 sdb 244507 1832 41245776 141316 621418 8032033 316953464 46048504 1 406184 46189776
======================
   8      16 sdb 246634 1868 41517152 143452 621418 8032033 316953464 46048504 1 407172 46191948
======================
   8      16 sdb 248637 1884 41789368 145256 621418 8032033 316953464 46048504 11 408152 46193756
======================
   8      16 sdb 250554 1912 42057400 147032 621418 8032033 316953464 46048504 2 409132 46195536
======================
   8      16 sdb 252544 1939 42334192 148656 621418 8032033 316953464 46048504 1 410116 46197152
======================
   8      16 sdb 255080 1964 42622504 150440 621418 8032033 316953464 46048504 1 411100 46198940
======================
   8      16 sdb 257873 1990 42920424 152360 621418 8032033 316953464 46048504 2 412080 46200896
======================
   8      16 sdb 259878 2027 43127328 153772 621418 8032033 316953464 46048504 0 412788 46202324
