======================
   8      16 sdb 19414543 215144 1822845072 41808964 36883105 308141069 10633429360 1551420288 0 13204880 1593192984
======================
   8      16 sdb 19414574 215144 1822846200 41808964 36883105 308141069 10633429360 1551420288 0 13204880 1593192984
======================
   8      16 sdb 19414575 215144 1822846208 41808964 36883105 308141069 10633429360 1551420288 0 13204880 1593192984
======================
   8      16 sdb 19414575 215144 1822846208 41808964 36883105 308141069 10633429360 1551420288 0 13204880 1593192984
======================
   8      16 sdb 19414575 215144 1822846208 41808964 36883105 308141069 10633429360 1551420288 0 13204880 1593192984
======================
   8      16 sdb 19414583 215144 1822846272 41808964 36883105 308141069 10633429360 1551420288 0 13204880 1593192984
======================
   8      16 sdb 19414583 215144 1822846272 41808964 36883105 308141069 10633429360 1551420288 0 13204880 1593192984
======================
   8      16 sdb 19414583 215144 1822846272 41808964 36883105 308141069 10633429360 1551420288 0 13204880 1593192984
======================
   8      16 sdb 19414583 215144 1822846272 41808964 36883105 308141069 10633429360 1551420288 0 13204880 1593192984
======================
   8      16 sdb 19414583 215144 1822846272 41808964 36883105 308141069 10633429360 1551420288 0 13204880 1593192984
======================
   8      16 sdb 19414583 215144 1822846272 41808964 36883105 308141069 10633429360 1551420288 0 13204880 1593192984
======================
   8      16 sdb 19414583 215144 1822846272 41808964 36883175 308145317 10633463904 1551420512 0 13204896 1593193208
======================
   8      16 sdb 19414583 215144 1822846272 41808964 36883175 308145317 10633463904 1551420512 0 13204896 1593193208
======================
   8      16 sdb 19414583 215144 1822846272 41808964 36883175 308145317 10633463904 1551420512 0 13204896 1593193208
======================
   8      16 sdb 19414583 215144 1822846272 41808964 36883175 308145317 10633463904 1551420512 0 13204896 1593193208
======================
   8      16 sdb 19414583 215144 1822846272 41808964 36883175 308145317 10633463904 1551420512 0 13204896 1593193208
======================
   8      16 sdb 19414583 215144 1822846272 41808964 36883175 308145317 10633463904 1551420512 0 13204896 1593193208
started
======================
   8      16 sdb 19414583 215144 1822846272 41808964 36883273 308149519 10633498296 1551420536 0 13204908 1593193232
======================
   8      16 sdb 19414652 215144 1822846824 41808964 36883273 308149519 10633498296 1551420536 0 13204908 1593193232
======================
   8      16 sdb 19414689 215144 1822847120 41808964 36883273 308149519 10633498296 1551420536 0 13204908 1593193232
======================
   8      16 sdb 19414725 215144 1822847408 41808968 36883273 308149519 10633498296 1551420536 0 13204912 1593193236
======================
   8      16 sdb 19414757 215144 1822847664 41808980 36883273 308149519 10633498296 1551420536 0 13204924 1593193248
======================
   8      16 sdb 19414787 215144 1822847904 41808984 36883273 308149519 10633498296 1551420536 0 13204928 1593193252
======================
   8      16 sdb 19414810 215144 1822848088 41809004 36883582 308168276 10633650824 1551420732 0 13205060 1593193464
======================
   8      16 sdb 19414833 215144 1822848272 41809004 36883582 308168276 10633650824 1551420732 0 13205060 1593193464
======================
   8      16 sdb 19414863 215144 1822848512 41809004 36883582 308168276 10633650824 1551420732 0 13205060 1593193464
======================
   8      16 sdb 19414894 215144 1822848760 41809004 36883582 308168276 10633650824 1551420732 0 13205060 1593193464
======================
   8      16 sdb 19414917 215144 1822848944 41809004 36883582 308168276 10633650824 1551420732 0 13205060 1593193464
======================
   8      16 sdb 19414937 215144 1822849104 41809004 36883994 308193897 10633858592 1551421188 1 13205248 1593193920
======================
   8      16 sdb 19414947 215144 1822849184 41809012 36885265 308270944 10634485496 1551422508 2 13206256 1593195224
======================
   8      16 sdb 19414976 215144 1822849416 41809056 36885942 308311626 10634816504 1551423184 0 13206588 1593195944
======================
   8      16 sdb 19414999 215144 1822849600 41809060 36885942 308311626 10634816504 1551423184 0 13206592 1593195948
======================
   8      16 sdb 19415029 215144 1822849840 41809060 36885942 308311626 10634816504 1551423184 0 13206592 1593195948
======================
   8      16 sdb 19415061 215144 1822850096 41809108 36886187 308326953 10634941080 1551423976 0 13206672 1593196788
======================
   8      16 sdb 19415116 215144 1822850536 41809124 36886187 308326953 10634941080 1551423976 0 13206688 1593196804
======================
   8      16 sdb 19415146 215144 1822850776 41809132 36886187 308326953 10634941080 1551423976 0 13206696 1593196812
======================
   8      16 sdb 19415177 215144 1822851024 41809132 36886187 308326953 10634941080 1551423976 0 13206696 1593196812
======================
   8      16 sdb 19415201 215144 1822851216 41809256 36886187 308326953 10634941080 1551423976 0 13206820 1593196936
======================
   8      16 sdb 19415230 215144 1822851448 41809288 36886335 308336193 10635016184 1551424032 0 13206856 1593197024
======================
   8      16 sdb 19415260 215144 1822851688 41809296 36886335 308336193 10635016184 1551424032 0 13206864 1593197032
======================
   8      16 sdb 19415290 215144 1822851928 41809300 36886335 308336193 10635016184 1551424032 0 13206868 1593197036
======================
   8      16 sdb 19415313 215144 1822852112 41809300 36886335 308336193 10635016184 1551424032 0 13206868 1593197036
======================
   8      16 sdb 19415343 215144 1822852352 41809312 36886335 308336193 10635016184 1551424032 0 13206880 1593197048
======================
   8      16 sdb 19415365 215144 1822852528 41809332 36886482 308345376 10635090824 1551424088 0 13206916 1593197124
======================
   8      16 sdb 19415388 215144 1822852712 41809332 36886482 308345376 10635090824 1551424088 0 13206916 1593197124
======================
   8      16 sdb 19415418 215144 1822852952 41809340 36886482 308345376 10635090824 1551424088 0 13206924 1593197132
======================
   8      16 sdb 19415441 215144 1822853136 41809344 36886482 308345376 10635090824 1551424088 0 13206928 1593197136
======================
   8      16 sdb 19415471 215144 1822853376 41809364 36886482 308345376 10635090824 1551424088 0 13206948 1593197156
======================
   8      16 sdb 19415481 215144 1822853456 41809364 36886621 308354047 10635161304 1551424128 0 13206968 1593197196
======================
   8      16 sdb 19415493 215144 1822853552 41809368 36886621 308354047 10635161304 1551424128 0 13206972 1593197200
======================
   8      16 sdb 19415521 215144 1822853776 41809376 36886837 308367263 10635268504 1551424324 1 13207124 1593197404
======================
   8      16 sdb 19415544 215144 1822853960 41809388 36887763 308423105 10635722904 1551425500 0 13207916 1593198584
======================
   8      16 sdb 19415574 215144 1822854200 41809396 36887763 308423105 10635722904 1551425500 0 13207924 1593198592
======================
   8      16 sdb 19415596 215144 1822854376 41809432 36887945 308434489 10635815432 1551425580 0 13207988 1593198704
======================
   8      16 sdb 19415654 215144 1822854840 41809440 36887945 308434489 10635815432 1551425580 0 13207996 1593198712
======================
   8      16 sdb 19415683 215144 1822855072 41809476 36888939 308495389 10636310584 1551426976 0 13208620 1593200132
======================
   8      16 sdb 19415713 215144 1822855312 41809476 36888950 308496092 10636315896 1551426984 1 13208628 1593200140
======================
   8      16 sdb 19415740 215144 1822855528 41809588 36890588 308596339 10637130872 1551429168 1 13209632 1593202412
======================
   8      16 sdb 19415763 215144 1822855712 41809812 36893197 308754824 10638419624 1551441212 2 13210632 1593214668
======================
   8      16 sdb 19415786 215144 1822855896 41809988 36894710 308847275 10639171536 1551443600 1 13211636 1593217224
======================
   8      16 sdb 19415811 215144 1822856096 41810144 36896345 308946720 10639980088 1551446076 1 13212640 1593219832
======================
   8      16 sdb 19415837 215144 1822856304 41810268 36897993 309047202 10640796912 1551447960 2 13213644 1593221836
======================
   8      16 sdb 19415865 215144 1822856528 41810332 36898884 309101575 10641239632 1551448920 0 13214192 1593222860
======================
   8      16 sdb 19415891 215144 1822856736 41810440 36899410 309134630 10641508280 1551449260 0 13214420 1593223304
======================
   8      16 sdb 19415914 215144 1822856920 41810448 36899410 309134630 10641508280 1551449260 0 13214428 1593223312
======================
   8      16 sdb 19415936 215144 1822857096 41810452 36899410 309134630 10641508280 1551449260 0 13214432 1593223316
======================
   8      16 sdb 19415959 215144 1822857280 41810456 36899410 309134630 10641508280 1551449260 0 13214436 1593223320
======================
   8      16 sdb 19415984 215144 1822857480 41810624 36899410 309134630 10641508280 1551449260 0 13214604 1593223488
======================
   8      16 sdb 19416013 215144 1822857712 41810660 36899540 309142756 10641574328 1551449312 0 13214644 1593223576
======================
   8      16 sdb 19416044 215144 1822857960 41810664 36899540 309142756 10641574328 1551449312 0 13214648 1593223580
======================
   8      16 sdb 19416074 215144 1822858200 41810664 36899540 309142756 10641574328 1551449312 0 13214648 1593223580
======================
   8      16 sdb 19416104 215144 1822858440 41810676 36899540 309142756 10641574328 1551449312 0 13214660 1593223592
======================
   8      16 sdb 19416134 215144 1822858680 41810692 36899540 309142756 10641574328 1551449312 0 13214676 1593223608
======================
   8      16 sdb 19416164 215144 1822858920 41810704 36899704 309152923 10641656976 1551449364 0 13214716 1593223672
======================
   8      16 sdb 19416222 215144 1822859384 41810708 36899704 309152923 10641656976 1551449364 0 13214720 1593223676
======================
   8      16 sdb 19416252 215144 1822859624 41810712 36899704 309152923 10641656976 1551449364 0 13214724 1593223680
======================
   8      16 sdb 19416279 215144 1822859840 41810720 36900203 309183085 10641902264 1551449784 0 13215040 1593224104
======================
   8      16 sdb 19416303 215144 1822860032 41810720 36900731 309215247 10642163352 1551450212 1 13215380 1593224528
======================
   8      16 sdb 19416311 215144 1822860096 41810720 36902199 309305806 10642899888 1551454456 2 13216388 1593228764
======================
   8      16 sdb 19416311 215144 1822860096 41810720 36904540 309445949 10644039480 1551456296 1 13217396 1593230592
