======================
   8      16 sdb 12910452 213697 1452586422 31790352 24798551 255919770 7735037888 1124492208 0 9683128 1156238708
======================
   8      16 sdb 12910452 213697 1452586422 31790352 24798551 255919770 7735037888 1124492208 0 9683128 1156238708
======================
   8      16 sdb 12910454 213697 1452586438 31790360 24798551 255919770 7735037888 1124492208 0 9683136 1156238716
======================
   8      16 sdb 12910454 213697 1452586438 31790360 24798551 255919770 7735037888 1124492208 0 9683136 1156238716
======================
   8      16 sdb 12910454 213697 1452586438 31790360 24798551 255919770 7735037888 1124492208 0 9683136 1156238716
======================
   8      16 sdb 12910454 213697 1452586438 31790360 24798551 255919770 7735037888 1124492208 0 9683136 1156238716
======================
   8      16 sdb 12910454 213697 1452586438 31790360 24798551 255919770 7735037888 1124492208 0 9683136 1156238716
======================
started
   8      16 sdb 12910454 213697 1452586438 31790360 24798562 255919779 7735038040 1124492212 0 9683140 1156238720
======================
   8      16 sdb 12910454 213697 1452586438 31790360 24798562 255919779 7735038040 1124492212 0 9683140 1156238720
======================
   8      16 sdb 12910456 213697 1452586454 31790360 24800500 255919860 7735982032 1124497504 9 9683260 1156244008
======================
   8      16 sdb 12910456 213697 1452586454 31790360 24803375 255919896 7737410144 1124609464 142 9684172 1156361580
======================
   8      16 sdb 12910456 213697 1452586454 31790360 24805280 255919896 7738385496 1124752424 157 9685176 1156504460
======================
   8      16 sdb 12910457 213697 1452586462 31790436 24807184 255919896 7739359744 1124889000 152 9686176 1156640740
======================
   8      16 sdb 12910457 213697 1452586462 31790436 24809110 255919925 7740345352 1125029444 147 9687180 1156778372
======================
   8      16 sdb 12910457 213697 1452586462 31790436 24811027 255919925 7741326352 1125169880 130 9688180 1156920932
======================
   8      16 sdb 12910457 213697 1452586462 31790436 24812961 255919925 7742316560 1125311560 148 9689184 1157063368
======================
   8      16 sdb 12910458 213697 1452586470 31790520 24814886 255919925 7743302160 1125447244 130 9690184 1157199168
======================
   8      16 sdb 12910458 213697 1452586470 31790520 24816811 255919925 7744287760 1125589080 157 9691184 1157340632
======================
   8      16 sdb 12910458 213697 1452586470 31790520 24818702 255919949 7745255640 1125728432 143 9692188 1157476336
======================
   8      16 sdb 12910458 213697 1452586470 31790520 24820618 255919949 7746236128 1125867572 148 9693188 1157619140
======================
   8      16 sdb 12910459 213697 1452586478 31790604 24822543 255919949 7747221728 1126003544 157 9694192 1157755320
======================
   8      16 sdb 12910459 213697 1452586478 31790604 24824468 255919949 7748207328 1126146028 152 9695196 1157898188
======================
   8      16 sdb 12910459 213697 1452586478 31790604 24826392 255919949 7749192416 1126288660 148 9696196 1158040572
======================
   8      16 sdb 12910459 213697 1452586478 31790604 24828320 255919973 7750178152 1126430316 124 9697200 1158177428
======================
   8      16 sdb 12910459 213697 1452586478 31790604 24830248 255919973 7751163968 1126569068 144 9698200 1158320860
======================
   8      16 sdb 12910459 213697 1452586478 31790604 24832162 255919973 7752143864 1126712012 150 9699204 1158463792
======================
   8      16 sdb 12910459 213697 1452586478 31790604 24834068 255919973 7753119120 1126854180 132 9700208 1158606048
======================
   8      16 sdb 12910459 213697 1452586478 31790604 24835996 255919973 7754106256 1126996596 156 9701212 1158748416
======================
   8      16 sdb 12910460 213697 1452586486 31790684 24837922 255920002 7755092096 1127128908 151 9702212 1158878504
======================
   8      16 sdb 12910460 213697 1452586486 31790684 24839493 255920002 7755895704 1127243588 156 9703212 1159024004
======================
   8      16 sdb 12910460 213697 1452586486 31790684 24841773 255920002 7757063064 1127414332 155 9704216 1159166352
======================
   8      16 sdb 12910460 213697 1452586486 31790684 24843699 255920002 7758048328 1127556156 149 9705216 1159307844
======================
   8      16 sdb 12910461 213697 1452586494 31790764 24845603 255920002 7759022216 1127691472 140 9706220 1159443580
======================
   8      16 sdb 12910461 213697 1452586494 31790764 24847498 255920034 7759991040 1127831392 140 9707220 1159579492
======================
   8      16 sdb 12910461 213697 1452586494 31790764 24849442 255920034 7760985304 1127970564 149 9708224 1159722448
======================
   8      16 sdb 12910461 213697 1452586494 31790764 24851368 255920034 7761970632 1128113140 143 9709228 1159865412
======================
   8      16 sdb 12910462 213697 1452586502 31790844 24853294 255920034 7762955568 1128248912 142 9710228 1160000852
======================
   8      16 sdb 12910462 213697 1452586502 31790844 24855231 255920114 7763939792 1128386144 143 9711232 1160138464
======================
   8      16 sdb 12910462 213697 1452586502 31790844 24857147 255920155 7764920024 1128534292 137 9712252 1160282468
======================
   8      16 sdb 12910462 213697 1452586502 31790844 24859062 255920155 7765899600 1128677496 144 9713256 1160429380
======================
   8      16 sdb 12910463 213697 1452586510 31790924 24861014 255920179 7766873624 1128812532 134 9714260 1160565428
======================
   8      16 sdb 12910463 213697 1452586510 31790924 24862940 255920179 7767859288 1128955804 128 9715264 1160708048
======================
   8      16 sdb 12910463 213697 1452586510 31790924 24864863 255920179 7768842184 1129098688 157 9716268 1160850908
======================
   8      16 sdb 12910463 213697 1452586510 31790924 24866794 255920226 7769830296 1129241576 75 9717272 1160992380
======================
   8      16 sdb 12910464 213697 1452586518 31791092 24868722 255920226 7770816016 1129369108 144 9718276 1161121612
======================
   8      16 sdb 12910464 213697 1452586518 31791092 24870650 255920226 7771801976 1129511824 136 9719276 1161263920
======================
   8      16 sdb 12910464 213697 1452586518 31791092 24872571 255920226 7772784336 1129654904 135 9720280 1161406872
======================
   8      16 sdb 12910464 213697 1452586518 31791092 24874470 255920226 7773755776 1129797928 156 9721284 1161550000
======================
   8      16 sdb 12910465 213697 1452586526 31791120 24876367 255920274 7774725736 1129940436 142 9722288 1161692448
======================
   8      16 sdb 12910465 213697 1452586526 31791120 24878267 255920274 7775696928 1130080720 153 9723292 1161833168
======================
   8      16 sdb 12910465 213697 1452586526 31791120 24880174 255920274 7776672584 1130223724 134 9724292 1161975804
======================
   8      16 sdb 12910465 213697 1452586526 31791120 24882078 255920274 7777646592 1130365096 150 9725296 1162118720
======================
   8      16 sdb 12910466 213697 1452586534 31791168 24884008 255920274 7778634160 1130507120 151 9726296 1162259192
======================
   8      16 sdb 12910466 213697 1452586534 31791168 24885916 255920320 7779610056 1130649900 141 9727300 1162399160
======================
   8      16 sdb 12910466 213697 1452586534 31791168 24887816 255920320 7780580920 1130789256 130 9728300 1162541168
======================
   8      16 sdb 12910466 213697 1452586534 31791168 24889702 255920320 7781545720 1130931948 132 9729308 1162684556
======================
   8      16 sdb 12910467 213697 1452586542 31791240 24891608 255920321 7782521096 1131069760 131 9730312 1162822620
======================
   8      16 sdb 12910467 213697 1452586542 31791240 24893511 255920321 7783494056 1131212244 148 9731316 1162965332
======================
   8      16 sdb 12910467 213697 1452586542 31791240 24895025 255920321 7784268216 1131341400 138 9732320 1163107612
======================
   8      16 sdb 12910467 213697 1452586542 31791240 24896946 255920368 7785250032 1131492816 128 9733320 1163246776
======================
   8      16 sdb 12910468 213697 1452586550 31791328 24898682 255920368 7786138128 1131628920 131 9734324 1163381956
======================
   8      16 sdb 12910468 213697 1452586550 31791328 24900518 255920368 7787077056 1131771364 151 9735324 1163524132
======================
   8      16 sdb 12910468 213697 1452586550 31791328 24902416 255920368 7788047744 1131914000 141 9736328 1163666936
======================
   8      16 sdb 12910468 213697 1452586550 31791328 24904327 255920368 7789025360 1132056628 150 9737332 1163809920
======================
   8      16 sdb 12910469 213697 1452586558 31791336 24906232 255920414 7789999360 1132195364 136 9738328 1163949608
======================
   8      16 sdb 12910469 213697 1452586558 31791336 24907970 255920414 7790889088 1132337092 155 9739332 1164092644
======================
   8      16 sdb 12910469 213697 1452586558 31791336 24909720 255920544 7791766608 1132479772 150 9740332 1164235108
======================
   8      16 sdb 12910469 213697 1452586558 31791336 24911486 255920544 7792669800 1132623916 144 9741336 1164378184
======================
   8      16 sdb 12910470 213697 1452586566 31791368 24913271 255920544 7793583072 1132767492 152 9742336 1164520032
======================
   8      16 sdb 12910470 213697 1452586566 31791368 24915045 255920587 7794489424 1132907104 143 9743340 1164660144
