======================
   8      16 sdb 19397264 215134 1820682216 41746424 27214791 276006435 8967506504 1301468380 0 11440208 1343153020
======================
   8      16 sdb 19400098 215134 1821289448 41747508 27214791 276006435 8967506504 1301468380 1 11440908 1343154100
======================
   8      16 sdb 19402902 215135 1821889752 41748660 27214791 276006435 8967506504 1301468380 2 11441692 1343155252
======================
   8      16 sdb 19405748 215135 1822505432 41749760 27214791 276006435 8967506504 1301468380 1 11442452 1343156344
======================
   8      16 sdb 19406988 215144 1822778400 41750364 27218094 276006435 8969197640 1301591340 136 11443436 1343285164
======================
   8      16 sdb 19406992 215144 1822778432 41750496 27219998 276006460 8970172184 1301726544 152 11444436 1343420128
======================
   8      16 sdb 19406996 215144 1822778464 41750664 27221900 276006460 8971146008 1301862492 148 11445440 1343556808
======================
   8      16 sdb 19407076 215144 1822779104 41751440 27223272 276006460 8971847968 1301987648 160 11446444 1343691468
======================
   8      16 sdb 19407488 215144 1822782400 41751964 27225430 276006471 8972949424 1302109024 136 11447444 1343816724
======================
   8      16 sdb 19407491 215144 1822782424 41752088 27227211 276006471 8973861296 1302250308 135 11448444 1343943916
======================
   8      16 sdb 19407496 215144 1822782464 41752324 27229439 276006984 8975001600 1302374004 74 11449448 1344064676
======================
   8      16 sdb 19407499 215144 1822782488 41752436 27230486 276006984 8975537160 1302507840 4 11450452 1344198452
======================
   8      16 sdb 19407502 215144 1822782512 41752668 27232127 276007457 8976360472 1302619348 157 11451456 1344315976
======================
   8      16 sdb 19407507 215144 1822782552 41752692 27234711 276007457 8977683480 1302760712 128 11452460 1344455016
======================
   8      16 sdb 19407509 215144 1822782568 41752700 27235949 276007457 8978317336 1302897616 136 11453464 1344593848
======================
   8      16 sdb 19407515 215144 1822782616 41752796 27238515 276007478 8979630792 1303036480 146 11454468 1344731256
======================
   8      16 sdb 19407520 215144 1822782656 41752872 27240985 276007478 8980895432 1303174276 131 11455468 1344869704
======================
   8      16 sdb 19407524 215144 1822782688 41752964 27242960 276007478 8981906632 1303311052 134 11456472 1345007284
======================
   8      16 sdb 19407528 215144 1822782720 41753080 27244888 276007478 8982893768 1303445928 133 11457476 1345142408
======================
   8      16 sdb 19407533 215144 1822782760 41753288 27246802 276007478 8983873736 1303575592 98 11458480 1345270264
======================
   8      16 sdb 19407536 215144 1822782784 41753412 27248699 276007478 8984845000 1303709592 151 11459484 1345406284
======================
   8      16 sdb 19407540 215144 1822782816 41753596 27250594 276007478 8985815240 1303842252 134 11460488 1345539264
======================
   8      16 sdb 19407544 215144 1822782848 41753804 27252506 276007478 8986794184 1303974372 138 11461492 1345669924
======================
   8      16 sdb 19407548 215144 1822782880 41754012 27254421 276007514 8987773944 1304096508 82 11462492 1345793248
======================
   8      16 sdb 19407552 215144 1822782912 41754260 27256341 276007529 8988756096 1304219632 132 11463496 1345917488
======================
   8      16 sdb 19407556 215144 1822782944 41754528 27258257 276007529 8989736584 1304336604 153 11464496 1346034884
======================
   8      16 sdb 19407560 215144 1822782976 41754820 27260169 276007557 8990713736 1304458924 100 11465500 1346153156
======================
   8      16 sdb 19407564 215144 1822783008 41755084 27262056 276007557 8991679880 1304572612 134 11466504 1346271672
======================
   8      16 sdb 19407568 215144 1822783040 41755368 27263939 276007579 8992643144 1304689660 129 11467508 1346388692
======================
   8      16 sdb 19407572 215144 1822783072 41755668 27265860 276007596 8993625824 1304808664 133 11468508 1346506556
======================
   8      16 sdb 19407575 215144 1822783096 41755884 27267780 276007596 8994608864 1304931384 46 11469508 1346628692
======================
   8      16 sdb 19407580 215144 1822783136 41756212 27269693 276007596 8995588320 1305041680 154 11470504 1346741696
======================
   8      16 sdb 19407584 215144 1822783168 41756512 27271589 276007596 8996559072 1305159112 132 11471500 1346859404
======================
   8      16 sdb 19407588 215144 1822783200 41756804 27273501 276007618 8997537184 1305274156 129 11472504 1346971988
======================
   8      16 sdb 19407591 215144 1822783224 41757044 27275394 276007634 8998505520 1305395008 84 11473508 1347095156
======================
   8      16 sdb 19407596 215144 1822783264 41757376 27277287 276007634 8999474736 1305506992 147 11474512 1347208444
======================
   8      16 sdb 19407600 215144 1822783296 41757684 27279197 276007634 9000452656 1305625080 139 11475512 1347326216
======================
   8      16 sdb 19407604 215144 1822783328 41757972 27281109 276007634 9001431600 1305748928 0 11476504 1347445508
======================
   8      16 sdb 19407607 215144 1822783352 41758204 27283029 276007658 9002413824 1305863192 131 11477508 1347565160
======================
   8      16 sdb 19407612 215144 1822783392 41758476 27284933 276007675 9003387296 1305982012 155 11478504 1347684472
======================
   8      16 sdb 19407616 215144 1822783424 41758720 27286837 276007675 9004362144 1306102696 152 11479508 1347804152
======================
   8      16 sdb 19407619 215144 1822783448 41758936 27288736 276007675 9005334432 1306225544 59 11480512 1347926552
======================
   8      16 sdb 19407623 215144 1822783480 41759228 27290625 276007675 9006301600 1306342396 131 11481516 1348045576
======================
   8      16 sdb 19407628 215144 1822783520 41759548 27292505 276007713 9007263328 1306446936 134 11482516 1348149572
======================
   8      16 sdb 19407631 215144 1822783544 41759772 27294421 276007713 9008243440 1306570100 10 11483520 1348269092
======================
   8      16 sdb 19407635 215144 1822783576 41760068 27296336 276007713 9009223920 1306687904 142 11484520 1348391748
======================
   8      16 sdb 19407639 215144 1822783608 41760368 27298244 276007713 9010200816 1306805944 140 11485524 1348510180
======================
   8      16 sdb 19407644 215144 1822783648 41760704 27300159 276007713 9011181296 1306919380 135 11486528 1348622160
======================
   8      16 sdb 19407647 215144 1822783672 41760932 27302070 276007736 9012158904 1307036060 43 11487532 1348738416
======================
   8      16 sdb 19407651 215144 1822783704 41761248 27303970 276007752 9013130832 1307154540 156 11488532 1348859260
======================
   8      16 sdb 19407655 215144 1822783736 41761532 27305881 276007752 9014108752 1307273500 138 11489536 1348978424
======================
   8      16 sdb 19407660 215144 1822783776 41761864 27307791 276007752 9015086672 1307389596 154 11490540 1349090844
======================
   8      16 sdb 19407663 215144 1822783800 41762096 27309705 276007752 9016066640 1307508532 91 11491544 1349213840
======================
   8      16 sdb 19407667 215144 1822783832 41762396 27311615 276007775 9017043736 1307627064 145 11492540 1349333188
======================
   8      16 sdb 19407671 215144 1822783864 41762692 27313533 276007792 9018024376 1307744944 147 11493544 1349451104
======================
   8      16 sdb 19407675 215144 1822783896 41762936 27315423 276007792 9018992056 1307862404 10 11494548 1349564468
======================
   8      16 sdb 19407679 215144 1822783928 41763244 27317331 276007792 9019968952 1307979700 136 11495548 1349686628
======================
   8      16 sdb 19407683 215144 1822783960 41763548 27319220 276007792 9020936120 1308098824 154 11496552 1349806140
======================
   8      16 sdb 19407687 215144 1822783992 41763860 27321133 276007814 9021914744 1308213540 135 11497556 1349919472
======================
   8      16 sdb 19407691 215144 1822784024 41764116 27323042 276007830 9022891272 1308332676 75 11498556 1350039152
======================
   8      16 sdb 19407695 215144 1822784056 41764412 27324952 276007830 9023869192 1308451340 148 11499560 1350159108
======================
   8      16 sdb 19407699 215144 1822784088 41764720 27326865 276007830 9024848648 1308570148 146 11500564 1350278364
======================
   8      16 sdb 19407703 215144 1822784120 41765020 27328777 276007830 9025827592 1308692392 91 11501564 1350396244
======================
   8      16 sdb 19407707 215144 1822784152 41765272 27330692 276007853 9026807248 1308806036 107 11502568 1350514716
======================
   8      16 sdb 19407711 215144 1822784184 41765560 27332577 276007870 9027771496 1308921568 128 11503568 1350630660
======================
   8      16 sdb 19407715 215144 1822784216 41765844 27334501 276007870 9028756584 1309039160 132 11504572 1350747896
======================
   8      16 sdb 19407719 215144 1822784248 41766132 27336424 276007870 9029741160 1309158044 152 11505572 1350863412
======================
   8      16 sdb 19407723 215144 1822784280 41766372 27338338 276007870 9030721128 1309272280 111 11506576 1350982040
======================
   8      16 sdb 19407727 215144 1822784312 41766680 27340240 276007893 9031694128 1309389000 140 11507580 1351099552
======================
   8      16 sdb 19407731 215144 1822784344 41766984 27342152 276007909 9032671184 1309508212 153 11508580 1351218112
======================
   8      16 sdb 19407734 215144 1822784368 41767216 27344065 276007909 9033650640 1309628676 22 11509584 1351335620
======================
   8      16 sdb 19407739 215144 1822784408 41767412 27345947 276007909 9034614224 1309737992 143 11510588 1351449244
======================
   8      16 sdb 19407743 215144 1822784440 41767732 27347834 276007909 9035580368 1309854892 142 11511592 1351566252
======================
   8      16 sdb 19407747 215144 1822784472 41768016 27349753 276007931 9036562064 1309969628 144 11512592 1351677656
======================
   8      16 sdb 19407750 215144 1822784496 41768236 27351665 276007947 9037540128 1310088684 106 11513584 1351799844
======================
   8      16 sdb 19407755 215144 1822784536 41768556 27353571 276007947 9038516000 1310201764 143 11514588 1351913448
======================
   8      16 sdb 19407759 215144 1822784568 41768856 27355480 276007947 9039493408 1310317252 147 11515588 1352029484
======================
   8      16 sdb 19407762 215144 1822784592 41769072 27357392 276007947 9040472352 1310440324 11 11516584 1352148460
======================
   8      16 sdb 19407766 215144 1822784624 41769364 27359282 276007970 9041439208 1310555276 154 11517588 1352268304
======================
   8      16 sdb 19407771 215144 1822784664 41769680 27361189 276007987 9042415232 1310666160 129 11518588 1352379072
======================
   8      16 sdb 19407775 215144 1822784696 41769988 27363105 276007987 9043395712 1310781748 143 11519588 1352493076
======================
   8      16 sdb 19407778 215144 1822784720 41770196 27365016 276007987 9044374144 1310903428 71 11520592 1352615852
======================
   8      16 sdb 19407782 215144 1822784752 41770484 27366927 276007987 9045352576 1311020692 128 11521596 1352734544
======================
   8      16 sdb 19407787 215144 1822784792 41770732 27368844 276008009 9046333248 1311129736 152 11522600 1352844180
======================
   8      16 sdb 19407791 215144 1822784824 41771044 27370749 276008025 9047307728 1311250748 144 11523596 1352961184
======================
   8      16 sdb 19407794 215144 1822784848 41771268 27372640 276008025 9048275920 1311370472 132 11524600 1353084988
======================
   8      16 sdb 19407798 215144 1822784880 41771552 27374529 276008025 9049243088 1311486952 147 11525596 1353201860
======================
   8      16 sdb 19407803 215144 1822784920 41771872 27376438 276008025 9050220496 1311602316 146 11526600 1353315532
======================
   8      16 sdb 19407806 215144 1822784944 41772112 27378348 276008049 9051197600 1311716624 57 11527600 1353430252
======================
   8      16 sdb 19407810 215144 1822784976 41772404 27380267 276008065 9052178240 1311833744 142 11528604 1353549764
======================
   8      16 sdb 19407814 215144 1822785008 41772696 27382174 276008065 9053154624 1311950804 154 11529600 1353666732
======================
   8      16 sdb 19407819 215144 1822785048 41773008 27384085 276008065 9054133056 1312066300 151 11530604 1353780332
======================
   8      16 sdb 19407822 215144 1822785072 41773252 27385971 276008065 9055098688 1312185280 86 11531608 1353901212
======================
   8      16 sdb 19407826 215144 1822785104 41773556 27387867 276008088 9056068616 1312301700 129 11532608 1354018120
======================
   8      16 sdb 19407830 215144 1822785136 41773856 27389779 276008105 9057046688 1312418448 137 11533608 1354135460
======================
   8      16 sdb 19407835 215144 1822785176 41774180 27391689 276008105 9058024608 1312533984 75 11534612 1354246972
======================
   8      16 sdb 19407838 215144 1822785200 41774412 27393604 276008105 9059005088 1312651896 105 11535616 1354369872
======================
   8      16 sdb 19407842 215144 1822785232 41774696 27395506 276008105 9059978912 1312769088 141 11536616 1354487364
======================
   8      16 sdb 19407846 215144 1822785264 41774940 27397424 276008144 9060958720 1312884784 140 11537620 1354603340
======================
   8      16 sdb 19407850 215144 1822785296 41775168 27399319 276008144 9061928960 1313005140 27 11538620 1354720656
======================
   8      16 sdb 19407854 215144 1822785328 41775484 27401208 276008144 9062896128 1313119356 138 11539616 1354838652
======================
   8      16 sdb 19407858 215144 1822785360 41775768 27403118 276008144 9063874048 1313235260 147 11540616 1354954892
======================
   8      16 sdb 19407862 215144 1822785392 41776064 27405027 276008144 9064851456 1313354900 128 11541620 1355072116
======================
   8      16 sdb 19407866 215144 1822785424 41776296 27406940 276008168 9065830096 1313466700 89 11542620 1355185876
======================
   8      16 sdb 19407870 215144 1822785456 41776592 27408853 276008185 9066808176 1313581048 146 11543616 1355301564
======================
   8      16 sdb 19407874 215144 1822785488 41776888 27410765 276008185 9067787120 1313697988 139 11544620 1355418808
======================
   8      16 sdb 19407877 215144 1822785512 41777108 27412645 276008185 9068750192 1313821036 18 11545620 1355537952
======================
   8      16 sdb 19407882 215144 1822785552 41777420 27414536 276008185 9069717872 1313933120 145 11546624 1355654340
======================
   8      16 sdb 19407886 215144 1822785584 41777740 27416451 276008207 9070697520 1314047288 135 11547624 1355768848
======================
   8      16 sdb 19407890 215144 1822785616 41778032 27418364 276008223 9071675592 1314165432 145 11548624 1355885340
======================
   8      16 sdb 19407893 215144 1822785640 41778260 27420269 276008223 9072650952 1314285620 79 11549624 1356006532
======================
   8      16 sdb 19407898 215144 1822785680 41778592 27422185 276008223 9073631944 1314399284 131 11550624 1356121484
======================
   8      16 sdb 19407902 215144 1822785712 41778900 27424098 276008223 9074611912 1314514436 139 11551628 1356237260
======================
   8      16 sdb 19407906 215144 1822785744 41779192 27425988 276008245 9075578248 1314632532 36 11552632 1356350320
======================
   8      16 sdb 19407909 215144 1822785768 41779412 27427881 276008261 9076546584 1314751152 128 11553636 1356475216
======================
   8      16 sdb 19407914 215144 1822785808 41779728 27429797 276008261 9077527576 1314866000 145 11554640 1356589536
======================
   8      16 sdb 19407918 215144 1822785840 41780056 27431700 276008261 9078501912 1314980052 139 11555640 1356702268
======================
   8      16 sdb 19407921 215144 1822785864 41780292 27433614 276008261 9079482392 1315102056 50 11556640 1356823792
======================
   8      16 sdb 19407925 215144 1822785896 41780592 27435530 276008302 9080462056 1315217768 140 11557644 1356942244
======================
   8      16 sdb 19407930 215144 1822785936 41780908 27437442 276008302 9081439624 1315332636 146 11558644 1357057340
======================
   8      16 sdb 19407934 215144 1822785968 41781232 27439319 276008302 9082400648 1315452172 151 11559644 1357172552
======================
   8      16 sdb 19407937 215144 1822785992 41781456 27441261 276008302 9083394952 1315569412 88 11560648 1357293788
======================
   8      16 sdb 19407941 215144 1822786024 41781752 27443172 276008302 9084373384 1315689368 137 11561652 1357414796
======================
   8      16 sdb 19407946 215144 1822786064 41782008 27445081 276008324 9085349960 1315804320 152 11562652 1357529580
======================
   8      16 sdb 19407950 215144 1822786096 41782308 27446995 276008324 9086329928 1315925332 151 11563652 1357646792
======================
   8      16 sdb 19407953 215144 1822786120 41782532 27448908 276008324 9087309384 1316045624 123 11564652 1357771936
======================
   8      16 sdb 19407957 215144 1822786152 41782836 27450817 276008324 9088286792 1316164792 142 11565652 1357891608
======================
   8      16 sdb 19407962 215144 1822786192 41783152 27452727 276008324 9089264712 1316282924 150 11566656 1358009008
======================
   8      16 sdb 19407965 215144 1822786216 41783404 27454617 276008347 9090231568 1316398528 48 11567656 1358123148
======================
   8      16 sdb 19407969 215144 1822786248 41783728 27456503 276008347 9091197200 1316518072 154 11568660 1358245128
======================
   8      16 sdb 19407973 215144 1822786280 41784028 27458398 276008347 9092167440 1316636836 137 11569656 1358364200
======================
   8      16 sdb 19407977 215144 1822786312 41784340 27460298 276008347 9093140240 1316760992 14 11570660 1358483620
======================
   8      16 sdb 19407977 215144 1822786312 41784340 27460725 276008413 9093352824 1316785456 0 11570872 1358508080
======================
   8      16 sdb 19407977 215144 1822786312 41784340 27460725 276008413 9093352824 1316785456 0 11570872 1358508080
======================
   8      16 sdb 19407977 215144 1822786312 41784340 27460725 276008413 9093352824 1316785456 0 11570872 1358508080
======================
   8      16 sdb 19407977 215144 1822786312 41784340 27460725 276008413 9093352824 1316785456 0 11570872 1358508080
======================
   8      16 sdb 19407977 215144 1822786312 41784340 27460725 276008413 9093352824 1316785456 0 11570872 1358508080
======================
   8      16 sdb 19407977 215144 1822786312 41784340 27460725 276008413 9093352824 1316785456 0 11570872 1358508080
started
======================
   8      16 sdb 19408099 215144 1822787282 41784748 27460740 276008413 9093352880 1316785460 0 11570880 1358508492
======================
   8      16 sdb 19408099 215144 1822787282 41784748 27460740 276008413 9093352880 1316785460 0 11570880 1358508492
======================
   8      16 sdb 19408105 215144 1822787330 41784748 27460740 276008413 9093352880 1316785460 0 11570880 1358508492
======================
   8      16 sdb 19408105 215144 1822787330 41784748 27460740 276008413 9093352880 1316785460 0 11570880 1358508492
======================
   8      16 sdb 19408105 215144 1822787330 41784748 27460740 276008413 9093352880 1316785460 0 11570880 1358508492
======================
   8      16 sdb 19408105 215144 1822787330 41784748 27461561 276008413 9093359728 1316786548 151 11570888 1358509576
======================
   8      16 sdb 19408105 215144 1822787330 41784748 27504376 276008413 9093722152 1316927920 158 11571892 1358651120
======================
   8      16 sdb 19408105 215144 1822787330 41784748 27541641 276008415 9094041712 1317069744 147 11572896 1358792948
======================
   8      16 sdb 19408105 215144 1822787330 41784748 27579931 276008415 9094373216 1317211496 136 11573900 1358934616
======================
   8      16 sdb 19408105 215144 1822787330 41784748 27618686 276008415 9094713520 1317352360 129 11574904 1359075432
======================
   8      16 sdb 19408105 215144 1822787330 41784748 27658718 276008415 9095068928 1317494428 137 11575908 1359217600
======================
   8      16 sdb 19408105 215144 1822787330 41784748 27699372 276008415 9095433400 1317633528 144 11576912 1359356668
======================
   8      16 sdb 19408105 215144 1822787330 41784748 27739658 276008416 9095795768 1317773508 134 11577916 1359496624
======================
   8      16 sdb 19408105 215144 1822787330 41784748 27780208 276008416 9096161912 1317913992 128 11578916 1359636584
======================
   8      16 sdb 19408105 215144 1822787330 41784748 27821469 276008417 9096535704 1318054228 126 11579920 1359776740
======================
   8      16 sdb 19408105 215144 1822787330 41784748 27863357 276008417 9096916544 1318191860 152 11580924 1359914392
======================
   8      16 sdb 19408105 215144 1822787330 41784748 27905351 276008418 9097301448 1318330472 144 11581928 1360053408
======================
   8      16 sdb 19408105 215144 1822787330 41784748 27947760 276008419 9097690088 1318471584 135 11582932 1360194144
======================
   8      16 sdb 19408105 215144 1822787330 41784748 27989940 276008419 9098079128 1318610180 140 11583936 1360332716
======================
   8      16 sdb 19408105 215144 1822787330 41784748 28031756 276008419 9098465184 1318750384 137 11584940 1360472688
======================
   8      16 sdb 19408105 215144 1822787330 41784748 28073976 276008419 9098856288 1318889552 130 11585944 1360611996
======================
   8      16 sdb 19408105 215144 1822787330 41784748 28116766 276008421 9099253896 1319028076 159 11586948 1360750696
======================
   8      16 sdb 19408105 215144 1822787330 41784748 28160304 276008422 9099660024 1319167608 138 11587948 1360889508
======================
   8      16 sdb 19408105 215144 1822787330 41784748 28203741 276008423 9100065504 1319307920 124 11588952 1361029748
======================
   8      16 sdb 19408105 215144 1822787330 41784748 28247104 276008423 9100471392 1319447144 144 11589956 1361168932
======================
   8      16 sdb 19408105 215144 1822787330 41784748 28290893 276008423 9100883184 1319585856 129 11590960 1361307624
======================
   8      16 sdb 19408105 215144 1822787330 41784748 28334678 276008424 9101296288 1319726272 159 11591968 1361448448
======================
   8      16 sdb 19408105 215144 1822787330 41784748 28378092 276008424 9101707608 1319864160 129 11592972 1361586340
======================
   8      16 sdb 19408105 215144 1822787330 41784748 28421736 276008424 9102121904 1320003196 133 11593976 1361725340
======================
   8      16 sdb 19408105 215144 1822787330 41784748 28466188 276008425 9102544384 1320143908 131 11594980 1361866092
======================
   8      16 sdb 19408105 215144 1822787330 41784748 28510316 276008426 9102967512 1320283316 129 11595988 1362005996
======================
   8      16 sdb 19408105 215144 1822787330 41784748 28555073 276008428 9103395320 1320422228 136 11596988 1362144324
======================
   8      16 sdb 19408105 215144 1822787330 41784748 28599749 276008428 9103826432 1320561088 134 11597992 1362283080
======================
   8      16 sdb 19408105 215144 1822787330 41784748 28644583 276008429 9104258528 1320701004 128 11598996 1362422904
======================
   8      16 sdb 19408105 215144 1822787330 41784748 28688962 276008429 9104688176 1320841084 124 11600000 1362563012
======================
   8      16 sdb 19408105 215144 1822787330 41784748 28733117 276008430 9105118448 1320979892 157 11601004 1362701836
======================
   8      16 sdb 19408105 215144 1822787330 41784748 28778593 276008431 9105561576 1321118996 148 11602008 1362840856
======================
   8      16 sdb 19408105 215144 1822787330 41784748 28824174 276008432 9106006056 1321258784 155 11603012 1362980640
======================
   8      16 sdb 19408105 215144 1822787330 41784748 28869896 276008432 9106456440 1321397056 126 11604016 1363119008
======================
   8      16 sdb 19408105 215144 1822787330 41784748 28915758 276008432 9106909776 1321536588 153 11605020 1363259000
======================
   8      16 sdb 19408105 215144 1822787330 41784748 28961235 276008432 9107359512 1321674368 128 11606024 1363397096
======================
   8      16 sdb 19408105 215144 1822787330 41784748 29006537 276008435 9107810792 1321813644 130 11607024 1363535836
======================
   8      16 sdb 19408105 215144 1822787330 41784748 29051663 276008435 9108260760 1321952120 128 11608028 1363674696
======================
   8      16 sdb 19408105 215144 1822787330 41784748 29097799 276008435 9108721056 1322091208 148 11609032 1363813776
======================
   8      16 sdb 19408105 215144 1822787330 41784748 29144009 276008435 9109184752 1322229348 141 11610036 1363951936
======================
   8      16 sdb 19408105 215144 1822787330 41784748 29190131 276008435 9109651952 1322368424 136 11611040 1364090868
======================
   8      16 sdb 19408105 215144 1822787330 41784748 29236442 276008437 9110122384 1322508240 159 11612048 1364231200
======================
   8      16 sdb 19408105 215144 1822787330 41784748 29282925 276008437 9110595808 1322647800 141 11613056 1364371276
======================
   8      16 sdb 19408105 215144 1822787330 41784748 29328665 276008437 9111064488 1322785056 134 11614060 1364508536
======================
   8      16 sdb 19408105 215144 1822787330 41784748 29373454 276008438 9111514296 1322922008 129 11615064 1364645504
======================
   8      16 sdb 19408105 215144 1822787330 41784748 29418188 276008438 9111951104 1323058488 124 11616064 1364781460
======================
   8      16 sdb 19408105 215144 1822787330 41784748 29463809 276008439 9112396672 1323194696 152 11617068 1364917580
======================
   8      16 sdb 19408105 215144 1822787330 41784748 29509363 276008439 9112842344 1323332160 141 11618072 1365054984
======================
   8      16 sdb 19408105 215144 1822787330 41784748 29554766 276008440 9113285328 1323467512 138 11619076 1365190280
======================
   8      16 sdb 19408105 215144 1822787330 41784748 29600130 276008440 9113725424 1323603956 130 11620080 1365326816
======================
   8      16 sdb 19408105 215144 1822787330 41784748 29644178 276008440 9114151880 1323740948 145 11621084 1365463756
======================
   8      16 sdb 19408105 215144 1822787330 41784748 29688007 276008441 9114574176 1323877236 142 11622088 1365600088
======================
   8      16 sdb 19408105 215144 1822787330 41784748 29732979 276008441 9115007088 1324014432 129 11623092 1365737304
======================
   8      16 sdb 19408105 215144 1822787330 41784748 29777440 276008441 9115433896 1324150608 134 11624096 1365873532
======================
   8      16 sdb 19408105 215144 1822787330 41784748 29821863 276008441 9115858104 1324289328 142 11625096 1366011676
======================
   8      16 sdb 19408105 215144 1822787330 41784748 29866141 276008441 9116279832 1324426712 136 11626100 1366148976
======================
   8      16 sdb 19408105 215144 1822787330 41784748 29910415 276008442 9116702376 1324565184 130 11627104 1366287416
======================
   8      16 sdb 19408105 215144 1822787330 41784748 29953998 276008442 9117117296 1324705772 149 11628108 1366428000
======================
   8      16 sdb 19408105 215144 1822787330 41784748 29997521 276008442 9117530352 1324844472 137 11629112 1366567148
