======================
   8      32 sdc 584831 8075 162963994 11442976 5914489 169850635 3012091648 1696317488 0 11608328 1708320356
======================
   8      32 sdc 584831 8075 162963994 11442976 5914489 169850635 3012091648 1696317488 0 11608328 1708320356
======================
   8      32 sdc 584833 8075 162964010 11443008 5914489 169850635 3012091648 1696317488 0 11608360 1708320388
======================
   8      32 sdc 584833 8075 162964010 11443008 5914489 169850635 3012091648 1696317488 0 11608360 1708320388
======================
   8      32 sdc 584833 8075 162964010 11443008 5914489 169850635 3012091648 1696317488 1 11608988 1708321016
======================
   8      32 sdc 584833 8075 162964010 11443008 5914489 169850635 3012091648 1696317488 1 11609992 1708322020
======================
   8      32 sdc 584834 8075 162964018 11445284 5916257 169850635 3012996864 1696350528 154 11610984 1708368848
======================
   8      32 sdc 584834 8075 162964018 11445284 5916539 169850652 3013140376 1696473176 128 11611988 1708512824
======================
   8      32 sdc 584834 8075 162964018 11445284 5916808 169850652 3013278104 1696612524 147 11612992 1708657420
======================
   8      32 sdc 584834 8075 162964018 11445284 5916959 169850652 3013355416 1696692868 156 11613996 1708807188
======================
   8      32 sdc 584834 8075 162964018 11445284 5916961 169850652 3013356440 1696696932 154 11615092 1708978164
======================
   8      32 sdc 584834 8075 162964018 11445284 5917279 169850652 3013519256 1697101504 156 11616096 1709123008
======================
   8      32 sdc 584834 8075 162964018 11445284 5917792 169850652 3013781912 1697232920 155 11617100 1709266468
======================
   8      32 sdc 584834 8075 162964018 11445284 5918468 169850652 3014128024 1697389772 151 11618104 1709410384
======================
   8      32 sdc 584834 8075 162964018 11445284 5919110 169850652 3014456728 1697532884 149 11619108 1709554236
======================
   8      32 sdc 584834 8075 162964018 11445284 5920235 169850652 3015032728 1697684252 144 11620112 1709697676
======================
   8      32 sdc 584834 8075 162964018 11445284 5921521 169850652 3015691160 1697824088 138 11621116 1709841528
======================
   8      32 sdc 584835 8075 162964026 11445440 5922289 169850652 3016084376 1697955836 150 11622120 1709977384
======================
   8      32 sdc 584835 8075 162964026 11445440 5922931 169850652 3016413080 1698099344 148 11623124 1710121052
======================
   8      32 sdc 584835 8075 162964026 11445440 5923534 169850652 3016721816 1698245748 153 11624124 1710263396
======================
   8      32 sdc 584835 8075 162964026 11445440 5924212 169850652 3017068952 1698384964 147 11625128 1710406820
======================
   8      32 sdc 584835 8075 162964026 11445440 5924844 169850652 3017392536 1698531520 155 11626132 1710549848
======================
   8      32 sdc 584835 8075 162964026 11445440 5925507 169850652 3017731992 1698672232 132 11627136 1710693332
======================
   8      32 sdc 584835 8075 162964026 11445440 5926149 169850652 3018060696 1698815820 130 11628140 1710836896
======================
   8      32 sdc 584835 8075 162964026 11445440 5926823 169850652 3018405784 1698960132 128 11629144 1710980528
======================
   8      32 sdc 584835 8075 162964026 11445440 5927452 169850652 3018727832 1699106332 139 11630148 1711125176
======================
   8      32 sdc 584835 8075 162964026 11445440 5928109 169850652 3019064216 1699246272 154 11631152 1711268740
======================
   8      32 sdc 584835 8075 162964026 11445440 5928735 169850652 3019384728 1699391556 136 11632156 1711412272
======================
   8      32 sdc 584835 8075 162964026 11445440 5929411 169850652 3019730840 1699535172 132 11633160 1711555760
======================
   8      32 sdc 584836 8075 162964034 11445864 5929926 169850652 3019994520 1699647548 148 11634160 1711668168
======================
   8      32 sdc 584836 8075 162964034 11445864 5930521 169850652 3020299160 1699793832 129 11635164 1711813192
======================
   8      32 sdc 584836 8075 162964034 11445864 5931232 169850652 3020663192 1699934252 154 11636168 1711956240
======================
   8      32 sdc 584836 8075 162964034 11445864 5931800 169850652 3020954008 1700083148 130 11637172 1712102092
======================
   8      32 sdc 584836 8075 162964034 11445864 5932513 169850652 3021319064 1700223824 153 11638176 1712245332
======================
   8      32 sdc 584836 8075 162964034 11445864 5933155 169850652 3021647768 1700366656 151 11639180 1712388736
======================
   8      32 sdc 584836 8075 162964034 11445864 5933800 169850652 3021978008 1700509820 146 11640184 1712532108
======================
   8      32 sdc 584836 8075 162964034 11445864 5934468 169850652 3022320024 1700653776 150 11641184 1712674752
======================
   8      32 sdc 584836 8075 162964034 11445864 5935121 169850652 3022654360 1700796324 137 11642188 1712818012
======================
   8      32 sdc 584836 8075 162964034 11445864 5935758 169850652 3022980504 1700940252 140 11643192 1712959272
======================
   8      32 sdc 584836 8075 162964034 11445864 5936405 169850652 3023311768 1701080820 133 11644196 1713102544
======================
   8      32 sdc 584836 8075 162964034 11445864 5937044 169850652 3023638936 1701223612 134 11645200 1713246000
======================
   8      32 sdc 584837 8075 162964042 11446096 5937681 169850652 3023965080 1701347916 158 11646204 1713369488
======================
   8      32 sdc 584837 8075 162964042 11446096 5938340 169850652 3024302488 1701494972 139 11647204 1713514740
======================
   8      32 sdc 584837 8075 162964042 11446096 5938986 169850652 3024633240 1701636480 133 11648208 1713658220
======================
   8      32 sdc 584837 8075 162964042 11446096 5939638 169850652 3024967064 1701780748 153 11649212 1713801792
======================
   8      32 sdc 584837 8075 162964042 11446096 5939972 169850652 3025138072 1701855100 139 11650216 1713943540
======================
   8      32 sdc 584837 8075 162964042 11446096 5940902 169850652 3025614232 1702067044 138 11651220 1714087496
======================
   8      32 sdc 584837 8075 162964042 11446096 5941553 169850652 3025947544 1702209216 159 11652224 1714230928
======================
   8      32 sdc 584837 8075 162964042 11446096 5942224 169850652 3026291096 1702352860 128 11653228 1714374460
======================
   8      32 sdc 584837 8075 162964042 11446096 5942900 169850652 3026637208 1702496212 156 11654232 1714518016
======================
   8      32 sdc 584837 8075 162964042 11446096 5943564 169850652 3026977176 1702637720 132 11655236 1714661736
======================
   8      32 sdc 584837 8075 162964042 11446096 5944142 169850652 3027273112 1702787324 130 11656240 1714807060
======================
   8      32 sdc 584837 8075 162964042 11446096 5944826 169850652 3027623832 1702928272 130 11657240 1714949764
======================
   8      32 sdc 584837 8075 162964042 11446096 5944932 169850652 3027677592 1702950812 24 11658244 1714982316
======================
   8      32 sdc 584838 8075 162964050 11447668 5946132 169850652 3028291992 1703034880 147 11659248 1715059096
======================
   8      32 sdc 584838 8075 162964050 11447668 5946769 169850652 3028618136 1703177496 150 11660252 1715202768
======================
   8      32 sdc 584838 8075 162964050 11447668 5947423 169850652 3028952984 1703320564 136 11661256 1715346400
======================
   8      32 sdc 584838 8075 162964050 11447668 5948071 169850652 3029284760 1703465716 128 11662260 1715489692
======================
   8      32 sdc 584838 8075 162964050 11447668 5948645 169850652 3029578648 1703608540 130 11663264 1715634532
======================
   8      32 sdc 584838 8075 162964050 11447668 5949355 169850652 3029942168 1703753912 156 11664268 1715778224
======================
   8      32 sdc 584838 8075 162964050 11447668 5949995 169850652 3030269848 1703896860 156 11665272 1715922036
======================
   8      32 sdc 584838 8075 162964050 11447668 5950665 169850652 3030612888 1704042048 158 11666276 1716065760
======================
   8      32 sdc 584838 8075 162964050 11447668 5951321 169850652 3030948760 1704184720 142 11667276 1716208760
======================
   8      32 sdc 584838 8075 162964050 11447668 5951963 169850652 3031277464 1704328204 140 11668280 1716352356
======================
   8      32 sdc 584839 8075 162964058 11447848 5952602 169850652 3031605144 1704471252 159 11669284 1716486676
======================
   8      32 sdc 584839 8075 162964058 11447848 5953273 169850652 3031948184 1704605708 128 11670288 1716629952
======================
   8      32 sdc 584839 8075 162964058 11447848 5953906 169850652 3032272280 1704748488 135 11671292 1716773280
======================
   8      32 sdc 584839 8075 162964058 11447848 5954527 169850652 3032590232 1704899972 154 11672296 1716920656
======================
   8      32 sdc 584839 8075 162964058 11447848 5955072 169850652 3032869272 1705023352 153 11673300 1717063984
======================
   8      32 sdc 584839 8075 162964058 11447848 5955733 169850652 3033207704 1705184368 132 11674304 1717207904
======================
   8      32 sdc 584839 8075 162964058 11447848 5956363 169850652 3033530264 1705325060 142 11675304 1717350916
======================
   8      32 sdc 584839 8075 162964058 11447848 5956993 169850652 3033852824 1705468724 152 11676308 1717493196
======================
   8      32 sdc 584839 8075 162964058 11447848 5957653 169850652 3034190744 1705633872 132 11677312 1717645272
======================
   8      32 sdc 584839 8075 162964058 11447848 5958332 169850652 3034538392 1705764296 157 11678316 1717787876
======================
   8      32 sdc 584839 8075 162964058 11447848 5958973 169850652 3034866584 1705906992 156 11679320 1717931220
======================
   8      32 sdc 584839 8075 162964058 11447848 5959619 169850652 3035197336 1706050916 150 11680328 1718075120
======================
   8      32 sdc 584839 8075 162964058 11447848 5960272 169850652 3035531672 1706191736 12 11681332 1718202832
======================
   8      32 sdc 584840 8075 162964066 11448076 5960905 169850652 3035855768 1706317772 146 11682336 1718342512
======================
   8      32 sdc 584840 8075 162964066 11448076 5961499 169850652 3036159896 1706465716 128 11683340 1718487008
======================
   8      32 sdc 584840 8075 162964066 11448076 5962139 169850652 3036487576 1706610388 128 11684340 1718631332
======================
   8      32 sdc 584840 8075 162964066 11448076 5962751 169850652 3036800920 1706733796 156 11685460 1718794040
======================
   8      32 sdc 584840 8075 162964066 11448076 5963416 169850652 3037141400 1706914028 131 11686464 1718938068
======================
   8      32 sdc 584840 8075 162964066 11448076 5964057 169850652 3037469592 1707057212 130 11687468 1719081776
======================
   8      32 sdc 584840 8075 162964066 11448076 5964709 169850652 3037803416 1707201784 150 11688472 1719225700
======================
   8      32 sdc 584840 8075 162964066 11448076 5965380 169850652 3038146968 1707345360 151 11689476 1719369284
======================
   8      32 sdc 584840 8075 162964066 11448076 5965989 169850652 3038458776 1707492192 150 11690480 1719514648
======================
   8      32 sdc 584840 8075 162964066 11448076 5966651 169850652 3038797720 1707633360 128 11691484 1719658352
======================
   8      32 sdc 584840 8075 162964066 11448076 5967312 169850652 3039136152 1707778140 139 11692488 1719802352
======================
   8      32 sdc 584840 8075 162964066 11448076 5967922 169850652 3039448472 1707907904 42 11693488 1719928240
======================
   8      32 sdc 584840 8075 162964066 11448076 5967922 169850652 3039448472 1707907904 42 11694492 1719970408
======================
   8      32 sdc 584841 8075 162964074 11449652 5969288 169850652 3040147864 1708056068 128 11695496 1720082576
======================
   8      32 sdc 584841 8075 162964074 11449652 5969914 169850652 3040468376 1708199532 142 11696500 1720226108
======================
   8      32 sdc 584841 8075 162964074 11449652 5970557 169850652 3040797592 1708344484 139 11697504 1720369848
======================
   8      32 sdc 584841 8075 162964074 11449652 5971266 169850652 3041161112 1708499460 134 11698588 1720524080
======================
   8      32 sdc 584841 8075 162964074 11449652 5971910 169850652 3041490328 1708640992 130 11699592 1720666536
======================
   8      32 sdc 584841 8075 162964074 11449652 5972570 169850652 3041828248 1708784968 142 11700596 1720810208
======================
   8      32 sdc 584841 8075 162964074 11449652 5973234 169850652 3042168216 1708928456 150 11701600 1720953812
======================
   8      32 sdc 584841 8075 162964074 11449652 5973876 169850652 3042496920 1709071448 148 11702604 1721097424
======================
   8      32 sdc 584841 8075 162964074 11449652 5974518 169850652 3042825624 1709214264 146 11703608 1721239456
======================
   8      32 sdc 584841 8075 162964074 11449652 5975151 169850652 3043149720 1709361116 153 11704612 1721384944
======================
   8      32 sdc 584842 8075 162964082 11449856 5975785 169850652 3043474328 1709490960 146 11705616 1721516668
======================
   8      32 sdc 584842 8075 162964082 11449856 5976450 169850652 3043814808 1709634852 153 11706620 1721660332
======================
   8      32 sdc 584842 8075 162964082 11449856 5977090 169850652 3044142488 1709778460 153 11707624 1721804524
======================
   8      32 sdc 584842 8075 162964082 11449856 5977733 169850652 3044471704 1709922324 150 11708628 1721948292
======================
   8      32 sdc 584842 8075 162964082 11449856 5978370 169850652 3044798360 1710071820 153 11709636 1722095312
======================
   8      32 sdc 584842 8075 162964082 11449856 5979027 169850652 3045134232 1710212012 136 11710636 1722238568
======================
   8      32 sdc 584842 8075 162964082 11449856 5979654 169850652 3045455256 1710356208 149 11711640 1722382016
======================
   8      32 sdc 584842 8075 162964082 11449856 5980330 169850652 3045801368 1710500356 145 11712644 1722525896
======================
   8      32 sdc 584842 8075 162964082 11449856 5981006 169850652 3046147480 1710644068 141 11713648 1722669580
======================
   8      32 sdc 584842 8075 162964082 11449856 5981683 169850652 3046494104 1710787940 136 11714652 1722813236
======================
   8      32 sdc 584842 8075 162964082 11449856 5982322 169850652 3046821272 1710931652 137 11715656 1722956688
======================
   8      32 sdc 584842 8075 162964082 11449856 5982946 169850652 3047141272 1711073748 153 11716660 1723100376
======================
   8      32 sdc 584843 8075 162964090 11450072 5983593 169850652 3047472024 1711206560 146 11717664 1723232264
======================
   8      32 sdc 584843 8075 162964090 11450072 5984266 169850652 3047816600 1711349904 145 11718668 1723376048
======================
   8      32 sdc 584843 8075 162964090 11450072 5984908 169850652 3048145304 1711493372 143 11719672 1723519812
======================
   8      32 sdc 584843 8075 162964090 11450072 5985535 169850652 3048466328 1711641720 156 11720676 1723664896
======================
   8      32 sdc 584843 8075 162964090 11450072 5986200 169850652 3048806808 1711782924 131 11721680 1723809168
======================
   8      32 sdc 584843 8075 162964090 11450072 5986842 169850652 3049135512 1711926740 129 11722684 1723952912
======================
   8      32 sdc 584843 8075 162964090 11450072 5987497 169850652 3049470872 1712073196 146 11723708 1724099756
======================
   8      32 sdc 584843 8075 162964090 11450072 5988139 169850652 3049799576 1712216828 144 11724712 1724243428
======================
   8      32 sdc 584843 8075 162964090 11450072 5988784 169850652 3050129816 1712358088 139 11725716 1724387080
======================
   8      32 sdc 584843 8075 162964090 11450072 5989458 169850652 3050474904 1712506256 139 11726720 1724531036
======================
   8      32 sdc 584843 8075 162964090 11450072 5990102 169850652 3050804632 1712648072 135 11727724 1724674224
======================
   8      32 sdc 584843 8075 162964090 11450072 5990749 169850652 3051135896 1712792428 128 11728728 1724817712
======================
   8      32 sdc 584844 8075 162964098 11450508 5991251 169850652 3051392920 1712900552 139 11729732 1724926644
======================
   8      32 sdc 584844 8075 162964098 11450508 5991917 169850652 3051733912 1713042320 145 11730736 1725069524
======================
   8      32 sdc 584844 8075 162964098 11450508 5992542 169850652 3052053912 1713186192 128 11731740 1725213168
======================
   8      32 sdc 584844 8075 162964098 11450508 5993185 169850652 3052383128 1713331240 157 11732744 1725356872
======================
   8      32 sdc 584844 8075 162964098 11450508 5993843 169850652 3052720024 1713475036 139 11733748 1725501060
======================
   8      32 sdc 584844 8075 162964098 11450508 5994520 169850652 3053066648 1713618864 134 11734752 1725644664
======================
   8      32 sdc 584844 8075 162964098 11450508 5995149 169850652 3053388696 1713765992 145 11735760 1725791936
======================
   8      32 sdc 584844 8075 162964098 11450508 5995782 169850652 3053712792 1713907976 152 11736764 1725935644
======================
   8      32 sdc 584844 8075 162964098 11450508 5996452 169850652 3054055832 1714052756 154 11737764 1726078580
======================
   8      32 sdc 584844 8075 162964098 11450508 5997123 169850652 3054399384 1714195784 155 11738772 1726222892
======================
   8      32 sdc 584844 8075 162964098 11450508 5997737 169850652 3054713752 1714341912 149 11739776 1726366112
======================
   8      32 sdc 584844 8075 162964098 11450508 5998416 169850652 3055061400 1714482952 142 11740780 1726509580
======================
   8      32 sdc 584845 8075 162964106 11450924 5998916 169850652 3055317400 1714589328 140 11741784 1726615740
======================
   8      32 sdc 584845 8075 162964106 11450924 5999572 169850652 3055653272 1714731756 156 11742788 1726759328
======================
   8      32 sdc 584845 8075 162964106 11450924 6000210 169850652 3055979928 1714877748 158 11743788 1726902748
======================
   8      32 sdc 584845 8075 162964106 11450924 6000856 169850652 3056310680 1715018852 152 11744792 1727045956
======================
   8      32 sdc 584845 8075 162964106 11450924 6001500 169850652 3056640408 1715163004 148 11745796 1727189696
======================
   8      32 sdc 584845 8075 162964106 11450924 6002160 169850652 3056978328 1715306992 128 11746800 1727333136
======================
   8      32 sdc 584845 8075 162964106 11450924 6002807 169850652 3057309592 1715451396 153 11747808 1727476332
======================
   8      32 sdc 584845 8075 162964106 11450924 6003449 169850652 3057638296 1715591992 151 11748808 1727619052
======================
   8      32 sdc 584845 8075 162964106 11450924 6004125 169850652 3057984408 1715736284 147 11749812 1727762740
======================
   8      32 sdc 584845 8075 162964106 11450924 6004786 169850652 3058322840 1715878788 158 11750816 1727906272
======================
   8      32 sdc 584845 8075 162964106 11450924 6005411 169850652 3058642840 1716022316 141 11751820 1728049992
======================
   8      32 sdc 584845 8075 162964106 11450924 6006057 169850652 3058973592 1716166888 135 11752824 1728193404
======================
   8      32 sdc 584845 8075 162964106 11450924 6006309 169850652 3059102616 1716269748 23 11753828 1728299984
======================
   8      32 sdc 584846 8075 162964114 11451972 6007230 169850652 3059574168 1716385576 138 11754832 1728413220
======================
   8      32 sdc 584846 8075 162964114 11451972 6007906 169850652 3059920792 1716529064 134 11755836 1728556640
======================
   8      32 sdc 584846 8075 162964114 11451972 6008540 169850652 3060244888 1716671384 140 11756840 1728700212
======================
   8      32 sdc 584846 8075 162964114 11451972 6009184 169850652 3060574616 1716816000 136 11757844 1728843604
======================
   8      32 sdc 584846 8075 162964114 11451972 6009800 169850652 3060890008 1716960692 128 11758848 1728985824
======================
   8      32 sdc 584846 8075 162964114 11451972 6010501 169850652 3061248920 1717101208 131 11759852 1729129472
======================
   8      32 sdc 584846 8075 162964114 11451972 6011143 169850652 3061577624 1717246716 129 11760856 1729274092
======================
   8      32 sdc 584846 8075 162964114 11451972 6011809 169850652 3061918616 1717390024 135 11761860 1729417748
======================
   8      32 sdc 584846 8075 162964114 11451972 6012462 169850652 3062252952 1717535036 154 11762864 1729562544
======================
   8      32 sdc 584846 8075 162964114 11451972 6013104 169850652 3062581656 1717676932 152 11763868 1729704980
======================
   8      32 sdc 584846 8075 162964114 11451972 6013746 169850652 3062910360 1717821080 150 11764872 1729849476
======================
   8      32 sdc 584847 8075 162964122 11452188 6014367 169850652 3063228312 1717950804 130 11765872 1729978648
======================
   8      32 sdc 584847 8075 162964122 11452188 6015028 169850652 3063566744 1718094444 141 11766876 1730122476
======================
   8      32 sdc 584847 8075 162964122 11452188 6015690 169850652 3063905688 1718237384 151 11767880 1730265812
======================
   8      32 sdc 584847 8075 162964122 11452188 6016332 169850652 3064234392 1718380984 149 11768884 1730409752
======================
   8      32 sdc 584847 8075 162964122 11452188 6016802 169850652 3064475032 1718522224 153 11769888 1730547760
======================
   8      32 sdc 584847 8075 162964122 11452188 6017507 169850652 3064835992 1718662648 152 11770892 1730691136
======================
   8      32 sdc 584847 8075 162964122 11452188 6018131 169850652 3065155480 1718805640 142 11771896 1730834960
======================
   8      32 sdc 584847 8075 162964122 11452188 6018769 169850652 3065482136 1718950456 144 11772900 1730978672
======================
   8      32 sdc 584847 8075 162964122 11452188 6019429 169850652 3065820056 1719093980 156 11773904 1731121732
======================
   8      32 sdc 584847 8075 162964122 11452188 6020105 169850652 3066166168 1719238816 152 11774904 1731266128
======================
   8      32 sdc 584847 8075 162964122 11452188 6020737 169850652 3066489752 1719375872 128 11775908 1731411120
======================
   8      32 sdc 584847 8075 162964122 11452188 6021403 169850652 3066830744 1719525560 134 11776912 1731554680
======================
   8      32 sdc 584848 8075 162964130 11452416 6022015 169850652 3067144088 1719656096 132 11777916 1731684888
======================
   8      32 sdc 584848 8075 162964130 11452416 6022691 169850652 3067490200 1719799092 128 11778920 1731825244
======================
   8      32 sdc 584848 8075 162964130 11452416 6023356 169850652 3067830680 1719940328 135 11779924 1731969120
======================
   8      32 sdc 584848 8075 162964130 11452416 6023998 169850652 3068159384 1720084028 133 11780928 1732112688
======================
   8      32 sdc 584848 8075 162964130 11452416 6024498 169850652 3068415896 1720225016 145 11781932 1732253652
======================
   8      32 sdc 584848 8075 162964130 11452416 6025157 169850652 3068752792 1720368668 158 11782936 1732397416
======================
   8      32 sdc 584848 8075 162964130 11452416 6025799 169850652 3069081496 1720510288 156 11783940 1732538724
======================
   8      32 sdc 584848 8075 162964130 11452416 6026441 169850652 3069410200 1720653588 154 11784944 1732682520
======================
   8      32 sdc 584848 8075 162964130 11452416 6027083 169850652 3069738904 1720797176 152 11785948 1732826204
======================
   8      32 sdc 584848 8075 162964130 11452416 6027741 169850652 3070075800 1720941516 134 11786952 1732969952
======================
   8      32 sdc 584848 8075 162964130 11452416 6028406 169850652 3070416280 1721085200 141 11787956 1733113748
======================
   8      32 sdc 584848 8075 162964130 11452416 6029042 169850652 3070742424 1721224780 135 11788956 1733251336
======================
   8      32 sdc 584849 8075 162964138 11452648 6029674 169850652 3071065496 1721346280 147 11789960 1733374596
======================
   8      32 sdc 584849 8075 162964138 11452648 6030344 169850652 3071408536 1721490204 149 11790964 1733518344
======================
   8      32 sdc 584849 8075 162964138 11452648 6031000 169850652 3071744408 1721632308 133 11791968 1733661640
======================
   8      32 sdc 584849 8075 162964138 11452648 6031624 169850652 3072063896 1721775636 149 11792972 1733805288
======================
   8      32 sdc 584849 8075 162964138 11452648 6032268 169850652 3072393624 1721921904 145 11793972 1733949360
======================
   8      32 sdc 584849 8075 162964138 11452648 6032934 169850652 3072734616 1722063576 151 11794976 1734093020
======================
   8      32 sdc 584849 8075 162964138 11452648 6033611 169850652 3073081240 1722208624 146 11795980 1734236740
======================
   8      32 sdc 584849 8075 162964138 11452648 6034236 169850652 3073401240 1722351136 129 11796984 1734380448
======================
   8      32 sdc 584849 8075 162964138 11452648 6034866 169850652 3073724312 1722495180 139 11797988 1734523932
======================
   8      32 sdc 584849 8075 162964138 11452648 6035537 169850652 3074067352 1722639148 140 11798992 1734667520
======================
   8      32 sdc 584849 8075 162964138 11452648 6036199 169850652 3074406296 1722785892 150 11799992 1734812396
======================
   8      32 sdc 584849 8075 162964138 11452648 6036841 169850652 3074735000 1722927444 148 11800996 1734956156
======================
   8      32 sdc 584850 8075 162964146 11452996 6037474 169850652 3075059096 1723050472 134 11802000 1735078412
======================
   8      32 sdc 584850 8075 162964146 11452996 6038140 169850652 3075400088 1723193324 140 11803004 1735221968
======================
   8      32 sdc 584850 8075 162964146 11452996 6038786 169850652 3075730840 1723336284 134 11804008 1735365496
======================
   8      32 sdc 584850 8075 162964146 11452996 6039428 169850652 3076059544 1723481020 132 11805012 1735509992
======================
   8      32 sdc 584850 8075 162964146 11452996 6039898 169850652 3076300184 1723624324 142 11806016 1735651556
======================
   8      32 sdc 584850 8075 162964146 11452996 6040574 169850652 3076646296 1723766116 138 11807020 1735794988
======================
   8      32 sdc 584850 8075 162964146 11452996 6041238 169850652 3076986264 1723909324 146 11808020 1735938028
======================
   8      32 sdc 584850 8075 162964146 11452996 6041880 169850652 3077314968 1724052288 144 11809024 1736081464
======================
   8      32 sdc 584850 8075 162964146 11452996 6042528 169850652 3077646744 1724196352 136 11810028 1736225096
======================
   8      32 sdc 584850 8075 162964146 11452996 6043145 169850652 3077962648 1724327400 159 11811032 1736369696
======================
   8      32 sdc 584850 8075 162964146 11452996 6043854 169850652 3078325656 1724481896 154 11812036 1736512424
======================
   8      32 sdc 584850 8075 162964146 11452996 6044479 169850652 3078645656 1724625672 137 11813036 1736655724
======================
   8      32 sdc 584851 8075 162964154 11453232 6045113 169850652 3078970264 1724754376 144 11814040 1736783652
======================
   8      32 sdc 584851 8075 162964154 11453232 6045789 169850652 3079316376 1724897788 140 11815044 1736927208
======================
   8      32 sdc 584851 8075 162964154 11453232 6046466 169850652 3079663000 1725041444 135 11816048 1737070704
======================
   8      32 sdc 584851 8075 162964154 11453232 6047018 169850652 3079946136 1725198892 159 11817052 1737213556
======================
   8      32 sdc 584851 8075 162964154 11453232 6047747 169850652 3080318872 1725326692 141 11818052 1737355832
======================
   8      32 sdc 584851 8075 162964154 11453232 6048418 169850652 3080662424 1725469112 142 11819056 1737498236
======================
   8      32 sdc 584851 8075 162964154 11453232 6049077 169850652 3080999832 1725611768 155 11820060 1737641576
======================
   8      32 sdc 584851 8075 162964154 11453232 6049718 169850652 3081328024 1725755056 154 11821064 1737784632
======================
   8      32 sdc 584851 8075 162964154 11453232 6050376 169850652 3081664920 1725898596 136 11822064 1737927740
======================
   8      32 sdc 584851 8075 162964154 11453232 6051042 169850652 3082005912 1726042308 142 11823072 1738071944
======================
   8      32 sdc 584851 8075 162964154 11453232 6051675 169850652 3082330008 1726184392 149 11824076 1738212356
======================
   8      32 sdc 584851 8075 162964154 11453232 6052328 169850652 3082664344 1726325724 53 11825080 1738349440
======================
   8      32 sdc 584852 8075 162964162 11453684 6052804 169850652 3082908056 1726424844 140 11826084 1738455392
======================
   8      32 sdc 584852 8075 162964162 11453684 6053442 169850652 3083234712 1726567376 142 11827088 1738598880
======================
   8      32 sdc 584852 8075 162964162 11453684 6054106 169850652 3083575192 1726711916 150 11828088 1738741940
======================
   8      32 sdc 584852 8075 162964162 11453684 6054764 169850652 3083911576 1726854964 132 11829092 1738885404
======================
   8      32 sdc 584852 8075 162964162 11453684 6055389 169850652 3084231576 1727008436 133 11830096 1739035948
======================
   8      32 sdc 584852 8075 162964162 11453684 6056075 169850652 3084582808 1727149800 151 11831096 1739178588
======================
   8      32 sdc 584852 8075 162964162 11453684 6056720 169850652 3084913048 1727290884 146 11832104 1739322452
======================
   8      32 sdc 584852 8075 162964162 11453684 6057346 169850652 3085233560 1727435116 128 11833104 1739465480
======================
   8      32 sdc 584852 8075 162964162 11453684 6058011 169850652 3085574040 1727580364 135 11834116 1739610208
======================
   8      32 sdc 584852 8075 162964162 11453684 6058687 169850652 3085920152 1727723804 131 11835120 1739753516
======================
   8      32 sdc 584852 8075 162964162 11453684 6059364 169850652 3086266776 1727867396 158 11836124 1739896920
======================
   8      32 sdc 584852 8075 162964162 11453684 6060019 169850652 3086602136 1728009156 41 11837128 1740031832
======================
   8      32 sdc 584853 8075 162964170 11453916 6060619 169850652 3086909336 1728152616 158 11838128 1740167912
======================
   8      32 sdc 584853 8075 162964170 11453916 6061273 169850652 3087244184 1728281692 144 11839132 1740311456
======================
   8      32 sdc 584853 8075 162964170 11453916 6061945 169850652 3087588248 1728427668 144 11840140 1740455872
======================
   8      32 sdc 584853 8075 162964170 11453916 6062520 169850652 3087882648 1728556600 145 11841140 1740597876
======================
   8      32 sdc 584853 8075 162964170 11453916 6063076 169850652 3088167320 1728714692 133 11842144 1740741728
======================
   8      32 sdc 584853 8075 162964170 11453916 6063756 169850652 3088515480 1728855680 157 11843148 1740885920
======================
   8      32 sdc 584853 8075 162964170 11453916 6064394 169850652 3088842136 1728996644 159 11844152 1741029708
======================
   8      32 sdc 584853 8075 162964170 11453916 6065045 169850652 3089175448 1729146032 148 11845152 1741176624
======================
   8      32 sdc 584853 8075 162964170 11453916 6065687 169850652 3089504152 1729289488 146 11846156 1741320200
======================
   8      32 sdc 584853 8075 162964170 11453916 6066333 169850652 3089834904 1729433332 140 11847160 1741463516
======================
   8      32 sdc 584853 8075 162964170 11453916 6066992 169850652 3090172312 1729576856 153 11848164 1741607120
======================
   8      32 sdc 584853 8075 162964170 11453916 6067646 169850652 3090507160 1729719644 94 11849164 1741747632
======================
   8      32 sdc 584854 8075 162964178 11454148 6068262 169850652 3090822552 1729845760 136 11850168 1741876508
======================
   8      32 sdc 584854 8075 162964178 11454148 6068923 169850652 3091160984 1729989924 147 11851172 1742020056
======================
   8      32 sdc 584854 8075 162964178 11454148 6069598 169850652 3091506584 1730133044 144 11852176 1742163640
======================
   8      32 sdc 584854 8075 162964178 11454148 6070207 169850652 3091818392 1730270072 143 11853180 1742307032
======================
   8      32 sdc 584854 8075 162964178 11454148 6070243 169850652 3091836824 1730286976 139 11854180 1742447032
======================
   8      32 sdc 584854 8075 162964178 11454148 6071411 169850652 3092434840 1730559680 158 11855184 1742589356
======================
   8      32 sdc 584854 8075 162964178 11454148 6072087 169850652 3092780952 1730703036 154 11856188 1742732328
======================
   8      32 sdc 584854 8075 162964178 11454148 6072744 169850652 3093117336 1730844192 137 11857192 1742875868
======================
   8      32 sdc 584854 8075 162964178 11454148 6073362 169850652 3093433752 1730986052 159 11858196 1743018860
======================
   8      32 sdc 584854 8075 162964178 11454148 6074012 169850652 3093766552 1731132716 149 11859196 1743162636
======================
   8      32 sdc 584854 8075 162964178 11454148 6074688 169850652 3094112664 1731275860 145 11860200 1743306084
======================
   8      32 sdc 584854 8075 162964178 11454148 6075341 169850652 3094447000 1731418760 79 11861204 1743446320
======================
   8      32 sdc 584854 8075 162964178 11454148 6075399 169850652 3094476696 1731431620 21 11862208 1743470040
======================
   8      32 sdc 584855 8075 162964186 11455792 6076600 169850652 3095091608 1731513396 143 11863208 1743545548
======================
   8      32 sdc 584855 8075 162964186 11455792 6077263 169850652 3095431064 1731652240 152 11864212 1743680652
======================
   8      32 sdc 584855 8075 162964186 11455792 6077887 169850652 3095750552 1731787736 136 11865216 1743824176
======================
   8      32 sdc 584855 8075 162964186 11455792 6078401 169850652 3096013720 1731933476 134 11866216 1743965716
======================
   8      32 sdc 584855 8075 162964186 11455792 6079043 169850652 3096342424 1732076744 132 11867220 1744108936
======================
   8      32 sdc 584855 8075 162964186 11455792 6079708 169850652 3096682904 1732220488 139 11868224 1744252560
======================
   8      32 sdc 584855 8075 162964186 11455792 6080366 169850652 3097019800 1732363148 153 11869228 1744396028
======================
   8      32 sdc 584855 8075 162964186 11455792 6080997 169850652 3097342872 1732504896 130 11870228 1744538700
======================
   8      32 sdc 584855 8075 162964186 11455792 6081650 169850652 3097677208 1732649800 149 11871232 1744682368
======================
   8      32 sdc 584855 8075 162964186 11455792 6082310 169850652 3098015128 1732796972 141 11872236 1744826624
======================
   8      32 sdc 584855 8075 162964186 11455792 6082961 169850652 3098348440 1732937132 107 11873236 1744968792
======================
   8      32 sdc 584856 8075 162964194 11455992 6083569 169850652 3098659736 1733066304 150 11874240 1745099520
======================
   8      32 sdc 584856 8075 162964194 11455992 6084239 169850652 3099002776 1733215152 137 11875244 1745247004
======================
   8      32 sdc 584856 8075 162964194 11455992 6084914 169850652 3099348376 1733358196 134 11876248 1745390024
======================
   8      32 sdc 584856 8075 162964194 11455992 6085572 169850652 3099685272 1733500644 148 11877248 1745534964
======================
   8      32 sdc 584856 8075 162964194 11455992 6086193 169850652 3100003224 1733643592 135 11878252 1745677148
======================
   8      32 sdc 584856 8075 162964194 11455992 6086849 169850652 3100339096 1733788804 151 11879256 1745820788
======================
   8      32 sdc 584856 8075 162964194 11455992 6087522 169850652 3100683672 1733932136 150 11880260 1745964180
======================
   8      32 sdc 584856 8075 162964194 11455992 6088165 169850652 3101012888 1734074644 147 11881264 1746107580
======================
   8      32 sdc 584856 8075 162964194 11455992 6088809 169850652 3101342616 1734218284 143 11882264 1746250560
======================
   8      32 sdc 584856 8075 162964194 11455992 6089465 169850652 3101678488 1734360320 146 11883268 1746386584
======================
   8      32 sdc 584856 8075 162964194 11455992 6090122 169850652 3102014872 1734497052 142 11884272 1746530104
======================
   8      32 sdc 584856 8075 162964194 11455992 6090687 169850652 3102304152 1734623544 29 11885272 1746649588
======================
   8      32 sdc 584857 8075 162964202 11456452 6091231 169850652 3102582680 1734738024 153 11886276 1746771208
======================
   8      32 sdc 584857 8075 162964202 11456452 6091873 169850652 3102911384 1734881300 151 11887280 1746914672
======================
   8      32 sdc 584857 8075 162964202 11456452 6092533 169850652 3103249304 1735032000 156 11888280 1747062792
======================
   8      32 sdc 584857 8075 162964202 11456452 6093185 169850652 3103583128 1735171404 144 11889284 1747206656
======================
   8      32 sdc 584857 8075 162964202 11456452 6093828 169850652 3103912344 1735317032 141 11890288 1747350180
======================
   8      32 sdc 584857 8075 162964202 11456452 6094504 169850652 3104258456 1735461136 137 11891292 1747493288
======================
   8      32 sdc 584857 8075 162964202 11456452 6095163 169850652 3104595864 1735602760 150 11892296 1747636760
======================
   8      32 sdc 584857 8075 162964202 11456452 6095787 169850652 3104915352 1735746148 134 11893300 1747780076
======================
   8      32 sdc 584857 8075 162964202 11456452 6096436 169850652 3105247640 1735892524 135 11894300 1747924024
======================
   8      32 sdc 584857 8075 162964202 11456452 6097127 169850652 3105601432 1736036580 138 11895328 1748069228
======================
   8      32 sdc 584857 8075 162964202 11456452 6097796 169850652 3105943960 1736178700 141 11896332 1748212696
======================
   8      32 sdc 584858 8075 162964210 11456660 6098445 169850652 3106276248 1736309960 131 11897332 1748339148
======================
   8      32 sdc 584858 8075 162964210 11456660 6099068 169850652 3106595224 1736448800 148 11898336 1748482720
======================
   8      32 sdc 584858 8075 162964210 11456660 6099706 169850652 3106921880 1736593684 150 11899340 1748626268
======================
   8      32 sdc 584858 8075 162964210 11456660 6100376 169850652 3107264920 1736737188 152 11900344 1748770032
======================
   8      32 sdc 584858 8075 162964210 11456660 6101017 169850652 3107593112 1736880044 151 11901344 1748913304
======================
   8      32 sdc 584858 8075 162964210 11456660 6101644 169850652 3107914136 1737017028 141 11902348 1749051944
======================
   8      32 sdc 584858 8075 162964210 11456660 6102335 169850652 3108267928 1737163596 157 11903352 1749196388
======================
   8      32 sdc 584858 8075 162964210 11456660 6102982 169850652 3108599192 1737306476 150 11904356 1749340136
======================
   8      32 sdc 584858 8075 162964210 11456660 6103623 169850652 3108927384 1737449748 149 11905360 1749483704
======================
   8      32 sdc 584858 8075 162964210 11456660 6104265 169850652 3109256088 1737593808 147 11906368 1749628368
======================
   8      32 sdc 584858 8075 162964210 11456660 6104910 169850652 3109586328 1737737960 142 11907372 1749772212
======================
   8      32 sdc 584858 8075 162964210 11456660 6105575 169850652 3109926808 1737883804 149 11908376 1749917772
======================
   8      32 sdc 584858 8075 162964210 11456660 6106034 169850652 3110161816 1737983012 42 11909376 1750022332
======================
   8      32 sdc 584858 8075 162964210 11456660 6106034 169850652 3110161816 1737983012 42 11910380 1750064500
======================
   8      32 sdc 584859 8075 162964218 11458376 6107454 169850652 3110888856 1738150824 144 11911384 1750183744
======================
   8      32 sdc 584859 8075 162964218 11458376 6108164 169850652 3111252376 1738291452 138 11912388 1750327232
======================
   8      32 sdc 584859 8075 162964218 11458376 6108787 169850652 3111571352 1738433072 155 11913388 1750469720
======================
   8      32 sdc 584859 8075 162964218 11458376 6109445 169850652 3111908248 1738576900 137 11914392 1750612452
======================
   8      32 sdc 584859 8075 162964218 11458376 6110120 169850652 3112253848 1738720204 134 11915392 1750755276
======================
   8      32 sdc 584859 8075 162964218 11458376 6110795 169850652 3112599448 1738863120 131 11916396 1750898536
======================
   8      32 sdc 584859 8075 162964218 11458376 6111450 169850652 3112934808 1739005224 148 11917400 1751042152
======================
   8      32 sdc 584859 8075 162964218 11458376 6112074 169850652 3113254296 1739148928 132 11918404 1751185764
======================
   8      32 sdc 584859 8075 162964218 11458376 6112715 169850652 3113582488 1739298148 131 11919404 1751331044
======================
   8      32 sdc 584859 8075 162964218 11458376 6113397 169850652 3113931672 1739438816 153 11920408 1751474852
======================
   8      32 sdc 584860 8075 162964226 11458800 6113884 169850652 3114181016 1739545792 132 11921412 1751582464
======================
   8      32 sdc 584860 8075 162964226 11458800 6114525 169850652 3114509208 1739689188 131 11922416 1751726164
======================
   8      32 sdc 584860 8075 162964226 11458800 6115179 169850652 3114844056 1739833124 149 11923416 1751869288
======================
   8      32 sdc 584860 8075 162964226 11458800 6115770 169850652 3115146648 1739978560 134 11924420 1752013312
======================
   8      32 sdc 584860 8075 162964226 11458800 6116440 169850652 3115489688 1740115752 136 11925420 1752155848
======================
   8      32 sdc 584860 8075 162964226 11458800 6117098 169850652 3115826584 1740263112 150 11926424 1752297868
======================
   8      32 sdc 584860 8075 162964226 11458800 6117754 169850652 3116162968 1740404772 134 11927428 1752441720
======================
   8      32 sdc 584860 8075 162964226 11458800 6118419 169850652 3116502936 1740547880 141 11928428 1752584448
======================
   8      32 sdc 584860 8075 162964226 11458800 6119062 169850652 3116832152 1740690540 138 11929432 1752727928
======================
   8      32 sdc 584860 8075 162964226 11458800 6119707 169850652 3117162392 1740834688 133 11930436 1752871492
======================
   8      32 sdc 584860 8075 162964226 11458800 6120374 169850652 3117503896 1740977180 138 11931436 1753015428
======================
   8      32 sdc 584860 8075 162964226 11458800 6121033 169850652 3117841304 1741119208 151 11932440 1753158136
======================
   8      32 sdc 584860 8075 162964226 11458800 6121398 169850652 3118028184 1741205480 38 11933460 1753250280
======================
   8      32 sdc 584860 8075 162964226 11458800 6121398 169850652 3118028184 1741205480 38 11934464 1753288432
======================
   8      32 sdc 584861 8075 162964234 11460596 6122776 169850652 3118733720 1741365932 129 11935472 1753411180
======================
   8      32 sdc 584861 8075 162964234 11460596 6123486 169850652 3119097240 1741510588 136 11936480 1753547932
======================
   8      32 sdc 584861 8075 162964234 11460596 6124139 169850652 3119431576 1741652532 155 11937488 1753692004
======================
   8      32 sdc 584861 8075 162964234 11460596 6124763 169850652 3119751064 1741796080 139 11938492 1753835840
======================
   8      32 sdc 584861 8075 162964234 11460596 6125432 169850652 3120093592 1741940928 142 11939496 1753979504
======================
   8      32 sdc 584861 8075 162964234 11460596 6126103 169850652 3120437144 1742083836 143 11940500 1754123272
======================
   8      32 sdc 584861 8075 162964234 11460596 6126702 169850652 3120743832 1742230804 152 11941500 1754266144
======================
   8      32 sdc 584861 8075 162964234 11460596 6127394 169850652 3121098136 1742372308 132 11942504 1754409592
======================
   8      32 sdc 584861 8075 162964234 11460596 6128052 169850652 3121435032 1742513760 146 11943508 1754552864
======================
   8      32 sdc 584861 8075 162964234 11460596 6128698 169850652 3121765784 1742654932 140 11944508 1754693920
======================
   8      32 sdc 584862 8075 162964242 11461000 6129169 169850652 3122006936 1742767856 128 11945512 1754801960
======================
   8      32 sdc 584862 8075 162964242 11461000 6129810 169850652 3122335128 1742906024 145 11946516 1754945444
======================
   8      32 sdc 584862 8075 162964242 11461000 6130444 169850652 3122659736 1743052212 133 11947520 1755088540
======================
   8      32 sdc 584862 8075 162964242 11461000 6131110 169850652 3123000728 1743192640 139 11948520 1755231376
======================
   8      32 sdc 584862 8075 162964242 11461000 6131755 169850652 3123330968 1743335624 134 11949524 1755374760
======================
   8      32 sdc 584862 8075 162964242 11461000 6132396 169850652 3123659160 1743478492 133 11950528 1755517668
======================
   8      32 sdc 584862 8075 162964242 11461000 6133064 169850652 3124001176 1743622588 137 11951532 1755661292
======================
   8      32 sdc 584862 8075 162964242 11461000 6133729 169850652 3124341656 1743768100 144 11952536 1755808196
======================
   8      32 sdc 584862 8075 162964242 11461000 6134353 169850652 3124661144 1743911620 128 11953536 1755951180
======================
   8      32 sdc 584862 8075 162964242 11461000 6134994 169850652 3124989848 1744056016 159 11954540 1756094436
======================
   8      32 sdc 584862 8075 162964242 11461000 6135671 169850652 3125335960 1744199584 154 11955544 1756237984
======================
   8      32 sdc 584862 8075 162964242 11461000 6136333 169850652 3125674904 1744346252 132 11956548 1756383468
======================
   8      32 sdc 584863 8075 162964250 11461200 6136994 169850652 3126013336 1744470692 153 11957548 1756509024
======================
   8      32 sdc 584863 8075 162964250 11461200 6137619 169850652 3126333336 1744612668 136 11958552 1756652804
======================
   8      32 sdc 584863 8075 162964250 11461200 6138249 169850652 3126655896 1744757268 146 11959556 1756796660
======================
   8      32 sdc 584863 8075 162964250 11461200 6138925 169850652 3127002008 1744901420 142 11960560 1756940324
======================
   8      32 sdc 584863 8075 162964250 11461200 6139564 169850652 3127329176 1745043656 238 11961564 1757126904
======================
   8      32 sdc 584863 8075 162964250 11461200 6140222 169850652 3127666072 1745228288 188 11962568 1757349408
======================
   8      32 sdc 584863 8075 162964250 11461200 6140886 169850652 3128006040 1745386256 196 11963568 1757544440
======================
   8      32 sdc 584863 8075 162964250 11461200 6141537 169850652 3128339352 1745557112 185 11964572 1757734276
======================
   8      32 sdc 584863 8075 162964250 11461200 6142168 169850652 3128662424 1745725156 162 11965576 1757914904
======================
   8      32 sdc 584863 8075 162964250 11461200 6142809 169850652 3128990616 1745916420 161 11966580 1758086752
======================
   8      32 sdc 584863 8075 162964250 11461200 6143452 169850652 3129319832 1746107204 158 11967580 1758249292
======================
   8      32 sdc 584863 8075 162964250 11461200 6144116 169850652 3129659800 1746305704 166 11968584 1758404032
======================
   8      32 sdc 584864 8075 162964258 11461404 6144754 169851104 3129985536 1746495736 157 11969588 1758533740
======================
   8      32 sdc 584864 8075 162964258 11461404 6145395 169851104 3130313728 1746637284 156 11970588 1758676804
======================
   8      32 sdc 584864 8075 162964258 11461404 6146052 169851104 3130650112 1746782048 139 11971592 1758820828
======================
   8      32 sdc 584864 8075 162964258 11461404 6146722 169851104 3130993152 1746925216 141 11972596 1758964492
======================
   8      32 sdc 584864 8075 162964258 11461404 6147340 169851104 3131309568 1747067620 131 11973596 1759107516
======================
   8      32 sdc 584864 8075 162964258 11461404 6147998 169851104 3131646464 1747212132 145 11974600 1759251280
======================
   8      32 sdc 584864 8075 162964258 11461404 6148673 169851104 3131992064 1747355440 142 11975604 1759394520
======================
   8      32 sdc 584864 8075 162964258 11461404 6149348 169851104 3132337664 1747498492 139 11976604 1759537508
======================
   8      32 sdc 584864 8075 162964258 11461404 6150006 169851104 3132674560 1747640576 153 11977608 1759681124
======================
   8      32 sdc 584864 8075 162964258 11461404 6150631 169851104 3132994560 1747784272 136 11978612 1759824680
======================
   8      32 sdc 584864 8075 162964258 11461404 6151280 169851104 3133326848 1747929288 148 11979616 1759968152
======================
   8      32 sdc 584864 8075 162964258 11461404 6151953 169851104 3133671424 1748072892 158 11980620 1760111348
======================
   8      32 sdc 584865 8075 162964266 11462036 6152442 169851123 3133920936 1748144212 136 11981624 1760180976
======================
   8      32 sdc 584865 8075 162964266 11462036 6153092 169851123 3134253736 1748284344 158 11982628 1760324292
======================
   8      32 sdc 584865 8075 162964266 11462036 6153749 169851123 3134590632 1748427816 141 11983632 1760467884
======================
   8      32 sdc 584865 8075 162964266 11462036 6154413 169851123 3134930088 1748571200 149 11984632 1760610828
======================
   8      32 sdc 584865 8075 162964266 11462036 6155040 169851123 3135251112 1748714096 130 11985636 1760754148
======================
   8      32 sdc 584865 8075 162964266 11462036 6155682 169851123 3135579816 1748857220 128 11986640 1760897232
======================
   8      32 sdc 584865 8075 162964266 11462036 6156326 169851123 3135909544 1749000888 156 11987644 1761040692
======================
   8      32 sdc 584865 8075 162964266 11462036 6156990 169851123 3136249512 1749144056 132 11988644 1761183612
======================
   8      32 sdc 584865 8075 162964266 11462036 6157625 169851123 3136574632 1749286908 137 11989648 1761327068
======================
   8      32 sdc 584865 8075 162964266 11462036 6158267 169851123 3136903336 1749430360 135 11990652 1761470540
======================
   8      32 sdc 584865 8075 162964266 11462036 6158905 169851123 3137229992 1749576688 137 11991656 1761612736
======================
   8      32 sdc 584865 8075 162964266 11462036 6159616 169851123 3137594024 1749718312 130 11992680 1761758844
======================
   8      32 sdc 584866 8075 162964274 11462316 6160234 169851586 3137909592 1749836488 69 11993720 1761875192
======================
   8      32 sdc 584866 8075 162964274 11462316 6160313 169851605 3137929024 1749854764 0 11993892 1761879392
======================
   8      32 sdc 584866 8075 162964274 11462316 6160313 169851605 3137929024 1749854764 0 11993892 1761879392
======================
   8      32 sdc 584866 8075 162964274 11462316 6160313 169851605 3137929024 1749854764 0 11993892 1761879392
======================
   8      32 sdc 584866 8075 162964274 11462316 6160313 169851605 3137929024 1749854764 0 11993892 1761879392
======================
   8      32 sdc 584866 8075 162964274 11462316 6160313 169851605 3137929024 1749854764 0 11993892 1761879392
======================
   8      32 sdc 584866 8075 162964274 11462316 6160313 169851605 3137929024 1749854764 0 11993892 1761879392
started
======================
   8      32 sdc 585302 8075 163015076 11464708 6160330 169851605 3137929088 1749854764 2 11994076 1761881784
======================
   8      32 sdc 586791 8077 163404204 11467236 6160330 169851605 3137929088 1749854764 3 11995308 1761884352
======================
   8      32 sdc 587526 8081 163640748 11469948 6160330 169851605 3137929088 1749854764 4 11996324 1761887152
======================
   8      32 sdc 588203 8086 163857324 11472904 6160330 169851605 3137929088 1749854764 3 11997328 1761890140
======================
   8      32 sdc 588935 8091 164087980 11476172 6160330 169851605 3137929088 1749854764 2 11998348 1761893324
======================
   8      32 sdc 589723 8096 164333740 11479360 6160333 169851607 3137929128 1749854764 3 11999364 1761896464
======================
   8      32 sdc 590512 8101 164575660 11482528 6160333 169851607 3137929128 1749854764 2 12000380 1761899620
======================
   8      32 sdc 591233 8105 164806316 11485460 6160333 169851607 3137929128 1749854764 4 12001388 1761902648
======================
   8      32 sdc 591972 8110 165040556 11488664 6160333 169851607 3137929128 1749854764 4 12002388 1761905732
======================
   8      32 sdc 592632 8115 165245868 11491716 6160333 169851607 3137929128 1749854764 2 12003392 1761908824
======================
   8      32 sdc 593390 8119 165485740 11494376 6160333 169851607 3137929128 1749854764 4 12004392 1761911624
======================
   8      32 sdc 594093 8124 165713580 11497512 6160333 169851607 3137929128 1749854764 4 12005396 1761914640
======================
   8      32 sdc 594812 8129 165941676 11500588 6160333 169851607 3137929128 1749854764 2 12006400 1761917744
======================
   8      32 sdc 595624 8134 166196396 11503608 6160333 169851607 3137929128 1749854764 2 12007400 1761920784
======================
   8      32 sdc 596341 8138 166429612 11506720 6160333 169851607 3137929128 1749854764 3 12008404 1761923840
======================
   8      32 sdc 597111 8143 166674092 11509808 6160333 169851607 3137929128 1749854764 3 12009408 1761926960
======================
   8      32 sdc 597886 8148 166912940 11513016 6160333 169851607 3137929128 1749854764 2 12010412 1761930104
======================
   8      32 sdc 598591 8152 167137196 11515900 6160333 169851607 3137929128 1749854764 4 12011420 1761933032
======================
   8      32 sdc 599303 8157 167360684 11518984 6160333 169851607 3137929128 1749854764 3 12012432 1761936136
======================
   8      32 sdc 600081 8162 167604396 11522116 6160333 169851607 3137929128 1749854764 2 12013436 1761939204
======================
   8      32 sdc 600774 8166 167824556 11524892 6160333 169851607 3137929128 1749854764 4 12014440 1761942032
======================
   8      32 sdc 601489 8171 168047020 11528060 6160333 169851607 3137929128 1749854764 3 12015444 1761945192
======================
   8      32 sdc 602253 8176 168284588 11531032 6160333 169851607 3137929128 1749854764 3 12016448 1761948312
======================
   8      32 sdc 602934 8180 168502188 11534208 6160333 169851607 3137929128 1749854764 4 12017452 1761951360
======================
   8      32 sdc 603641 8185 168723884 11537356 6160333 169851607 3137929128 1749854764 2 12018456 1761954504
======================
   8      32 sdc 604416 8189 168962476 11540384 6160333 169851607 3137929128 1749854764 3 12019456 1761957628
======================
   8      32 sdc 605135 8194 169192108 11543544 6160333 169851607 3137929128 1749854764 4 12020460 1761960640
======================
   8      32 sdc 605883 8199 169423276 11546664 6160333 169851607 3137929128 1749854764 2 12021460 1761963784
======================
   8      32 sdc 606621 8203 169656492 11549684 6160333 169851607 3137929128 1749854764 4 12022464 1761966884
======================
   8      32 sdc 607305 8208 169877676 11552756 6160333 169851607 3137929128 1749854764 1 12023468 1761969912
======================
   8      32 sdc 608080 8213 170115756 11555980 6160333 169851607 3137929128 1749854764 3 12024472 1761973056
======================
   8      32 sdc 608815 8217 170344364 11558804 6160335 169851607 3137929144 1749854772 4 12025472 1761976004
======================
   8      32 sdc 609554 8222 170582444 11561748 6160335 169851607 3137929144 1749854772 4 12026476 1761978828
======================
   8      32 sdc 610356 8227 170827692 11564852 6160335 169851607 3137929144 1749854772 3 12027480 1761981956
======================
   8      32 sdc 611061 8231 171053484 11567852 6160335 169851607 3137929144 1749854772 3 12028480 1761985036
======================
   8      32 sdc 611748 8236 171275692 11570780 6160335 169851607 3137929144 1749854772 2 12029484 1761987964
======================
   8      32 sdc 612487 8240 171501740 11573684 6160335 169851607 3137929144 1749854772 3 12030484 1761990852
======================
   8      32 sdc 613151 8245 171717292 11576532 6160335 169851607 3137929144 1749854772 4 12031488 1761993636
======================
   8      32 sdc 613879 8250 171941548 11579640 6160335 169851607 3137929144 1749854772 3 12032488 1761996736
======================
   8      32 sdc 614621 8254 172175532 11582624 6160335 169851607 3137929144 1749854772 2 12033492 1761999756
======================
   8      32 sdc 615328 8259 172400044 11585428 6160335 169851607 3137929144 1749854772 3 12034496 1762002624
======================
   8      32 sdc 616107 8264 172637612 11588668 6160335 169851607 3137929144 1749854772 3 12035500 1762005772
======================
   8      32 sdc 616863 8268 172874924 11591508 6160335 169851607 3137929144 1749854772 3 12036500 1762008716
======================
   8      32 sdc 617597 8273 173108908 11594476 6160335 169851607 3137929144 1749854772 3 12037504 1762011624
======================
   8      32 sdc 618373 8278 173348524 11597572 6160335 169851607 3137929144 1749854772 3 12038508 1762014644
======================
   8      32 sdc 619105 8282 173578924 11600344 6160335 169851607 3137929144 1749854772 4 12039512 1762017488
======================
   8      32 sdc 619837 8287 173807276 11603384 6160335 169851607 3137929144 1749854772 2 12040512 1762020528
======================
   8      32 sdc 620571 8292 174035372 11606596 6160335 169851607 3137929144 1749854772 1 12041520 1762023676
======================
   8      32 sdc 621249 8296 174253996 11609404 6160335 169851607 3137929144 1749854772 4 12042528 1762026560
======================
   8      32 sdc 621948 8301 174474156 11612472 6160335 169851607 3137929144 1749854772 3 12043532 1762029612
======================
   8      32 sdc 622705 8305 174706092 11615556 6160335 169851607 3137929144 1749854772 4 12044540 1762032788
======================
   8      32 sdc 623409 8310 174927788 11618776 6160335 169851607 3137929144 1749854772 3 12045544 1762035872
======================
   8      32 sdc 624192 8315 175164588 11621884 6160335 169851607 3137929144 1749854772 3 12046548 1762038980
======================
   8      32 sdc 624889 8319 175384236 11624656 6160335 169851607 3137929144 1749854772 4 12047552 1762041872
======================
   8      32 sdc 625612 8324 175613356 11627648 6160335 169851607 3137929144 1749854772 3 12048552 1762044808
======================
   8      32 sdc 626255 8327 175837868 11630244 6160335 169851607 3137929144 1749854772 2 12049556 1762047316
======================
   8      32 sdc 626588 8327 176008364 11631692 6160335 169851607 3137929144 1749854772 2 12050552 1762048764
======================
   8      32 sdc 626927 8327 176181932 11633088 6160335 169851607 3137929144 1749854772 2 12051540 1762050152
======================
   8      32 sdc 627253 8327 176348844 11634452 6160335 169851607 3137929144 1749854772 1 12052532 1762051524
======================
   8      32 sdc 627590 8327 176521388 11635912 6160335 169851607 3137929144 1749854772 2 12053524 1762052972
======================
   8      32 sdc 627909 8327 176684716 11637312 6160335 169851607 3137929144 1749854772 1 12054512 1762054376
======================
   8      32 sdc 628262 8327 176865452 11638744 6160335 169851607 3137929144 1749854772 1 12055516 1762055816
======================
   8      32 sdc 628428 8327 176950444 11639460 6160335 169851607 3137929144 1749854772 0 12056000 1762056520
