======================
   8      32 sdc 690919 9 168056810 2738888 4547636 7802706 2322923512 1005186172 0 7962820 1008578436
======================
   8      32 sdc 690919 9 168056810 2738888 4547636 7802706 2322923512 1005186172 0 7962820 1008578436
======================
   8      32 sdc 691408 9 168060722 2738904 4547636 7802706 2322923512 1005186172 0 7962836 1008578452
======================
   8      32 sdc 691408 9 168060722 2738904 4547636 7802706 2322923512 1005186172 0 7962836 1008578452
======================
   8      32 sdc 691477 9 168061274 2739332 4549236 7802706 2323742712 1005195428 0 7963416 1008588128
======================
   8      32 sdc 691480 9 168061298 2739476 4550753 7802706 2324519416 1005289124 147 7964272 1008694316
======================
   8      32 sdc 691481 9 168061306 2739480 4551410 7802706 2324855800 1005429504 130 7965276 1008838000
======================
   8      32 sdc 691482 9 168061314 2739492 4552063 7803211 2325189640 1005573536 158 7966280 1008982152
======================
   8      32 sdc 691484 9 168061330 2739524 4552660 7803211 2325495304 1005706068 137 7967284 1009125504
======================
   8      32 sdc 691484 9 168061330 2739524 4553129 7803211 2325735432 1005811864 149 7968288 1009270816
======================
   8      32 sdc 691486 9 168061346 2740044 4553973 7803211 2326167560 1006000872 136 7969292 1009412840
======================
   8      32 sdc 691487 9 168061354 2740076 4554508 7803211 2326441480 1006131588 145 7970292 1009558248
======================
   8      32 sdc 691487 9 168061354 2740076 4554677 7803211 2326528008 1006219160 137 7971296 1009698980
======================
   8      32 sdc 691489 9 168061370 2741608 4554940 7803211 2326662664 1006439452 129 7972300 1009836824
======================
   8      32 sdc 691490 9 168061378 2742564 4555196 7803211 2326793736 1006471704 129 7973304 1009992652
======================
   8      32 sdc 691490 9 168061378 2742564 4555682 7803211 2327042568 1006638460 156 7974308 1010145740
======================
   8      32 sdc 691492 9 168061394 2743592 4556604 7803211 2327514632 1006840596 129 7975312 1010288568
======================
   8      32 sdc 691493 9 168061402 2743620 4557219 7803211 2327829512 1007023248 155 7976312 1010428144
======================
   8      32 sdc 691496 9 168061426 2743704 4558477 7803211 2328473608 1007166740 146 7977316 1010571676
======================
   8      32 sdc 691498 9 168061442 2743768 4559566 7803211 2329031176 1007303872 143 7978320 1010715068
======================
   8      32 sdc 691499 9 168061450 2743832 4560211 7803211 2329361416 1007445056 148 7979324 1010858316
======================
   8      32 sdc 691500 9 168061458 2743880 4560854 7803211 2329690632 1007588104 104 7980328 1011000144
======================
   8      32 sdc 691502 9 168061474 2744056 4561465 7803211 2330003464 1007723236 155 7981332 1011140308
======================
   8      32 sdc 691503 9 168061482 2744104 4562105 7803211 2330331144 1007864540 151 7982336 1011282368
======================
   8      32 sdc 691503 9 168061482 2744104 4562433 7803211 2330499080 1007937732 61 7983336 1011377552
======================
   8      32 sdc 691505 9 168061498 2745704 4562741 7803211 2330656776 1008041820 148 7984340 1011442340
======================
   8      32 sdc 691508 9 168061522 2745784 4563855 7803211 2331227144 1008138600 143 7985344 1011585716
======================
   8      32 sdc 691508 9 168061522 2745784 4563855 7803211 2331227144 1008138600 143 7986348 1011729288
======================
   8      32 sdc 691525 9 168061658 2747368 4565092 7803211 2331860488 1008437072 154 7987352 1011873520
======================
   8      32 sdc 691525 9 168061658 2747368 4565092 7803211 2331860488 1008437072 154 7988356 1012028136
======================
   8      32 sdc 691526 9 168061666 2748812 4565605 7803211 2332123144 1008683652 153 7989360 1012180980
======================
   8      32 sdc 691528 9 168061682 2749464 4566624 7803211 2332644872 1008807848 158 7990360 1012334684
======================
   8      32 sdc 691531 9 168061706 2750892 4567745 7803211 2333218824 1009070080 156 7991364 1012488056
======================
   8      32 sdc 691532 9 168061714 2751116 4568258 7803211 2333481480 1009199324 155 7992368 1012633332
======================
   8      32 sdc 691534 9 168061730 2751168 4568830 7803211 2333774344 1009350508 159 7993372 1012777896
======================
   8      32 sdc 691535 9 168061738 2751220 4569469 7803211 2334101512 1009501516 128 7994372 1012921432
======================
   8      32 sdc 691536 9 168061746 2751280 4570121 7803211 2334435336 1009644484 148 7995376 1013064892
======================
   8      32 sdc 691537 9 168061754 2751324 4570759 7803211 2334761992 1009787604 119 7996380 1013208268
======================
   8      32 sdc 691538 9 168061762 2751404 4571297 7803211 2335037448 1009907816 93 7997384 1013341636
======================
   8      32 sdc 691538 9 168061762 2751404 4571297 7803211 2335037448 1009907816 93 7998388 1013435008
======================
   8      32 sdc 691539 9 168061770 2752888 4571763 7803211 2335276040 1010059896 139 7999388 1013562852
======================
   8      32 sdc 691542 9 168061794 2754368 4573068 7803211 2335944712 1010303864 145 8000392 1013713168
======================
   8      32 sdc 691544 9 168061810 2754420 4573889 7803211 2336364552 1010432568 156 8001396 1013856796
======================
   8      32 sdc 691545 9 168061818 2754460 4574514 7803211 2336684552 1010576112 139 8002400 1014000116
======================
   8      32 sdc 691546 9 168061826 2754508 4575115 7803211 2336992264 1010708836 147 8003404 1014144036
======================
   8      32 sdc 691547 9 168061834 2754540 4575815 7803211 2337350664 1010863980 150 8004408 1014288120
======================
   8      32 sdc 691548 9 168061842 2754800 4576316 7803211 2337607176 1011003928 132 8005412 1014428220
======================
   8      32 sdc 691550 9 168061858 2754848 4576877 7803211 2337894408 1011133520 145 8006412 1014572056
======================
   8      32 sdc 691550 9 168061858 2754848 4576877 7803211 2337894408 1011133520 145 8007416 1014717636
======================
   8      32 sdc 691553 9 168061882 2756336 4578205 7803211 2338574344 1011435180 128 8008420 1014861484
======================
   8      32 sdc 691554 9 168061890 2756364 4578810 7803211 2338884104 1011575024 131 8009420 1015001088
======================
   8      32 sdc 691556 9 168061906 2756452 4579450 7803211 2339211784 1011719444 131 8010424 1015145304
======================
   8      32 sdc 691557 9 168061914 2756512 4580107 7803211 2339548168 1011864152 152 8011428 1015288912
======================
   8      32 sdc 691558 9 168061922 2756572 4580765 7803211 2339885064 1012006764 138 8012432 1015431868
======================
   8      32 sdc 691559 9 168061930 2756604 4581378 7803211 2340198920 1012148964 155 8013440 1015575728
======================
   8      32 sdc 691559 9 168061930 2756604 4581528 7803211 2340275720 1012184156 102 8014444 1015687164
======================
   8      32 sdc 691561 9 168061946 2758172 4582501 7803211 2340773896 1012369788 153 8015448 1015803428
======================
   8      32 sdc 691563 9 168061962 2758992 4583265 7803211 2341165064 1012525180 156 8016452 1015953540
======================
   8      32 sdc 691564 9 168061970 2759024 4583907 7803211 2341493768 1012668884 154 8017456 1016097292
======================
   8      32 sdc 691566 9 168061986 2759120 4584531 7803211 2341813256 1012812188 140 8018460 1016240652
======================
   8      32 sdc 691566 9 168061986 2759120 4584567 7803211 2341831688 1012820052 135 8019464 1016376620
======================
   8      32 sdc 691569 9 168062010 2760620 4585799 7803211 2342462472 1013085844 150 8020464 1016516488
======================
   8      32 sdc 691570 9 168062018 2760656 4586424 7803211 2342782472 1013229828 133 8021468 1016660476
======================
   8      32 sdc 691571 9 168062026 2760700 4586916 7803211 2343034376 1013370620 153 8022472 1016801444
======================
   8      32 sdc 691572 9 168062034 2760752 4587554 7803211 2343361032 1013514616 155 8023476 1016945004
======================
   8      32 sdc 691574 9 168062050 2760856 4588195 7803211 2343689224 1013656384 154 8024480 1017088220
======================
   8      32 sdc 691575 9 168062058 2760952 4588831 7803211 2344014856 1013799080 151 8025480 1017230040
======================
   8      32 sdc 691576 9 168062066 2761000 4589471 7803211 2344342536 1013942224 145 8026484 1017373392
======================
   8      32 sdc 691577 9 168062074 2761104 4590123 7803211 2344676360 1014081708 136 8027484 1017512008
======================
   8      32 sdc 691579 9 168062090 2761284 4590757 7803211 2345000968 1014219432 155 8028488 1017650204
======================
   8      32 sdc 691580 9 168062098 2761332 4591366 7803211 2345312776 1014361324 151 8029492 1017793780
======================
   8      32 sdc 691581 9 168062106 2761656 4591813 7803211 2345541640 1014465988 57 8030492 1017907612
======================
   8      32 sdc 691582 9 168062114 2762712 4592173 7803211 2345725960 1014551144 151 8031496 1017969824
======================
   8      32 sdc 691583 9 168062122 2763480 4592741 7803211 2346016776 1014674352 153 8032496 1018114664
======================
   8      32 sdc 691585 9 168062138 2764228 4593765 7803211 2346541064 1014811504 153 8033500 1018266088
======================
   8      32 sdc 691585 9 168062138 2764228 4593765 7803211 2346541064 1014811504 153 8034504 1018419700
======================
   8      32 sdc 691586 9 168062146 2765920 4594278 7803211 2346803720 1015080288 152 8035508 1018571780
======================
   8      32 sdc 691587 9 168062154 2766648 4594791 7803211 2347066376 1015201456 151 8036508 1018722116
======================
   8      32 sdc 691590 9 168062178 2767452 4596273 7803211 2347825160 1015426808 140 8037512 1018866740
======================
   8      32 sdc 691591 9 168062186 2767480 4596848 7803211 2348119560 1015555872 142 8038512 1019009904
======================
   8      32 sdc 691591 9 168062186 2767480 4596848 7803211 2348119560 1015555872 142 8039516 1019152472
======================
   8      32 sdc 691594 9 168062210 2768968 4598205 7803211 2348814344 1015856564 128 8040520 1019295692
======================
   8      32 sdc 691595 9 168062218 2768996 4598834 7803211 2349136392 1015999948 139 8041520 1019439060
======================
   8      32 sdc 691597 9 168062234 2769100 4599433 7803211 2349443080 1016134972 117 8042524 1019578576
======================
   8      32 sdc 691598 9 168062242 2769176 4599942 7803211 2349703688 1016252020 120 8043524 1019715308
======================
   8      32 sdc 691598 9 168062242 2769176 4599942 7803211 2349703688 1016252020 120 8044528 1019835788
======================
   8      32 sdc 691600 9 168062258 2770692 4600936 7803211 2350212616 1016463952 150 8045528 1019976972
======================
   8      32 sdc 691601 9 168062266 2771512 4601445 7803211 2350473224 1016597536 153 8046532 1020128780
======================
   8      32 sdc 691603 9 168062282 2772824 4602468 7803211 2350997000 1016819460 154 8047536 1020280416
======================
   8      32 sdc 691603 9 168062282 2772824 4602468 7803211 2350997000 1016819460 154 8048548 1020436264
======================
   8      32 sdc 691606 9 168062306 2774300 4603859 7803211 2351709192 1017137072 138 8049556 1020582328
======================
   8      32 sdc 691607 9 168062314 2774324 4604477 7803211 2352025608 1017284620 128 8050560 1020728196
======================
   8      32 sdc 691609 9 168062330 2774404 4605129 7803211 2352359432 1017426692 150 8051564 1020871404
======================
   8      32 sdc 691610 9 168062338 2774440 4605781 7803211 2352693256 1017570856 136 8052568 1021014868
======================
   8      32 sdc 691611 9 168062346 2774500 4606438 7803211 2353029640 1017714476 158 8053568 1021157848
======================
   8      32 sdc 691612 9 168062354 2774528 4607063 7803211 2353349640 1017856312 134 8054572 1021301356
======================
   8      32 sdc 691613 9 168062362 2774656 4607130 7803211 2353383944 1017872012 100 8055576 1021405124
======================
   8      32 sdc 691613 9 168062362 2774656 4607130 7803211 2353383944 1017872012 100 8056580 1021505524
======================
   8      32 sdc 691615 9 168062378 2776748 4608107 7803211 2353884168 1018119212 147 8057584 1021642348
======================
   8      32 sdc 691617 9 168062394 2778280 4608660 7803211 2354167304 1018283244 137 8058588 1021793704
======================
   8      32 sdc 691620 9 168062418 2778356 4610156 7803211 2354933256 1018487908 145 8059588 1021936892
======================
   8      32 sdc 691621 9 168062426 2778384 4610798 7803211 2355261960 1018631464 143 8060592 1022080244
======================
   8      32 sdc 691622 9 168062434 2778416 4611428 7803211 2355584520 1018775120 153 8061596 1022223848
======================
   8      32 sdc 691622 9 168062434 2778416 4611712 7803211 2355729928 1018839504 126 8062600 1022358036
======================
   8      32 sdc 691623 9 168062442 2779932 4612200 7803211 2355979784 1019047824 150 8063604 1022486108
======================
   8      32 sdc 691624 9 168062450 2779960 4612709 7803211 2356240392 1019063152 153 8064608 1022638688
======================
   8      32 sdc 691625 9 168062458 2781344 4613222 7803211 2356503048 1019284656 152 8065608 1022790240
======================
   8      32 sdc 691626 9 168062466 2782000 4613737 7803211 2356766728 1019395860 149 8066616 1022940264
======================
   8      32 sdc 691629 9 168062490 2783112 4614759 7803211 2357289992 1019572884 151 8067620 1023089792
======================
   8      32 sdc 691630 9 168062498 2784164 4615269 7803211 2357551112 1019753136 153 8068624 1023241128
======================
   8      32 sdc 691631 9 168062506 2785220 4615787 7803211 2357816328 1019926248 147 8069632 1023392996
======================
   8      32 sdc 691634 9 168062530 2786024 4616942 7803211 2358407688 1020081188 143 8070632 1023538144
======================
   8      32 sdc 691635 9 168062538 2786052 4617559 7803211 2358723592 1020226048 134 8071636 1023682160
======================
   8      32 sdc 691636 9 168062546 2786092 4618222 7803211 2359063048 1020369564 143 8072640 1023825792
======================
   8      32 sdc 691638 9 168062562 2786164 4618879 7803211 2359399432 1020511428 158 8073640 1023968024
======================
   8      32 sdc 691639 9 168062570 2786212 4619517 7803211 2359726088 1020654312 128 8074644 1024111612
======================
   8      32 sdc 691640 9 168062578 2786248 4620127 7803211 2360038408 1020797408 158 8075648 1024254896
======================
   8      32 sdc 691641 9 168062586 2786272 4620730 7803211 2360347144 1020936160 131 8076652 1024398068
======================
   8      32 sdc 691642 9 168062594 2786316 4621405 7803211 2360692744 1021080876 155 8077656 1024537212
======================
   8      32 sdc 691644 9 168062610 2786428 4622043 7803211 2361019400 1021222284 158 8078660 1024677840
======================
   8      32 sdc 691644 9 168062610 2786428 4622548 7803211 2361277960 1021333324 42 8079664 1024791364
======================
   8      32 sdc 691644 9 168062610 2786428 4622548 7803211 2361277960 1021333324 42 8080668 1024833532
======================
   8      32 sdc 691648 9 168062642 2788028 4623969 7803211 2362005512 1021497256 157 8081672 1024955452
======================
   8      32 sdc 691650 9 168062658 2788080 4624593 7803211 2362325000 1021640084 140 8082676 1025099368
======================
   8      32 sdc 691651 9 168062666 2788136 4625088 7803211 2362578440 1021761168 157 8083680 1025240312
======================
   8      32 sdc 691652 9 168062674 2788180 4625725 7803211 2362904584 1021925764 128 8084684 1025383772
======================
   8      32 sdc 691652 9 168062674 2788180 4626057 7803211 2363074568 1021998132 117 8085688 1025514188
======================
   8      32 sdc 691653 9 168062682 2789676 4626473 7803211 2363287560 1022187412 130 8086692 1025633180
======================
   8      32 sdc 691656 9 168062706 2789752 4627639 7803211 2363884552 1022315520 134 8087696 1025776552
======================
   8      32 sdc 691657 9 168062714 2789788 4628284 7803211 2364214792 1022459632 129 8088696 1025919268
======================
   8      32 sdc 691658 9 168062722 2789836 4628928 7803211 2364544520 1022602320 157 8089700 1026062656
======================
   8      32 sdc 691659 9 168062730 2789916 4629532 7803211 2364853768 1022744616 135 8090704 1026205808
======================
   8      32 sdc 691660 9 168062738 2789960 4630153 7803211 2365171720 1022888428 117 8091708 1026348064
======================
   8      32 sdc 691663 9 168062762 2790104 4630794 7803211 2365499912 1023029492 134 8092712 1026489616
======================
   8      32 sdc 691664 9 168062770 2790184 4631457 7803211 2365839368 1023170652 129 8093712 1026630344
======================
   8      32 sdc 691665 9 168062778 2790280 4632046 7803211 2366140936 1023302892 140 8094716 1026772200
======================
   8      32 sdc 691666 9 168062786 2790324 4632712 7803211 2366481928 1023451604 118 8095720 1026913792
======================
   8      32 sdc 691666 9 168062786 2790324 4632762 7803211 2366507528 1023472044 68 8096724 1026992496
======================
   8      32 sdc 691669 9 168062810 2791484 4633843 7803211 2367061000 1023670940 138 8097728 1027133492
======================
   8      32 sdc 691670 9 168062818 2791528 4634427 7803211 2367360008 1023813400 130 8098732 1027277308
======================
   8      32 sdc 691671 9 168062826 2791568 4634996 7803211 2367651336 1023956304 137 8099732 1027420444
======================
   8      32 sdc 691672 9 168062834 2791628 4635588 7803211 2367954440 1024100952 157 8100736 1027563892
======================
   8      32 sdc 691672 9 168062834 2791628 4635800 7803211 2368062984 1024169256 102 8101740 1027678396
======================
   8      32 sdc 691674 9 168062850 2793052 4636720 7803211 2368534024 1024334656 141 8102744 1027789260
======================
   8      32 sdc 691674 9 168062850 2793052 4636771 7803211 2368560136 1024340196 155 8103748 1027943792
======================
   8      32 sdc 691677 9 168062874 2794744 4637794 7803211 2369083912 1024631160 156 8104752 1028096524
======================
   8      32 sdc 691677 9 168062874 2794744 4637794 7803211 2369083912 1024631160 156 8105756 1028253148
======================
   8      32 sdc 691680 9 168062898 2796432 4638887 7803211 2369643528 1024931944 150 8106756 1028404064
======================
   8      32 sdc 691681 9 168062906 2796468 4639494 7803211 2369954312 1025080788 151 8107760 1028548236
======================
   8      32 sdc 691682 9 168062914 2796512 4640106 7803211 2370267656 1025223596 147 8108764 1028691376
======================
   8      32 sdc 691683 9 168062922 2796540 4640538 7803211 2370488840 1025352380 131 8109768 1028830972
======================
   8      32 sdc 691684 9 168062930 2796580 4641143 7803211 2370798600 1025502972 134 8110772 1028972448
======================
   8      32 sdc 691684 9 168062930 2796580 4641423 7803211 2370941960 1025575764 111 8111776 1029099652
======================
   8      32 sdc 691684 9 168062930 2796580 4641423 7803211 2370941960 1025575764 111 8112780 1029211096
======================
   8      32 sdc 691687 9 168062954 2798340 4642796 7803211 2371645448 1025878468 145 8113780 1029349396
======================
   8      32 sdc 691688 9 168062962 2798372 4643351 7803211 2371929096 1026022272 134 8114784 1029493236
======================
   8      32 sdc 691689 9 168062970 2798724 4643916 7803211 2372218376 1026168424 145 8115788 1029639952
======================
   8      32 sdc 691691 9 168062986 2798788 4644506 7803211 2372520456 1026312308 131 8116788 1029783144
======================
   8      32 sdc 691692 9 168062994 2798852 4645083 7803211 2372815880 1026455568 130 8117792 1029926832
======================
   8      32 sdc 691692 9 168062994 2798852 4645503 7803211 2373030920 1026560884 127 8118796 1030066188
======================
   8      32 sdc 691692 9 168062994 2798852 4645503 7803211 2373030920 1026560884 127 8119800 1030193696
======================
   8      32 sdc 691696 9 168063026 2800576 4646766 7803211 2373677576 1026858228 143 8120804 1030331428
======================
   8      32 sdc 691697 9 168063034 2800608 4647357 7803211 2373980168 1027002848 128 8121808 1030474984
======================
   8      32 sdc 691698 9 168063042 2800648 4647943 7803211 2374280200 1027145408 150 8122808 1030618424
======================
   8      32 sdc 691699 9 168063050 2800724 4648504 7803211 2374567432 1027288944 138 8123812 1030761964
======================
   8      32 sdc 691700 9 168063058 2800808 4649069 7803211 2374856712 1027431744 129 8124816 1030904668
======================
   8      32 sdc 691702 9 168063074 2800940 4649618 7803211 2375137800 1027572404 159 8125816 1031045744
======================
   8      32 sdc 691703 9 168063082 2800980 4650167 7803211 2375418888 1027713960 142 8126820 1031187988
======================
   8      32 sdc 691704 9 168063090 2801072 4650752 7803211 2375718408 1027858448 152 8127824 1031329848
======================
   8      32 sdc 691705 9 168063098 2801224 4651365 7803211 2376032264 1027991640 145 8128828 1031464232
======================
   8      32 sdc 691706 9 168063106 2801256 4651977 7803211 2376345608 1028134476 150 8129828 1031606952
======================
   8      32 sdc 691707 9 168063114 2801288 4652566 7803211 2376647176 1028276496 135 8130832 1031750856
======================
   8      32 sdc 691708 9 168063122 2801328 4653114 7803211 2376927752 1028420568 131 8131836 1031895104
======================
   8      32 sdc 691710 9 168063138 2801464 4653662 7803211 2377208328 1028559912 146 8132836 1032033692
======================
   8      32 sdc 691712 9 168063154 2801588 4654229 7803211 2377498632 1028702412 159 8133840 1032175772
======================
   8      32 sdc 691713 9 168063162 2801628 4654790 7803211 2377785864 1028844084 130 8134840 1032318104
======================
   8      32 sdc 691714 9 168063170 2801656 4655344 7803211 2378069512 1028987032 141 8135844 1032461524
======================
   8      32 sdc 691715 9 168063178 2802028 4655798 7803211 2378301960 1029104908 159 8136848 1032591280
======================
   8      32 sdc 691716 9 168063186 2802064 4656357 7803211 2378588168 1029260896 155 8137848 1032734552
======================
   8      32 sdc 691717 9 168063194 2802128 4656922 7803211 2378877448 1029404184 134 8138852 1032878696
======================
   8      32 sdc 691718 9 168063202 2802164 4657492 7803211 2379169288 1029547420 137 8139856 1033022196
======================
   8      32 sdc 691719 9 168063210 2802224 4658058 7803211 2379459080 1029690480 147 8140856 1033165016
======================
   8      32 sdc 691720 9 168063218 2802316 4658644 7803211 2379759112 1029833864 158 8141860 1033307556
======================
   8      32 sdc 691720 9 168063218 2802316 4658855 7803211 2379867144 1029884696 87 8142860 1033412016
======================
   8      32 sdc 691721 9 168063226 2804016 4659065 7803211 2379974664 1030041072 132 8143864 1033500972
======================
   8      32 sdc 691723 9 168063242 2804072 4660321 7803211 2380617736 1030167996 157 8144868 1033644672
======================
   8      32 sdc 691726 9 168063266 2804240 4660872 7803211 2380899848 1030309096 149 8145868 1033788540
======================
   8      32 sdc 691727 9 168063274 2804316 4661424 7803211 2381182472 1030454088 141 8146872 1033931776
======================
   8      32 sdc 691728 9 168063282 2804364 4661956 7803211 2381454856 1030593528 153 8147876 1034075640
======================
   8      32 sdc 691729 9 168063290 2804408 4662565 7803211 2381766664 1030744512 152 8148880 1034220080
======================
   8      32 sdc 691730 9 168063298 2804472 4663181 7803211 2382082056 1030889216 149 8149888 1034364764
======================
   8      32 sdc 691731 9 168063306 2804824 4663630 7803211 2382311944 1031020372 156 8150892 1034495988
======================
   8      32 sdc 691732 9 168063314 2804860 4664184 7803211 2382595592 1031161760 133 8151896 1034639288
======================
   8      32 sdc 691733 9 168063322 2804916 4664734 7803211 2382877192 1031305552 128 8152900 1034783028
======================
   8      32 sdc 691734 9 168063330 2804944 4665298 7803211 2383165960 1031448704 139 8153904 1034927832
======================
   8      32 sdc 691735 9 168063338 2805020 4665870 7803211 2383458824 1031592916 149 8154904 1035070432
======================
   8      32 sdc 691736 9 168063346 2805112 4666430 7803211 2383745544 1031734820 151 8155908 1035212452
======================
   8      32 sdc 691737 9 168063354 2805224 4667001 7803211 2384037896 1031874616 133 8156912 1035351428
======================
   8      32 sdc 691739 9 168063370 2805312 4667587 7803211 2384337928 1032016952 158 8157912 1035493672
======================
   8      32 sdc 691740 9 168063378 2805344 4668163 7803211 2384632840 1032159680 154 8158916 1035637188
======================
   8      32 sdc 691742 9 168063394 2805536 4668720 7803211 2384918024 1032293876 147 8159920 1035771240
======================
   8      32 sdc 691743 9 168063402 2805568 4669291 7803211 2385210376 1032436848 146 8160924 1035914528
======================
   8      32 sdc 691744 9 168063410 2805616 4669864 7803211 2385503752 1032580952 149 8161928 1036058296
======================
   8      32 sdc 691744 9 168063410 2805616 4670072 7803211 2385610248 1032631540 134 8162936 1036196664
======================
   8      32 sdc 691745 9 168063418 2807224 4670574 7803211 2385867272 1032866796 144 8163940 1036331516
======================
   8      32 sdc 691747 9 168063434 2807272 4671587 7803211 2386385928 1032992620 155 8164944 1036472392
======================
   8      32 sdc 691749 9 168063450 2807356 4672152 7803211 2386675208 1033135428 133 8165944 1036615668
======================
   8      32 sdc 691750 9 168063458 2807392 4672708 7803211 2386959880 1033278392 153 8166948 1036759428
======================
   8      32 sdc 691750 9 168063458 2807392 4673157 7803211 2387189768 1033395140 121 8167952 1036898360
======================
   8      32 sdc 691750 9 168063458 2807392 4673157 7803211 2387189768 1033395140 121 8168952 1037019360
======================
   8      32 sdc 691752 9 168063474 2809048 4674149 7803211 2387697672 1033625740 153 8169956 1037158480
======================
   8      32 sdc 691752 9 168063474 2809048 4674149 7803211 2387697672 1033625740 153 8170960 1037312092
======================
   8      32 sdc 691755 9 168063498 2811312 4675196 7803211 2388233736 1033991580 129 8171960 1037461840
======================
   8      32 sdc 691755 9 168063498 2811312 4675684 7803211 2388483592 1034006104 154 8172964 1037615196
======================
   8      32 sdc 691757 9 168063514 2813012 4676200 7803211 2388747784 1034274480 150 8173968 1037768136
======================
   8      32 sdc 691760 9 168063538 2813880 4677282 7803211 2389301768 1034434728 155 8174968 1037915136
======================
   8      32 sdc 691760 9 168063538 2813880 4677736 7803211 2389534216 1034543756 150 8175972 1038060460
======================
   8      32 sdc 691760 9 168063538 2813880 4677736 7803211 2389534216 1034543756 150 8176976 1038211060
======================
   8      32 sdc 691763 9 168063562 2815564 4678856 7803211 2390107656 1034850360 149 8177976 1038354264
======================
   8      32 sdc 691764 9 168063570 2815608 4679428 7803211 2390400520 1035010636 153 8178984 1038498776
======================
   8      32 sdc 691765 9 168063578 2815660 4679998 7803211 2390692360 1035154084 135 8179984 1038641688
======================
   8      32 sdc 691765 9 168063578 2815660 4680319 7803211 2390856712 1035234460 127 8180992 1038778820
======================
   8      32 sdc 691765 9 168063578 2815660 4680319 7803211 2390856712 1035234460 127 8181996 1038906328
======================
   8      32 sdc 691768 9 168063602 2817356 4681700 7803211 2391563784 1035558000 153 8183000 1039047112
======================
   8      32 sdc 691769 9 168063610 2817392 4682279 7803211 2391860232 1035700784 150 8184004 1039190976
======================
   8      32 sdc 691770 9 168063618 2817428 4682840 7803211 2392147464 1035845092 133 8185008 1039335036
======================
   8      32 sdc 691771 9 168063626 2817456 4683391 7803211 2392429576 1035982632 127 8186012 1039474904
======================
   8      32 sdc 691771 9 168063626 2817456 4683413 7803211 2392440840 1035988760 105 8187016 1039580832
======================
   8      32 sdc 691775 9 168063658 2819208 4684488 7803211 2392991240 1036208772 149 8188020 1039699352
======================
   8      32 sdc 691775 9 168063658 2819208 4684905 7803211 2393204744 1036315000 149 8189020 1039843880
======================
   8      32 sdc 691775 9 168063658 2819208 4684905 7803211 2393204744 1036315000 149 8190024 1039993476
======================
   8      32 sdc 691776 9 168063666 2820776 4685417 7803211 2393466888 1036573372 149 8191028 1040142328
======================
   8      32 sdc 691778 9 168063682 2821764 4686441 7803211 2393991176 1036745248 149 8192028 1040289784
======================
   8      32 sdc 691778 9 168063682 2821764 4686441 7803211 2393991176 1036745248 149 8193040 1040440572
======================
   8      32 sdc 691779 9 168063690 2823396 4686953 7803211 2394253320 1036997972 149 8194044 1040589448
======================
   8      32 sdc 691780 9 168063698 2824252 4687469 7803211 2394517512 1037136340 145 8195048 1040735008
======================
   8      32 sdc 691783 9 168063722 2825144 4688929 7803211 2395265032 1037380888 156 8196052 1040878508
======================
   8      32 sdc 691784 9 168063730 2825172 4689488 7803211 2395551240 1037524144 141 8197056 1041022292
======================
   8      32 sdc 691786 9 168063746 2825236 4690061 7803211 2395845128 1037667372 144 8198056 1041165116
======================
   8      32 sdc 691786 9 168063746 2825236 4690563 7803211 2396101640 1037789372 123 8199060 1041305480
======================
   8      32 sdc 691786 9 168063746 2825236 4690563 7803211 2396101640 1037789372 123 8200064 1041428972
======================
   8      32 sdc 691790 9 168063778 2826956 4691780 7803211 2396724744 1038064072 153 8201068 1041562964
======================
   8      32 sdc 691791 9 168063786 2827000 4692346 7803211 2397014536 1038207920 131 8202072 1041706956
======================
   8      32 sdc 691791 9 168063786 2827000 4692593 7803211 2397141000 1038273108 141 8203076 1041849816
======================
   8      32 sdc 691792 9 168063794 2828600 4692623 7803211 2397156360 1038325648 142 8204080 1041991372
======================
   8      32 sdc 691794 9 168063810 2828652 4694068 7803211 2397896712 1038633096 137 8205084 1042134548
======================
   8      32 sdc 691795 9 168063818 2828692 4694631 7803211 2398184456 1038777448 151 8206088 1042278556
======================
   8      32 sdc 691796 9 168063826 2828736 4695163 7803211 2398456840 1038911544 131 8207092 1042421520
======================
   8      32 sdc 691796 9 168063826 2828736 4695163 7803211 2398456840 1038911544 131 8208092 1042552520
======================
   8      32 sdc 691799 9 168063850 2830500 4696282 7803211 2399029768 1039184532 131 8209096 1042688600
======================
   8      32 sdc 691800 9 168063858 2830528 4696884 7803211 2399338504 1039330476 137 8210100 1042832244
======================
   8      32 sdc 691801 9 168063866 2830568 4697497 7803211 2399651848 1039473960 132 8211104 1042975532
======================
   8      32 sdc 691802 9 168063874 2830632 4698110 7803211 2399965704 1039616572 133 8212108 1043118376
======================
   8      32 sdc 691803 9 168063882 2830664 4698693 7803211 2400264200 1039757840 152 8213108 1043261160
======================
   8      32 sdc 691803 9 168063882 2830664 4698763 7803211 2400300040 1039776048 115 8214112 1043379740
======================
   8      32 sdc 691807 9 168063914 2832452 4699783 7803211 2400822280 1040009476 150 8215116 1043500760
======================
   8      32 sdc 691808 9 168063922 2832488 4700354 7803211 2401114632 1040139448 155 8216120 1043644308
======================
   8      32 sdc 691808 9 168063922 2832488 4700787 7803211 2401336328 1040249516 139 8217124 1043787560
======================
   8      32 sdc 691808 9 168063922 2832488 4700787 7803211 2401336328 1040249516 139 8218128 1043927116
======================
   8      32 sdc 691811 9 168063946 2834196 4701915 7803211 2401913864 1040546284 130 8219132 1044066368
======================
   8      32 sdc 691811 9 168063946 2834196 4702315 7803211 2402118664 1040658128 147 8220136 1044210916
======================
   8      32 sdc 691811 9 168063946 2834196 4702315 7803211 2402118664 1040658128 147 8221140 1044358504
======================
   8      32 sdc 691812 9 168063954 2835876 4702821 7803211 2402377736 1040929444 153 8222144 1044508948
======================
   8      32 sdc 691815 9 168063978 2836688 4704186 7803211 2403076616 1041144816 131 8223148 1044653256
======================
   8      32 sdc 691816 9 168063986 2836724 4704777 7803211 2403379208 1041288288 148 8224148 1044796512
======================
   8      32 sdc 691817 9 168063994 2836760 4705358 7803211 2403676680 1041430804 143 8225152 1044940276
======================
   8      32 sdc 691819 9 168064010 2836868 4705914 7803211 2403961352 1041573632 131 8226156 1045083936
======================
   8      32 sdc 691820 9 168064018 2836968 4706454 7803211 2404237832 1041711572 158 8227160 1045227288
======================
   8      32 sdc 691822 9 168064034 2837104 4707034 7803211 2404534792 1041861868 128 8228196 1045374968
======================
   8      32 sdc 691823 9 168064042 2837148 4707583 7803211 2404815880 1042001508 142 8229196 1045517360
======================
   8      32 sdc 691824 9 168064050 2837204 4708132 7803211 2405096968 1042143908 157 8230200 1045660108
======================
   8      32 sdc 691824 9 168064050 2837204 4708476 7803211 2405273096 1042227356 130 8231204 1045798064
======================
   8      32 sdc 691824 9 168064050 2837204 4708476 7803211 2405273096 1042227356 130 8232208 1045928584
======================
   8      32 sdc 691826 9 168064066 2838960 4709477 7803211 2405785608 1042487448 153 8233212 1046073900
======================
   8      32 sdc 691826 9 168064066 2838960 4709477 7803211 2405785608 1042487448 153 8234216 1046227512
======================
   8      32 sdc 691828 9 168064082 2841428 4710078 7803211 2406093320 1042825072 135 8235216 1046378544
======================
   8      32 sdc 691830 9 168064098 2841484 4711476 7803211 2406809096 1043001780 137 8236220 1046521696
======================
   8      32 sdc 691831 9 168064106 2841512 4712036 7803211 2407095816 1043145184 154 8237224 1046665528
======================
   8      32 sdc 691833 9 168064122 2841592 4712591 7803211 2407379976 1043287544 142 8238228 1046809136
======================
   8      32 sdc 691834 9 168064130 2841644 4713173 7803211 2407677960 1043432556 136 8239232 1046952684
======================
   8      32 sdc 691835 9 168064138 2841684 4713764 7803211 2407980552 1043578836 153 8240236 1047098816
======================
   8      32 sdc 691836 9 168064146 2841744 4714337 7803211 2408273928 1043721768 156 8241240 1047242032
======================
   8      32 sdc 691836 9 168064146 2841744 4714657 7803211 2408437768 1043801864 93 8242240 1047361164
======================
   8      32 sdc 691836 9 168064146 2841744 4714657 7803211 2408437768 1043801864 93 8243244 1047454536
======================
   8      32 sdc 691840 9 168064178 2843520 4716028 7803211 2409140232 1044066956 129 8244248 1047588504
======================
   8      32 sdc 691840 9 168064178 2843520 4716136 7803211 2409195016 1044092808 150 8245252 1047738056
======================
   8      32 sdc 691841 9 168064186 2845284 4716620 7803211 2409442824 1044380276 137 8246256 1047887872
======================
   8      32 sdc 691843 9 168064202 2845336 4717639 7803211 2409964552 1044507612 150 8247268 1048032852
======================
   8      32 sdc 691845 9 168064218 2845420 4718212 7803211 2410257928 1044652572 153 8248276 1048177708
======================
   8      32 sdc 691845 9 168064218 2845420 4718717 7803211 2410516488 1044782296 129 8249280 1048320032
======================
   8      32 sdc 691845 9 168064218 2845420 4718717 7803211 2410516488 1044782296 129 8250288 1048450064
======================
   8      32 sdc 691848 9 168064242 2847164 4719908 7803211 2411126280 1045061208 153 8251292 1048585948
======================
   8      32 sdc 691849 9 168064250 2847216 4720511 7803211 2411435016 1045205324 158 8252292 1048729352
======================
   8      32 sdc 691850 9 168064258 2847260 4721117 7803211 2411745288 1045348556 128 8253296 1048873076
======================
   8      32 sdc 691851 9 168064266 2847308 4721676 7803211 2412031496 1045490260 145 8254300 1049017072
======================
   8      32 sdc 691852 9 168064274 2847340 4722221 7803211 2412310536 1045634068 144 8255304 1049160972
======================
   8      32 sdc 691853 9 168064282 2847456 4722330 7803211 2412366344 1045663412 68 8256308 1049239864
======================
   8      32 sdc 691855 9 168064298 2849164 4723262 7803211 2412843528 1045808676 127 8257308 1049319912
======================
   8      32 sdc 691857 9 168064314 2849216 4723874 7803211 2413156872 1045933060 155 8258312 1049461484
======================
   8      32 sdc 691857 9 168064314 2849216 4724305 7803211 2413377544 1046043824 141 8259316 1049604888
======================
   8      32 sdc 691857 9 168064314 2849216 4724305 7803211 2413377544 1046043824 141 8260316 1049745888
======================
   8      32 sdc 691860 9 168064338 2850884 4725581 7803211 2414030856 1046358940 144 8261320 1049888488
======================
   8      32 sdc 691861 9 168064346 2850928 4726146 7803211 2414320136 1046502484 155 8262320 1050031416
======================
   8      32 sdc 691862 9 168064354 2850968 4726723 7803211 2414615560 1046647728 154 8263336 1050177116
======================
   8      32 sdc 691863 9 168064362 2850992 4727316 7803211 2414919176 1046793456 137 8264352 1050322656
======================
   8      32 sdc 691863 9 168064362 2850992 4727395 7803211 2414959624 1046812704 123 8265352 1050448224
======================
   8      32 sdc 691866 9 168064386 2852704 4728429 7803211 2415489032 1047052640 144 8266356 1050576964
======================
   8      32 sdc 691867 9 168064394 2852744 4728989 7803211 2415775752 1047189328 128 8267360 1050721308
======================
   8      32 sdc 691868 9 168064402 2852780 4729560 7803211 2416068104 1047333392 133 8268364 1050865048
======================
   8      32 sdc 691870 9 168064418 2852932 4730108 7803211 2416348680 1047473700 137 8269368 1051006060
======================
   8      32 sdc 691870 9 168064418 2852932 4730476 7803211 2416537096 1047569220 114 8270372 1051139244
======================
   8      32 sdc 691870 9 168064418 2852932 4730476 7803211 2416537096 1047569220 114 8271376 1051253700
======================
   8      32 sdc 691872 9 168064434 2854608 4731461 7803211 2417041416 1047791476 153 8272380 1051394944
======================
   8      32 sdc 691872 9 168064434 2854608 4731461 7803211 2417041416 1047791476 153 8273384 1051548556
======================
   8      32 sdc 691875 9 168064458 2856308 4732878 7803211 2417766920 1048157012 143 8274384 1051692528
======================
   8      32 sdc 691876 9 168064466 2856344 4733423 7803211 2418045960 1048300808 142 8275388 1051836380
======================
   8      32 sdc 691877 9 168064474 2856376 4733985 7803211 2418333704 1048444064 156 8276392 1051980012
======================
   8      32 sdc 691878 9 168064482 2856452 4734553 7803211 2418624520 1048587916 133 8277396 1052123472
======================
   8      32 sdc 691880 9 168064498 2856568 4735103 7803211 2418906120 1048730508 158 8278396 1052266204
======================
   8      32 sdc 691881 9 168064506 2856664 4735672 7803211 2419197448 1048874920 158 8279400 1052408628
======================
   8      32 sdc 691882 9 168064514 2856796 4736264 7803211 2419500552 1049012916 152 8280404 1052546424
======================
   8      32 sdc 691883 9 168064522 2856832 4736844 7803211 2419797512 1049154488 145 8281408 1052690208
======================
   8      32 sdc 691884 9 168064530 2856864 4737409 7803211 2420086792 1049298412 156 8282408 1052833532
======================
   8      32 sdc 691885 9 168064538 2856936 4737636 7803211 2420203016 1049359044 122 8283412 1052965584
======================
   8      32 sdc 691885 9 168064538 2856936 4737636 7803211 2420203016 1049359044 122 8284416 1053088072
======================
   8      32 sdc 691888 9 168064562 2858572 4739120 7803211 2420962824 1049694564 141 8285420 1053231032
======================
   8      32 sdc 691890 9 168064578 2858640 4739706 7803211 2421262856 1049837404 131 8286424 1053374652
======================
   8      32 sdc 691891 9 168064586 2858680 4740259 7803211 2421545992 1049979204 154 8287424 1053517808
======================
   8      32 sdc 691892 9 168064594 2858732 4740825 7803211 2421835784 1050121472 132 8288428 1053658680
======================
   8      32 sdc 691893 9 168064602 2858828 4741382 7803211 2422120968 1050263412 137 8289432 1053801444
======================
   8      32 sdc 691894 9 168064610 2858872 4741931 7803211 2422402056 1050406200 155 8290436 1053944272
======================
   8      32 sdc 691895 9 168064618 2858916 4742513 7803211 2422700040 1050551164 145 8291440 1054087684
======================
   8      32 sdc 691896 9 168064626 2858968 4743126 7803211 2423013896 1050693544 147 8292440 1054229468
======================
   8      32 sdc 691897 9 168064634 2859012 4743732 7803211 2423324168 1050835716 147 8293444 1054372208
======================
   8      32 sdc 691899 9 168064650 2859200 4744325 7803211 2423627784 1050969796 152 8294448 1054509376
======================
   8      32 sdc 691900 9 168064658 2859252 4744874 7803211 2423908872 1051113692 147 8295448 1054652532
======================
   8      32 sdc 691901 9 168064666 2859332 4745318 7803211 2424136200 1051229512 120 8296452 1054791460
======================
   8      32 sdc 691901 9 168064666 2859332 4745318 7803211 2424136200 1051229512 120 8297456 1054911940
======================
   8      32 sdc 691904 9 168064690 2861024 4746533 7803211 2424758280 1051502328 152 8298460 1055044220
======================
   8      32 sdc 691905 9 168064698 2861060 4747098 7803211 2425047560 1051647492 131 8299460 1055187324
======================
   8      32 sdc 691905 9 168064698 2861060 4747346 7803211 2425174536 1051710132 140 8300464 1055329344
======================
   8      32 sdc 691905 9 168064698 2861060 4747346 7803211 2425174536 1051710132 140 8301468 1055469904
======================
   8      32 sdc 691908 9 168064722 2862732 4748800 7803211 2425918984 1052072012 157 8302472 1055613320
======================
   8      32 sdc 691909 9 168064730 2862764 4749370 7803211 2426210824 1052215604 131 8303472 1055756676
======================
   8      32 sdc 691911 9 168064746 2862868 4749937 7803211 2426501128 1052358156 140 8304476 1055900436
======================
   8      32 sdc 691911 9 168064746 2862868 4750436 7803211 2426756616 1052479484 122 8305480 1056040144
======================
   8      32 sdc 691911 9 168064746 2862868 4750436 7803211 2426756616 1052479484 122 8306480 1056162144
======================
   8      32 sdc 691914 9 168064770 2864576 4751639 7803211 2427372552 1052752696 134 8307484 1056295944
======================
   8      32 sdc 691914 9 168064770 2864576 4751945 7803211 2427529224 1052829884 149 8308488 1056442400
======================
   8      32 sdc 691914 9 168064770 2864576 4751945 7803211 2427529224 1052829884 149 8309492 1056591996
======================
   8      32 sdc 691916 9 168064786 2866244 4752959 7803211 2428048392 1053113404 159 8310492 1056746188
======================
   8      32 sdc 691916 9 168064786 2866244 4752959 7803211 2428048392 1053113404 159 8311496 1056905824
======================
   8      32 sdc 691920 9 168064818 2867960 4754466 7803211 2428819976 1053504548 155 8312500 1057049680
======================
   8      32 sdc 691922 9 168064834 2868028 4755069 7803211 2429128712 1053648192 128 8313504 1057193768
======================
   8      32 sdc 691923 9 168064842 2868276 4755558 7803211 2429379080 1053764364 151 8314508 1057334964
======================
   8      32 sdc 691924 9 168064850 2868312 4756107 7803211 2429660168 1053930728 146 8315512 1057478928
======================
   8      32 sdc 691925 9 168064858 2868368 4756665 7803211 2429945864 1054075412 132 8316516 1057622708
======================
   8      32 sdc 691926 9 168064866 2868396 4757236 7803211 2430238216 1054219760 137 8317520 1057766480
======================
   8      32 sdc 691927 9 168064874 2868436 4757784 7803211 2430518792 1054360092 133 8318524 1057908988
======================
   8      32 sdc 691928 9 168064882 2868508 4758350 7803211 2430808584 1054505992 148 8319528 1058052712
======================
   8      32 sdc 691928 9 168064882 2868508 4758649 7803211 2430961672 1054578488 101 8320532 1058174032
======================
   8      32 sdc 691928 9 168064882 2868508 4758649 7803211 2430961672 1054578488 101 8321536 1058275436
======================
   8      32 sdc 691930 9 168064898 2870196 4759622 7803211 2431459848 1054775416 152 8322540 1058422520
======================
   8      32 sdc 691931 9 168064906 2871764 4760137 7803211 2431723528 1055024548 149 8323540 1058573096
======================
   8      32 sdc 691933 9 168064922 2872620 4760646 7803211 2431984136 1055159632 152 8324548 1058723116
======================
   8      32 sdc 691936 9 168064946 2873472 4761751 7803211 2432549896 1055322436 134 8325556 1058872956
======================
   8      32 sdc 691937 9 168064954 2873508 4762344 7803211 2432853512 1055465216 149 8326564 1059017360
======================
   8      32 sdc 691938 9 168064962 2873548 4762911 7803211 2433143816 1055608024 158 8327568 1059161016
======================
   8      32 sdc 691939 9 168064970 2873780 4763355 7803211 2433371144 1055752148 130 8328580 1059305500
======================
   8      32 sdc 691939 9 168064970 2873780 4763719 7803211 2433557512 1055844236 151 8329584 1059452624
======================
   8      32 sdc 691939 9 168064970 2873780 4763719 7803211 2433557512 1055844236 151 8330592 1059604832
======================
   8      32 sdc 691942 9 168064994 2875496 4765027 7803211 2434227208 1056197080 154 8331604 1059751736
======================
   8      32 sdc 691943 9 168065002 2875528 4765640 7803211 2434541064 1056342220 149 8332604 1059895604
======================
   8      32 sdc 691944 9 168065010 2875580 4766248 7803211 2434852360 1056486060 149 8333612 1060039820
======================
   8      32 sdc 691945 9 168065018 2875616 4766819 7803211 2435144712 1056620308 123 8334616 1060181968
======================
   8      32 sdc 691945 9 168065018 2875616 4766819 7803211 2435144712 1056620308 123 8335620 1060305460
======================
   8      32 sdc 691946 9 168065026 2877304 4767308 7803211 2435395080 1056845388 146 8336620 1060438000
======================
   8      32 sdc 691950 9 168065058 2878176 4768516 7803211 2436013576 1057025436 153 8337624 1060582428
======================
   8      32 sdc 691951 9 168065066 2878208 4769085 7803211 2436304904 1057168972 128 8338628 1060726244
======================
   8      32 sdc 691952 9 168065074 2878272 4769640 7803211 2436589064 1057312240 149 8339632 1060870208
======================
   8      32 sdc 691953 9 168065082 2878328 4770207 7803211 2436879368 1057457644 158 8340632 1061014092
======================
   8      32 sdc 691954 9 168065090 2878400 4770793 7803211 2437179400 1057599564 154 8341636 1061157640
======================
   8      32 sdc 691955 9 168065098 2878628 4771250 7803211 2437413384 1057740620 146 8342640 1061298560
======================
   8      32 sdc 691956 9 168065106 2878656 4771820 7803211 2437705224 1057883924 145 8343640 1061441728
======================
   8      32 sdc 691957 9 168065114 2878700 4772391 7803211 2437997576 1058020336 183 8344644 1061635496
======================
   8      32 sdc 691958 9 168065122 2878948 4772972 7803211 2438295048 1058156512 114 8345648 1061843092
======================
   8      32 sdc 691958 9 168065122 2878948 4772999 7803211 2438308872 1058163356 87 8346652 1061931284
======================
   8      32 sdc 691961 9 168065146 2880792 4774113 7803211 2438879240 1058480628 155 8347656 1062059268
======================
   8      32 sdc 691962 9 168065154 2881044 4774673 7803655 2439165456 1058629580 154 8348656 1062180260
======================
   8      32 sdc 691963 9 168065162 2881288 4775243 7803655 2439456816 1058750028 141 8349660 1062309612
======================
   8      32 sdc 691964 9 168065170 2881368 4775804 7803655 2439744048 1058890084 135 8350664 1062451288
======================
   8      32 sdc 691966 9 168065186 2881648 4776340 7803655 2440017976 1059008324 128 8351664 1062569392
======================
   8      32 sdc 691966 9 168065186 2881648 4776679 7803655 2440191544 1059095840 1 8352684 1062639272
======================
   8      32 sdc 691966 9 168065186 2881648 4776679 7803655 2440191544 1059095840 1 8353696 1062640284
======================
   8      32 sdc 691970 9 168065218 2883516 4778147 7803663 2440942216 1059203652 152 8354704 1062765048
======================
   8      32 sdc 691970 9 168065218 2883516 4778626 7803663 2441187464 1059314452 104 8355712 1062898228
======================
   8      32 sdc 691972 9 168065234 2884072 4779175 7803663 2441468552 1059459816 147 8356716 1063022940
======================
   8      32 sdc 691973 9 168065242 2884156 4779742 7803663 2441758856 1059602204 135 8357724 1063164564
======================
   8      32 sdc 691974 9 168065250 2884236 4780310 7803663 2442049672 1059741684 154 8358728 1063304968
======================
   8      32 sdc 691975 9 168065258 2884320 4780868 7803674 2442334448 1059865796 150 8359736 1063429644
======================
   8      32 sdc 691976 9 168065266 2884396 4781452 7803674 2442633456 1060009608 153 8360748 1063572656
======================
   8      32 sdc 691977 9 168065274 2884476 4782044 7803674 2442936560 1060151916 148 8361760 1063715020
======================
   8      32 sdc 691978 9 168065282 2884556 4782619 7803674 2443230960 1060294324 128 8362764 1063857608
======================
   8      32 sdc 691979 9 168065290 2884640 4783186 7803674 2443521264 1060436396 148 8363768 1063999768
======================
   8      32 sdc 691980 9 168065298 2884720 4783762 7803684 2443815248 1060560336 92 8364780 1064121716
======================
   8      32 sdc 691983 9 168065322 2885160 4784321 7803684 2444101456 1060680236 130 8365788 1064240052
======================
   8      32 sdc 691984 9 168065330 2885344 4784912 7803684 2444404048 1060811496 157 8366792 1064370168
======================
   8      32 sdc 691985 9 168065338 2885592 4785494 7803684 2444702032 1060930280 130 8367800 1064492964
======================
   8      32 sdc 691985 9 168065338 2885592 4785901 7803684 2444910416 1061032240 1 8368804 1064579464
======================
   8      32 sdc 691987 9 168065354 2886964 4786501 7803693 2445216680 1061048564 141 8369808 1064611544
======================
   8      32 sdc 691988 9 168065362 2887104 4787059 7803693 2445502376 1061184500 138 8370812 1064751268
======================
   8      32 sdc 691989 9 168065370 2887172 4787608 7803693 2445783464 1061326104 148 8371816 1064893564
======================
   8      32 sdc 691989 9 168065370 2887172 4787951 7803693 2445959080 1061413320 1 8372816 1064962204
======================
   8      32 sdc 691989 9 168065370 2887172 4787951 7803693 2445959080 1061413320 1 8373820 1064963208
======================
   8      32 sdc 691993 9 168065402 2889044 4789387 7803703 2446693384 1061499752 144 8374816 1065061068
======================
   8      32 sdc 691994 9 168065410 2889128 4789983 7803703 2446998536 1061635552 135 8375820 1065203576
======================
   8      32 sdc 691995 9 168065418 2889212 4790532 7803703 2447279624 1061776588 141 8376824 1065345356
======================
   8      32 sdc 691996 9 168065426 2889456 4791080 7803703 2447560200 1061905280 148 8377820 1065467220
======================
   8      32 sdc 691998 9 168065442 2889752 4791645 7803703 2447849480 1062020104 148 8378820 1065587420
======================
   8      32 sdc 691999 9 168065450 2889884 4792209 7803713 2448137320 1062150848 132 8379824 1065708552
======================
   8      32 sdc 692000 9 168065458 2890136 4792769 7803713 2448424040 1062268652 138 8380828 1065838096
======================
   8      32 sdc 692001 9 168065466 2890212 4793354 7804622 2448723560 1062410744 149 8381828 1065982820
======================
   8      32 sdc 692001 9 168065466 2890212 4793511 7804630 2448768928 1062447660 0 8381988 1065998948
======================
   8      32 sdc 692001 9 168065466 2890212 4793511 7804630 2448768928 1062447660 0 8381988 1065998948
======================
   8      32 sdc 692001 9 168065466 2890212 4793511 7804630 2448768928 1062447660 0 8381988 1065998948
======================
   8      32 sdc 692001 9 168065466 2890212 4793511 7804630 2448768928 1062447660 0 8381988 1065998948
======================
   8      32 sdc 692001 9 168065466 2890212 4793511 7804630 2448768928 1062447660 0 8381988 1065998948
======================
   8      32 sdc 692219 9 168067204 2897444 4793536 7804630 2448769024 1062447660 17 8382120 1066007744
started
======================
   8      32 sdc 692246 9 168067420 2904992 4793538 7804630 2448769032 1062447660 0 8382584 1066013728
======================
   8      32 sdc 692260 9 168067532 2905084 4793538 7804630 2448769032 1062447660 1 8382680 1066013824
======================
   8      32 sdc 692424 9 168068844 2906080 4793538 7804630 2448769032 1062447660 1 8383676 1066014820
======================
   8      32 sdc 692529 9 168069684 2907056 4793538 7804630 2448769032 1062447660 1 8384672 1066015816
======================
   8      32 sdc 692673 9 168070836 2908076 4793538 7804630 2448769032 1062447660 1 8385668 1066016812
======================
   8      32 sdc 692827 9 168072068 2909060 4793538 7804630 2448769032 1062447660 1 8386660 1066017804
======================
   8      32 sdc 692975 9 168073252 2910036 4793538 7804630 2448769032 1062447660 1 8387632 1066018776
======================
   8      32 sdc 693130 9 168074492 2911012 4793541 7804631 2448769064 1062447660 1 8388608 1066019752
======================
   8      32 sdc 693279 9 168075684 2912016 4793541 7804631 2448769064 1062447660 1 8389608 1066020752
======================
   8      32 sdc 693427 9 168076868 2913000 4793541 7804631 2448769064 1062447660 1 8390596 1066021740
======================
   8      32 sdc 693536 9 168077740 2913992 4793541 7804631 2448769064 1062447660 1 8391588 1066022732
======================
   8      32 sdc 693686 9 168078940 2914992 4793541 7804631 2448769064 1062447660 1 8392584 1066023728
======================
   8      32 sdc 693829 9 168080084 2915976 4793541 7804631 2448769064 1062447660 1 8393572 1066024716
======================
   8      32 sdc 693988 9 168081356 2916956 4793541 7804631 2448769064 1062447660 1 8394560 1066025704
======================
   8      32 sdc 694137 9 168082548 2917952 4793541 7804631 2448769064 1062447660 1 8395552 1066026696
======================
   8      32 sdc 694288 9 168083756 2918960 4793541 7804631 2448769064 1062447660 1 8396556 1066027700
======================
   8      32 sdc 694441 9 168084980 2919952 4793541 7804631 2448769064 1062447660 1 8397548 1066028692
======================
   8      32 sdc 694588 9 168086156 2920932 4793541 7804631 2448769064 1062447660 1 8398528 1066029672
======================
   8      32 sdc 694737 9 168087348 2921912 4793541 7804631 2448769064 1062447660 0 8399504 1066030648
======================
   8      32 sdc 694882 9 168088508 2922892 4793541 7804631 2448769064 1062447660 1 8400496 1066031640
======================
   8      32 sdc 695037 9 168089748 2923872 4793541 7804631 2448769064 1062447660 1 8401468 1066032612
======================
   8      32 sdc 695192 9 168090988 2924832 4793541 7804631 2448769064 1062447660 1 8402432 1066033576
======================
   8      32 sdc 695342 9 168092188 2925840 4793541 7804631 2448769064 1062447660 1 8403436 1066034580
======================
   8      32 sdc 695498 9 168093436 2926804 4793541 7804631 2448769064 1062447660 1 8404400 1066035544
======================
   8      32 sdc 695643 9 168094596 2927800 4793541 7804631 2448769064 1062447660 1 8405400 1066036544
======================
   8      32 sdc 695789 9 168095764 2928800 4793541 7804631 2448769064 1062447660 1 8406400 1066037544
======================
   8      32 sdc 695938 9 168096956 2929780 4793541 7804631 2448769064 1062447660 1 8407384 1066038528
======================
   8      32 sdc 696091 9 168098180 2930772 4793541 7804631 2448769064 1062447660 1 8408372 1066039516
======================
   8      32 sdc 696246 9 168099420 2931760 4793541 7804631 2448769064 1062447660 1 8409360 1066040504
======================
   8      32 sdc 696394 9 168100604 2932752 4793541 7804631 2448769064 1062447660 1 8410352 1066041496
======================
   8      32 sdc 696546 9 168101820 2933732 4793541 7804631 2448769064 1062447660 1 8411336 1066042480
======================
   8      32 sdc 696700 9 168103052 2934724 4793541 7804631 2448769064 1062447660 1 8412320 1066043464
======================
   8      32 sdc 696853 9 168104276 2935708 4793541 7804631 2448769064 1062447660 1 8413304 1066044448
======================
   8      32 sdc 697003 9 168105476 2936692 4793541 7804631 2448769064 1062447660 1 8414292 1066045436
======================
   8      32 sdc 697153 9 168106676 2937676 4793541 7804631 2448769064 1062447660 1 8415272 1066046416
======================
   8      32 sdc 697303 9 168107876 2938664 4793541 7804631 2448769064 1062447660 1 8416264 1066047408
======================
   8      32 sdc 697455 9 168109092 2939636 4793541 7804631 2448769064 1062447660 1 8417244 1066048388
======================
   8      32 sdc 697604 9 168110284 2940640 4793542 7804631 2448769072 1062447708 1 8418240 1066049432
======================
   8      32 sdc 697758 9 168111516 2941640 4793542 7804631 2448769072 1062447708 1 8419240 1066050432
======================
   8      32 sdc 697907 9 168112708 2942616 4793542 7804631 2448769072 1062447708 1 8420212 1066051404
======================
   8      32 sdc 698058 9 168113916 2943584 4793542 7804631 2448769072 1062447708 1 8421184 1066052376
======================
   8      32 sdc 698204 9 168115084 2944556 4793542 7804631 2448769072 1062447708 1 8422160 1066053352
======================
   8      32 sdc 698351 9 168116260 2945548 4793542 7804631 2448769072 1062447708 1 8423148 1066054340
======================
   8      32 sdc 698508 9 168117516 2946520 4793542 7804631 2448769072 1062447708 1 8424116 1066055308
======================
   8      32 sdc 698657 9 168118708 2947504 4793542 7804631 2448769072 1062447708 1 8425108 1066056300
======================
   8      32 sdc 698803 9 168119876 2948508 4793542 7804631 2448769072 1062447708 1 8426104 1066057296
======================
   8      32 sdc 698962 9 168121148 2949484 4793542 7804631 2448769072 1062447708 1 8427084 1066058276
======================
   8      32 sdc 699118 9 168122396 2950472 4793542 7804631 2448769072 1062447708 1 8428072 1066059264
======================
   8      32 sdc 699281 9 168123700 2951444 4793542 7804631 2448769072 1062447708 1 8429044 1066060236
======================
   8      32 sdc 699432 9 168124908 2952432 4793542 7804631 2448769072 1062447708 1 8430032 1066061224
======================
   8      32 sdc 699587 9 168126148 2953432 4793542 7804631 2448769072 1062447708 1 8431024 1066062216
======================
   8      32 sdc 699739 9 168127364 2954412 4793542 7804631 2448769072 1062447708 1 8432004 1066063196
======================
   8      32 sdc 699892 9 168128588 2955392 4793542 7804631 2448769072 1062447708 1 8432984 1066064176
======================
   8      32 sdc 700050 9 168129852 2956384 4793542 7804631 2448769072 1062447708 1 8433980 1066065172
======================
   8      32 sdc 700198 9 168131036 2957380 4793542 7804631 2448769072 1062447708 1 8434972 1066066164
======================
   8      32 sdc 700343 9 168132196 2958372 4793542 7804631 2448769072 1062447708 1 8435968 1066067160
======================
   8      32 sdc 700492 9 168133388 2959360 4793542 7804631 2448769072 1062447708 1 8436956 1066068148
======================
   8      32 sdc 700654 9 168134684 2960328 4793542 7804631 2448769072 1062447708 1 8437924 1066069116
======================
   8      32 sdc 700800 9 168135852 2961308 4793542 7804631 2448769072 1062447708 1 8438904 1066070096
======================
   8      32 sdc 700947 9 168137028 2962300 4793542 7804631 2448769072 1062447708 1 8439896 1066071088
======================
   8      32 sdc 701086 9 168138140 2963288 4793542 7804631 2448769072 1062447708 1 8440888 1066072080
======================
   8      32 sdc 701238 9 168139356 2964280 4793542 7804631 2448769072 1062447708 1 8441884 1066073076
======================
   8      32 sdc 701354 9 168140284 2965012 4793542 7804631 2448769072 1062447708 0 8442604 1066073796
