======================
   8      32 sdc 392252 5 99244028 870496 1359431 7775081 692390760 313259176 0 2511812 314315400
======================
   8      32 sdc 392252 5 99244028 870496 1359431 7775081 692390760 313259176 0 2511812 314315400
======================
   8      32 sdc 392741 5 99247940 870508 1359431 7775081 692390760 313259176 0 2511824 314315412
======================
   8      32 sdc 392741 5 99247940 870508 1359431 7775081 692390760 313259176 0 2511824 314315412
======================
   8      32 sdc 392781 5 99248260 870724 1362067 7775081 693740392 313273524 147 2512316 314333296
======================
   8      32 sdc 392782 5 99248268 870928 1362692 7775081 694060392 313389188 132 2513316 314459852
======================
   8      32 sdc 392783 5 99248276 870936 1363368 7775081 694406504 313531708 159 2514320 314603472
======================
   8      32 sdc 392785 5 99248292 870964 1364011 7775587 694735232 313670932 133 2515324 314747472
======================
   8      32 sdc 392785 5 99248292 870964 1364011 7775587 694735232 313670932 133 2516328 314881004
======================
   8      32 sdc 392785 5 99248292 870964 1364085 7775587 694773120 313829828 155 2517332 315015716
======================
   8      32 sdc 392785 5 99248292 870964 1364545 7775587 695008640 314043248 112 2518336 315149644
======================
   8      32 sdc 392785 5 99248292 870964 1364545 7775587 695008640 314043248 112 2519340 315262092
======================
   8      32 sdc 392786 5 99248300 872980 1364991 7775587 695236992 314318692 129 2520340 315385428
======================
   8      32 sdc 392788 5 99248316 873416 1365691 7775587 695595392 314461276 149 2521344 315528464
======================
   8      32 sdc 392789 5 99248324 873436 1366560 7775587 696040320 314563076 145 2522348 315673024
======================
   8      32 sdc 392793 5 99248356 874328 1368088 7775587 696822656 314746208 153 2523352 315817928
======================
   8      32 sdc 392796 5 99248380 874600 1369176 7775587 697379712 314894684 152 2524356 315963672
======================
   8      32 sdc 392798 5 99248396 874664 1370201 7775587 697904512 315031408 151 2525360 316107336
======================
   8      32 sdc 392798 5 99248396 874664 1370666 7775587 698142592 315135264 135 2526364 316249812
======================
   8      32 sdc 392798 5 99248396 874664 1370666 7775587 698142592 315135264 135 2527368 316385352
======================
   8      32 sdc 392801 5 99248420 876128 1372129 7775587 698891648 315449692 143 2528372 316528264
======================
   8      32 sdc 392803 5 99248436 876196 1372754 7775587 699211648 315593972 158 2529376 316672088
======================
   8      32 sdc 392804 5 99248444 876236 1373419 7775587 699552128 315737612 133 2530376 316814976
======================
   8      32 sdc 392805 5 99248452 876264 1374088 7775587 699894656 315883800 136 2531380 316959148
======================
   8      32 sdc 392806 5 99248460 876356 1374309 7775587 700007808 315929400 76 2532384 317054772
======================
   8      32 sdc 392806 5 99248460 876356 1374309 7775587 700007808 315929400 76 2533388 317131076
======================
   8      32 sdc 392810 5 99248492 878716 1375975 7775587 700860800 316157228 137 2534396 317235772
======================
   8      32 sdc 392811 5 99248500 878744 1376642 7775587 701202304 316299220 142 2535400 317379588
======================
   8      32 sdc 392812 5 99248508 878972 1377117 7775587 701445504 316438844 147 2536404 317523648
======================
   8      32 sdc 392813 5 99248516 879004 1377771 7775587 701780352 316585952 133 2537408 317667316
======================
   8      32 sdc 392815 5 99248532 879076 1378412 7775587 702108544 316728924 132 2538412 317811188
======================
   8      32 sdc 392816 5 99248540 879132 1379063 7775587 702441856 316873432 156 2539416 317955036
======================
   8      32 sdc 392816 5 99248540 879132 1379389 7775587 702608768 316946240 116 2540420 318084684
======================
   8      32 sdc 392817 5 99248548 880640 1379731 7775587 702783872 317133608 141 2541420 318201780
======================
   8      32 sdc 392819 5 99248564 880692 1380891 7775587 703377792 317252044 150 2542424 318345508
======================
   8      32 sdc 392819 5 99248564 880692 1380891 7775587 703377792 317252044 150 2543428 318496108
======================
   8      32 sdc 392821 5 99248580 881988 1381908 7775587 703898496 317488436 157 2544432 318647620
======================
   8      32 sdc 392823 5 99248596 883416 1382327 7775587 704113024 317732892 153 2545436 318804072
======================
   8      32 sdc 392826 5 99248620 883492 1383485 7775587 704705920 317861200 147 2546440 318948180
======================
   8      32 sdc 392827 5 99248628 883536 1384148 7775587 705045376 318009120 156 2547444 319094236
======================
   8      32 sdc 392828 5 99248636 883780 1384666 7775587 705310592 318149492 150 2548448 319236528
======================
   8      32 sdc 392829 5 99248644 883804 1385286 7775587 705628032 318293560 138 2549452 319380332
======================
   8      32 sdc 392830 5 99248652 883836 1385945 7775587 705965440 318438528 151 2550456 319524104
======================
   8      32 sdc 392832 5 99248668 884056 1386604 7775587 706302848 318580188 132 2551456 319666044
======================
   8      32 sdc 392833 5 99248676 884096 1387244 7775587 706630528 318719572 132 2552460 319809964
======================
   8      32 sdc 392834 5 99248684 884148 1387914 7775587 706973568 318866824 134 2553464 319953708
======================
   8      32 sdc 392835 5 99248692 884188 1388533 7775587 707290496 319010092 155 2554468 320096824
======================
   8      32 sdc 392835 5 99248692 884188 1388599 7775587 707324288 319025384 122 2555472 320221488
======================
   8      32 sdc 392836 5 99248700 885648 1389091 7775587 707576192 319221100 142 2556476 320353564
======================
   8      32 sdc 392840 5 99248732 886380 1390434 7775587 708263808 319407900 142 2557480 320496872
======================
   8      32 sdc 392841 5 99248740 886412 1391066 7775587 708587392 319551708 150 2558484 320640652
======================
   8      32 sdc 392842 5 99248748 886460 1391659 7775587 708891008 319683708 134 2559488 320783784
======================
   8      32 sdc 392842 5 99248748 886460 1391659 7775587 708891008 319683708 134 2560492 320918320
======================
   8      32 sdc 392842 5 99248748 886460 1391659 7775587 708891008 319683708 134 2561496 321052856
======================
   8      32 sdc 392844 5 99248764 888728 1392665 7775587 709406080 320017284 152 2562500 321201464
======================
   8      32 sdc 392847 5 99248788 889984 1394066 7775587 710123392 320254400 158 2563504 321348748
======================
   8      32 sdc 392849 5 99248804 890048 1394733 7775587 710464896 320403912 131 2564508 321493440
======================
   8      32 sdc 392850 5 99248812 890072 1395385 7775587 710798720 320544096 151 2565508 321636184
======================
   8      32 sdc 392851 5 99248820 890100 1396021 7775587 711124352 320687376 155 2566516 321780128
======================
   8      32 sdc 392852 5 99248828 890128 1396665 7775587 711454080 320832020 151 2567520 321923876
======================
   8      32 sdc 392853 5 99248836 890156 1397319 7775587 711788928 320972024 106 2568520 322065192
======================
   8      32 sdc 392855 5 99248852 890356 1397864 7775587 712067968 321087604 73 2569524 322187556
======================
   8      32 sdc 392855 5 99248852 890356 1397864 7775587 712067968 321087604 73 2570528 322260848
======================
   8      32 sdc 392858 5 99248876 892000 1399205 7775587 712754560 321285864 139 2571532 322379400
======================
   8      32 sdc 392859 5 99248884 892028 1399840 7775587 713079680 321423104 145 2572536 322523372
======================
   8      32 sdc 392861 5 99248900 892296 1400378 7775587 713355136 321572892 150 2573540 322667652
======================
   8      32 sdc 392862 5 99248908 892324 1401006 7775587 713676672 321716496 130 2574544 322811264
======================
   8      32 sdc 392862 5 99248908 892324 1401386 7775587 713871232 321803776 135 2575548 322951928
======================
   8      32 sdc 392862 5 99248908 892324 1401386 7775587 713871232 321803776 135 2576552 323087468
======================
   8      32 sdc 392866 5 99248940 893848 1402935 7775587 714664320 322133820 153 2577556 323230864
======================
   8      32 sdc 392867 5 99248948 893880 1403572 7775587 714990464 322278588 156 2578560 323374628
======================
   8      32 sdc 392868 5 99248956 893904 1404206 7775587 715315072 322422712 130 2579564 323518672
======================
   8      32 sdc 392869 5 99248964 893964 1404855 7775587 715647360 322566288 153 2580568 323661916
======================
   8      32 sdc 392870 5 99248972 894024 1405064 7775587 715754368 322620496 41 2581572 323732764
======================
   8      32 sdc 392870 5 99248972 894024 1405064 7775587 715754368 322620496 41 2582576 323773928
======================
   8      32 sdc 392873 5 99248996 896368 1406493 7775587 716486016 322748736 148 2583580 323858688
======================
   8      32 sdc 392873 5 99248996 896368 1406493 7775587 716486016 322748736 148 2584584 324007280
======================
   8      32 sdc 392876 5 99249020 897856 1407861 7775587 717186432 323053264 155 2585588 324153028
======================
   8      32 sdc 392877 5 99249028 897884 1408506 7775587 717516672 323196352 150 2586592 324296872
======================
   8      32 sdc 392879 5 99249044 897948 1409128 7775587 717835136 323337280 136 2587596 324440408
======================
   8      32 sdc 392880 5 99249052 897976 1409743 7775587 718150016 323471988 129 2588600 324582732
======================
   8      32 sdc 392881 5 99249060 898004 1410468 7775587 718521216 323624716 140 2589604 324725420
======================
   8      32 sdc 392882 5 99249068 898076 1411083 7775587 718836096 323766800 144 2590608 324868824
======================
   8      32 sdc 392882 5 99249068 898076 1411156 7775587 718873472 323784424 93 2591608 324965628
======================
   8      32 sdc 392883 5 99249076 899556 1411627 7775587 719114624 323935972 134 2592612 325079460
======================
   8      32 sdc 392885 5 99249092 900880 1412260 7775587 719438720 324129516 140 2593616 325226148
======================
   8      32 sdc 392889 5 99249124 901644 1413671 7775587 720161152 324283560 137 2594620 325375996
======================
   8      32 sdc 392890 5 99249132 901668 1414273 7775587 720469376 324414872 143 2595624 325519524
======================
   8      32 sdc 392890 5 99249132 901668 1414660 7775587 720667520 324503700 141 2596628 325662124
======================
   8      32 sdc 392890 5 99249132 901668 1414660 7775587 720667520 324503700 141 2597632 325803688
======================
   8      32 sdc 392891 5 99249140 903324 1415160 7775587 720923520 324757676 153 2598636 325953292
======================
   8      32 sdc 392894 5 99249164 904092 1416662 7775587 721692544 324989684 154 2599640 326097912
======================
   8      32 sdc 392896 5 99249180 904168 1417330 7775587 722034560 325135484 158 2600644 326241764
======================
   8      32 sdc 392897 5 99249188 904220 1417977 7775587 722365824 325278852 151 2601648 326385792
======================
   8      32 sdc 392898 5 99249196 904248 1418613 7775587 722691456 325422684 155 2602648 326528956
======================
   8      32 sdc 392899 5 99249204 904292 1419245 7775587 723015040 325566452 131 2603652 326672780
======================
   8      32 sdc 392901 5 99249220 904460 1419865 7775587 723332480 325708104 135 2604656 326812244
======================
   8      32 sdc 392901 5 99249220 904460 1420347 7775587 723579264 325809844 86 2605660 326937564
======================
   8      32 sdc 392901 5 99249220 904460 1420347 7775587 723579264 325809844 86 2606664 327023908
======================
   8      32 sdc 392905 5 99249252 906016 1421805 7775587 724325760 326051248 131 2607668 327159456
======================
   8      32 sdc 392907 5 99249268 906084 1422446 7775587 724653952 326195584 130 2608672 327303220
======================
   8      32 sdc 392908 5 99249276 906348 1422949 7775587 724911488 326325480 139 2609676 327445636
======================
   8      32 sdc 392909 5 99249284 906376 1423568 7775587 725228416 326481020 128 2610680 327589496
======================
   8      32 sdc 392910 5 99249292 906412 1424197 7775587 725550464 326625372 139 2611684 327733596
======================
   8      32 sdc 392911 5 99249300 906460 1424867 7775587 725893504 326768952 141 2612684 327876768
======================
   8      32 sdc 392913 5 99249316 906544 1425532 7775587 726233984 326912112 148 2613688 328020180
======================
   8      32 sdc 392914 5 99249324 906596 1426203 7775587 726577536 327055976 151 2614692 328163820
======================
   8      32 sdc 392915 5 99249332 906648 1426808 7775587 726887296 327193240 155 2615696 328306848
======================
   8      32 sdc 392916 5 99249340 906760 1427450 7775587 727216000 327338868 151 2616700 328448112
======================
   8      32 sdc 392917 5 99249348 906800 1428033 7775587 727514496 327466712 80 2617704 328581628
======================
   8      32 sdc 392917 5 99249348 906800 1428033 7775587 727514496 327466712 80 2618708 328661948
======================
   8      32 sdc 392921 5 99249380 908372 1429391 7775587 728209792 327676556 129 2619712 328787052
======================
   8      32 sdc 392921 5 99249380 908372 1429498 7775587 728264576 327700308 151 2620716 328937464
======================
   8      32 sdc 392923 5 99249396 910028 1430514 7775587 728784768 327983576 159 2621720 329087492
======================
   8      32 sdc 392923 5 99249396 910028 1430514 7775587 728784768 327983576 159 2622724 329247128
======================
   8      32 sdc 392924 5 99249404 911476 1431033 7775587 729050496 328224452 152 2623728 329401464
======================
   8      32 sdc 392926 5 99249420 912252 1432064 7775587 729578368 328366304 145 2624728 329547168
======================
   8      32 sdc 392928 5 99249436 913708 1432747 7775587 729928064 328591084 133 2625732 329692484
======================
   8      32 sdc 392930 5 99249452 913764 1433698 7775587 730414976 328720312 142 2626736 329836144
======================
   8      32 sdc 392931 5 99249460 913808 1434351 7775587 730749824 328863920 129 2627740 329979612
======================
   8      32 sdc 392932 5 99249468 913852 1434982 7775587 731072384 329007024 138 2628744 330123312
======================
   8      32 sdc 392933 5 99249476 913916 1435647 7775587 731413376 329151128 146 2629748 330266516
======================
   8      32 sdc 392934 5 99249484 914672 1435686 7775587 731432832 329160704 107 2630752 330376428
======================
   8      32 sdc 392935 5 99249492 915428 1436177 7775587 731684224 329337704 128 2631756 330495196
======================
   8      32 sdc 392937 5 99249508 916184 1437177 7775587 732196224 329456976 152 2632760 330638504
======================
   8      32 sdc 392937 5 99249508 916184 1437177 7775587 732196224 329456976 152 2633764 330791112
======================
   8      32 sdc 392940 5 99249532 917996 1438684 7775587 732967808 329816952 148 2634768 330936724
======================
   8      32 sdc 392942 5 99249548 918072 1439322 7775587 733294464 329958368 150 2635768 331079920
======================
   8      32 sdc 392943 5 99249556 918100 1439941 7775587 733611392 330102704 139 2636772 331223708
======================
   8      32 sdc 392944 5 99249564 918124 1440576 7775587 733936512 330247548 144 2637776 331367480
======================
   8      32 sdc 392945 5 99249572 918164 1441176 7775587 734243712 330377620 152 2638780 331512024
======================
   8      32 sdc 392947 5 99249588 918228 1441884 7775587 734606208 330534320 138 2639784 331654556
======================
   8      32 sdc 392948 5 99249596 918264 1442515 7775587 734929280 330676932 133 2640788 331797500
======================
   8      32 sdc 392949 5 99249604 918316 1443171 7775587 735265152 330820500 149 2641792 331940704
======================
   8      32 sdc 392951 5 99249620 918476 1443803 7775587 735588736 330957572 153 2642800 332078424
======================
   8      32 sdc 392951 5 99249620 918476 1443835 7775587 735605120 330964568 150 2643804 332228652
======================
   8      32 sdc 392954 5 99249644 919980 1445038 7775587 736221056 331252692 130 2644808 332375660
======================
   8      32 sdc 392955 5 99249652 920004 1445675 7775587 736547200 331396504 133 2645812 332519644
======================
   8      32 sdc 392956 5 99249660 920240 1446183 7775587 736807296 331540392 137 2646816 332663384
======================
   8      32 sdc 392957 5 99249668 920272 1446839 7775587 737143168 331686820 153 2647816 332807624
======================
   8      32 sdc 392959 5 99249684 920360 1447465 7775587 737463680 331826524 135 2648820 332951392
======================
   8      32 sdc 392960 5 99249692 920412 1448111 7775587 737794944 331972708 129 2649824 333095076
======================
   8      32 sdc 392961 5 99249700 920472 1448770 7775587 738131840 332114624 150 2650828 333238504
======================
   8      32 sdc 392961 5 99249700 920472 1449000 7775587 738249600 332167896 105 2651832 333357068
======================
   8      32 sdc 392963 5 99249716 922052 1449807 7775587 738662784 332356948 130 2652836 333467484
======================
   8      32 sdc 392965 5 99249732 922100 1450664 7775587 739101568 332488228 136 2653840 333611696
======================
   8      32 sdc 392967 5 99249748 922184 1451323 7775587 739438976 332630408 153 2654844 333754840
======================
   8      32 sdc 392968 5 99249756 922212 1451988 7775587 739779456 332773772 156 2655844 333897736
======================
   8      32 sdc 392968 5 99249756 922212 1452049 7775587 739810688 332786756 128 2656848 334027664
======================
   8      32 sdc 392969 5 99249764 923732 1452539 7775587 740061568 332997880 150 2657852 334165204
======================
   8      32 sdc 392972 5 99249788 924860 1453734 7775587 740673408 333194588 138 2658856 334314216
======================
   8      32 sdc 392973 5 99249796 924888 1454377 7775587 741002624 333329864 135 2659860 334457612
======================
   8      32 sdc 392974 5 99249804 924928 1455014 7775587 741328768 333473956 138 2660864 334601772
======================
   8      32 sdc 392976 5 99249820 925028 1455664 7775587 741661568 333617252 128 2661868 334744892
======================
   8      32 sdc 392977 5 99249828 925052 1456313 7775587 741993856 333760680 151 2662872 334889052
======================
   8      32 sdc 392978 5 99249836 925084 1456958 7775587 742324096 333904436 146 2663876 335032776
======================
   8      32 sdc 392979 5 99249844 925132 1457595 7775587 742650240 334048016 149 2664880 335176324
======================
   8      32 sdc 392980 5 99249852 925232 1458238 7775587 742979456 334190056 83 2665880 335314852
======================
   8      32 sdc 392980 5 99249852 925232 1458263 7775587 742992256 334195632 58 2666884 335373744
======================
   8      32 sdc 392982 5 99249868 926784 1458688 7775587 743209856 334294704 145 2667888 335478708
======================
   8      32 sdc 392985 5 99249892 927416 1460128 7775587 743947136 334491688 144 2668892 335622700
======================
   8      32 sdc 392986 5 99249900 927444 1460738 7775587 744259456 334626472 143 2669896 335766472
======================
   8      32 sdc 392986 5 99249900 927444 1460738 7775587 744259456 334626472 143 2670900 335910044
======================
   8      32 sdc 392988 5 99249916 929120 1461761 7775587 744783232 334900356 144 2671904 336053308
======================
   8      32 sdc 392988 5 99249916 929120 1461761 7775587 744783232 334900356 144 2672908 336197884
======================
   8      32 sdc 392991 5 99249940 930720 1463144 7775587 745491328 335209792 136 2673912 336343244
======================
   8      32 sdc 392993 5 99249956 930784 1463803 7775587 745828736 335352156 149 2674916 336487016
======================
   8      32 sdc 392994 5 99249964 930828 1464444 7775587 746156928 335496076 148 2675920 336630116
======================
   8      32 sdc 392995 5 99249972 930896 1465089 7775587 746487168 335639392 155 2676920 336772532
======================
   8      32 sdc 392996 5 99249980 930968 1465737 7775587 746818944 335781696 128 2677924 336914716
======================
   8      32 sdc 392997 5 99249988 931056 1466366 7775587 747140992 335921376 115 2678928 337054544
======================
   8      32 sdc 392998 5 99249996 931176 1466406 7775587 747161472 335930992 75 2679932 337131868
======================
   8      32 sdc 393001 5 99250020 932692 1467594 7775587 747769728 336101764 134 2680936 337237684
======================
   8      32 sdc 393002 5 99250028 932716 1468226 7775587 748093312 336245772 142 2681940 337381452
======================
   8      32 sdc 393003 5 99250036 932760 1468873 7775587 748424576 336389748 135 2682944 337525284
======================
   8      32 sdc 393004 5 99250044 933000 1469369 7775587 748678528 336532028 151 2683944 337667532
======================
   8      32 sdc 393005 5 99250052 933024 1469922 7775587 748961664 336656984 143 2684948 337811068
======================
   8      32 sdc 393005 5 99250052 933024 1469922 7775587 748961664 336656984 143 2685952 337954640
======================
   8      32 sdc 393008 5 99250076 934472 1471274 7775587 749653888 336959688 134 2686956 338097872
======================
   8      32 sdc 393009 5 99250084 934504 1471885 7775587 749966720 337103560 131 2687960 338241440
======================
   8      32 sdc 393010 5 99250092 934540 1472491 7775587 750276992 337246352 134 2688964 338385032
======================
   8      32 sdc 393012 5 99250108 935424 1473163 7775587 750621056 337388832 133 2689968 338520708
======================
   8      32 sdc 393013 5 99250116 935452 1473826 7775587 750960512 337526520 142 2690968 338664124
======================
   8      32 sdc 393014 5 99250124 935504 1474030 7775587 751064960 337570868 131 2691976 338800224
======================
   8      32 sdc 393015 5 99250132 936964 1474520 7775587 751315840 337786508 153 2692980 338935976
======================
   8      32 sdc 393018 5 99250156 937740 1475682 7775587 751910784 337943428 142 2693980 339083732
======================
   8      32 sdc 393019 5 99250164 937772 1476334 7775587 752244608 338087236 130 2694984 339227204
======================
   8      32 sdc 393020 5 99250172 937992 1476840 7775587 752503680 338230268 136 2695988 339370968
======================
   8      32 sdc 393021 5 99250180 938016 1477474 7775587 752828288 338375428 142 2696992 339514464
======================
   8      32 sdc 393021 5 99250180 938016 1477602 7775587 752893824 338401336 143 2697996 339658088
======================
   8      32 sdc 393024 5 99250204 939492 1478747 7775587 753480064 338658512 149 2699000 339801052
======================
   8      32 sdc 393025 5 99250212 939520 1479377 7775587 753802624 338802060 135 2700004 339944560
======================
   8      32 sdc 393026 5 99250220 939564 1480007 7775587 754125184 338947372 137 2701008 340086468
======================
   8      32 sdc 393027 5 99250228 939592 1480638 7775587 754448256 339087476 146 2702012 340230316
======================
   8      32 sdc 393029 5 99250244 939700 1481272 7775587 754772864 339230236 129 2703016 340373576
======================
   8      32 sdc 393031 5 99250260 939816 1481899 7775587 755093888 339369592 141 2704028 340515452
======================
   8      32 sdc 393032 5 99250268 939896 1482545 7775587 755424640 339513552 151 2705032 340657624
======================
   8      32 sdc 393033 5 99250276 939940 1483186 7775587 755752832 339668732 144 2706036 340802932
======================
   8      32 sdc 393035 5 99250292 940092 1483834 7775587 756084608 339796868 150 2707040 340941064
======================
   8      32 sdc 393036 5 99250300 940124 1484339 7775587 756343168 339915048 157 2708044 341087284
======================
   8      32 sdc 393036 5 99250300 940124 1484778 7775587 756567936 340045208 135 2709048 341228852
======================
   8      32 sdc 393036 5 99250300 940124 1484778 7775587 756567936 340045208 135 2710052 341364392
======================
   8      32 sdc 393039 5 99250324 941548 1486257 7775587 757325184 340362132 143 2711056 341506844
======================
   8      32 sdc 393039 5 99250324 941548 1486299 7775587 757346688 340370952 150 2712060 341657144
======================
   8      32 sdc 393040 5 99250332 942956 1486811 7775587 757608832 340604444 150 2713064 341806876
======================
   8      32 sdc 393043 5 99250356 943776 1488133 7775587 758285696 340803228 139 2714064 341951528
======================
   8      32 sdc 393043 5 99250356 943776 1488347 7775587 758395264 340853044 150 2715072 342100264
======================
   8      32 sdc 393044 5 99250364 945200 1488856 7775587 758655872 341089812 153 2716076 342250440
======================
   8      32 sdc 393048 5 99250396 945976 1490024 7775587 759253888 341248612 136 2717076 342398260
======================
   8      32 sdc 393049 5 99250404 946000 1490661 7775587 759580032 341392528 139 2718080 342542116
======================
   8      32 sdc 393050 5 99250412 946048 1491308 7775587 759911296 341536636 132 2719084 342686116
======================
   8      32 sdc 393051 5 99250420 946088 1491942 7775587 760235904 341677140 139 2720088 342829664
======================
   8      32 sdc 393052 5 99250428 946420 1492440 7775587 760490880 341821232 153 2721092 342971500
======================
   8      32 sdc 393052 5 99250428 946420 1492445 7775587 760493440 341822280 148 2722096 343120120
======================
   8      32 sdc 393054 5 99250444 947908 1493468 7775587 761017216 342079768 149 2723100 343267556
======================
   8      32 sdc 393054 5 99250444 947908 1493468 7775587 761017216 342079768 149 2724104 343417152
======================
   8      32 sdc 393057 5 99250468 949376 1494962 7775587 761782144 342407976 142 2725108 343560996
======================
   8      32 sdc 393058 5 99250476 949408 1495524 7775587 762069888 342536528 141 2726112 343704968
======================
   8      32 sdc 393058 5 99250476 949408 1495524 7775587 762069888 342536528 141 2727116 343846532
======================
   8      32 sdc 393060 5 99250492 950872 1496538 7775587 762589056 342776000 151 2728124 343993648
======================
   8      32 sdc 393061 5 99250500 952328 1496885 7775587 762766720 343001920 142 2729128 344144532
======================
   8      32 sdc 393063 5 99250516 952368 1497555 7775587 763109760 343022984 158 2730128 344300300
======================
   8      32 sdc 393066 5 99250540 953852 1498719 7775587 763706240 343294412 145 2731132 344452164
======================
   8      32 sdc 393067 5 99250548 953888 1499377 7775587 764042624 343437372 159 2732136 344594944
======================
   8      32 sdc 393067 5 99250548 953888 1499618 7775587 764166016 343489848 143 2733140 344739384
======================
   8      32 sdc 393067 5 99250548 953888 1499618 7775587 764166016 343489848 143 2734144 344882956
======================
   8      32 sdc 393069 5 99250564 955664 1500643 7775587 764690816 343777624 142 2735148 345025200
======================
   8      32 sdc 393072 5 99250588 957124 1501735 7775587 765249920 344010528 137 2736152 345167480
======================
   8      32 sdc 393073 5 99250596 957156 1502378 7775587 765579136 344149184 134 2737152 345310648
======================
   8      32 sdc 393074 5 99250604 957192 1502936 7775587 765864832 344274304 152 2738156 345455116
======================
   8      32 sdc 393075 5 99250612 957228 1503668 7775587 766239616 344438404 156 2739160 345599316
======================
   8      32 sdc 393076 5 99250620 957288 1504255 7775587 766540160 344570068 114 2740164 345740064
======================
   8      32 sdc 393076 5 99250620 957288 1504255 7775587 766540160 344570068 114 2741168 345854520
======================
   8      32 sdc 393078 5 99250636 958832 1504745 7775587 766791040 344760156 136 2742172 345982900
======================
   8      32 sdc 393080 5 99250652 960252 1505320 7775587 767085440 344929028 136 2743176 346131292
======================
   8      32 sdc 393081 5 99250660 960272 1506266 7775587 767569792 345006696 151 2744180 346280944
======================
   8      32 sdc 393084 5 99250684 961716 1507340 7775587 768119680 345249384 132 2745184 346429880
======================
   8      32 sdc 393085 5 99250692 961764 1507921 7775587 768417152 345407416 159 2746188 346574108
======================
   8      32 sdc 393086 5 99250700 961816 1508556 7775587 768742272 345551928 132 2747192 346718008
======================
   8      32 sdc 393086 5 99250700 961816 1508846 7775587 768890752 345615332 131 2748196 346854864
======================
   8      32 sdc 393087 5 99250708 963340 1509336 7775587 769141632 345833152 153 2749200 346987208
======================
   8      32 sdc 393090 5 99250732 963408 1510410 7775587 769691520 345964776 134 2750204 347131188
======================
   8      32 sdc 393091 5 99250740 963440 1511073 7775587 770030976 346107216 143 2751204 347274656
======================
   8      32 sdc 393092 5 99250748 963472 1511736 7775587 770370432 346251236 152 2752208 347418572
======================
   8      32 sdc 393093 5 99250756 963528 1512394 7775587 770707328 346395064 139 2753212 347562472
======================
   8      32 sdc 393093 5 99250756 963528 1512447 7775587 770734464 346406452 114 2754216 347678508
======================
   8      32 sdc 393093 5 99250756 963528 1512447 7775587 770734464 346406452 114 2755220 347792964
======================
   8      32 sdc 393094 5 99250764 965816 1512449 7775587 770735488 346411320 112 2756224 347906012
======================
   8      32 sdc 393099 5 99250804 967204 1514765 7775587 771921280 346868096 131 2757228 348027880
======================
   8      32 sdc 393100 5 99250812 967436 1515258 7775587 772173696 347001572 150 2758232 348173852
======================
   8      32 sdc 393101 5 99250820 967460 1515908 7775587 772506496 347145360 140 2759232 348316932
======================
   8      32 sdc 393103 5 99250836 967552 1516543 7775587 772831616 347286204 146 2760236 348460544
======================
   8      32 sdc 393103 5 99250836 967552 1517041 7775587 773086592 347400840 128 2761240 348600572
======================
   8      32 sdc 393103 5 99250836 967552 1517041 7775587 773086592 347400840 128 2762244 348729084
======================
   8      32 sdc 393106 5 99250860 969100 1518417 7775587 773791104 347694620 154 2763248 348868300
======================
   8      32 sdc 393107 5 99250868 969128 1519055 7775587 774118272 347838664 129 2764252 349012020
======================
   8      32 sdc 393109 5 99250884 969208 1519697 7775587 774446464 347981860 143 2765256 349155780
======================
   8      32 sdc 393109 5 99250884 969208 1520115 7775587 774660480 348074068 126 2766256 349292696
======================
   8      32 sdc 393109 5 99250884 969208 1520115 7775587 774660480 348074068 126 2767260 349419200
======================
   8      32 sdc 393113 5 99250916 970740 1521616 7775587 775428992 348386500 128 2768264 349560964
======================
   8      32 sdc 393115 5 99250932 970812 1522261 7775587 775759232 348529388 155 2769268 349704624
======================
   8      32 sdc 393116 5 99250940 971044 1522742 7775587 776005504 348657860 154 2770272 349846876
======================
   8      32 sdc 393117 5 99250948 971068 1523388 7775587 776336256 348815620 148 2771276 349990768
======================
   8      32 sdc 393118 5 99250956 971108 1524052 7775587 776676224 348962048 156 2772280 350136856
======================
   8      32 sdc 393119 5 99250964 971148 1524716 7775587 777016192 349105236 133 2773284 350280172
======================
   8      32 sdc 393119 5 99250964 971148 1524720 7775587 777018240 349106176 129 2774288 350409700
======================
   8      32 sdc 393122 5 99250988 972700 1525946 7775587 777645952 349368280 150 2775292 350546424
======================
   8      32 sdc 393123 5 99250996 972728 1526577 7775587 777969024 349513304 159 2776292 350689808
======================
   8      32 sdc 393124 5 99251004 972764 1527157 7775587 778265984 349642304 155 2777296 350834804
======================
   8      32 sdc 393126 5 99251020 972876 1527817 7775587 778603904 349791340 104 2778300 350975280
======================
   8      32 sdc 393126 5 99251020 972876 1527817 7775587 778603904 349791340 104 2779304 351079696
======================
   8      32 sdc 393129 5 99251044 974360 1529121 7775587 779271552 350029600 143 2780308 351208224
======================
   8      32 sdc 393130 5 99251052 974388 1529770 7775587 779603840 350172980 134 2781312 351352700
======================
   8      32 sdc 393131 5 99251060 974420 1530340 7775587 779895680 350302832 141 2782316 351496304
======================
   8      32 sdc 393133 5 99251076 974676 1530887 7775587 780175744 350458020 137 2783320 351639168
======================
   8      32 sdc 393134 5 99251084 974704 1531519 7775587 780499328 350602560 145 2784320 351782108
======================
   8      32 sdc 393134 5 99251084 974704 1531882 7775587 780685184 350682180 135 2785324 351922232
======================
   8      32 sdc 393135 5 99251092 976156 1532115 7775587 780804480 350891236 138 2786328 352057956
======================
   8      32 sdc 393138 5 99251116 976228 1533434 7775587 781479808 351019988 150 2787332 352201960
======================
   8      32 sdc 393139 5 99251124 976256 1534079 7775587 781810048 351164728 145 2788336 352345972
======================
   8      32 sdc 393140 5 99251132 976284 1534726 7775587 782141312 351308468 138 2789340 352489664
======================
   8      32 sdc 393140 5 99251132 976284 1534931 7775587 782246272 351353488 126 2790344 352621456
======================
   8      32 sdc 393143 5 99251156 977884 1535763 7775587 782672256 351581836 133 2791348 352750440
======================
   8      32 sdc 393145 5 99251172 977944 1536570 7775587 783085440 351711844 150 2792352 352894888
======================
   8      32 sdc 393146 5 99251180 977992 1537233 7775587 783424896 351857600 159 2793356 353039380
======================
   8      32 sdc 393147 5 99251188 978028 1537897 7775587 783764864 352000852 135 2794360 353183700
======================
   8      32 sdc 393147 5 99251188 978028 1538004 7775587 783819648 352026400 125 2795360 353313888
======================
   8      32 sdc 393149 5 99251204 979796 1538800 7775587 784227200 352271484 128 2796364 353441832
======================
   8      32 sdc 393149 5 99251204 979796 1539003 7775587 784331136 352276212 150 2797368 353592072
======================
   8      32 sdc 393150 5 99251212 981168 1539514 7775587 784592768 352492880 151 2798372 353742348
======================
   8      32 sdc 393153 5 99251236 981944 1540909 7775587 785307008 352701736 131 2799376 353888644
======================
   8      32 sdc 393154 5 99251244 981976 1541570 7775587 785645440 352845012 143 2800380 354032604
======================
   8      32 sdc 393156 5 99251260 982064 1542209 7775587 785972608 352988464 143 2801384 354176044
======================
   8      32 sdc 393157 5 99251268 982092 1542839 7775587 786295168 353132328 153 2802388 354319772
======================
   8      32 sdc 393158 5 99251276 982192 1543141 7775587 786449792 353200796 108 2803392 354444292
======================
   8      32 sdc 393159 5 99251284 983656 1543402 7775587 786583424 353379588 132 2804396 354554032
======================
   8      32 sdc 393162 5 99251308 983732 1544694 7775587 787244928 353505432 154 2805400 354694908
======================
   8      32 sdc 393163 5 99251316 983772 1545346 7775587 787578752 353649636 142 2806400 354838108
======================
   8      32 sdc 393164 5 99251324 983824 1545987 7775587 787906944 353792800 141 2807404 354981604
======================
   8      32 sdc 393164 5 99251324 983824 1546195 7775587 788013440 353839192 126 2808408 355113372
======================
   8      32 sdc 393167 5 99251348 985324 1547260 7775587 788558720 354059932 148 2809412 355244252
======================
   8      32 sdc 393167 5 99251348 985324 1547707 7775587 788787584 354157140 150 2810416 355389692
======================
   8      32 sdc 393167 5 99251348 985324 1547707 7775587 788787584 354157140 150 2811420 355540292
======================
   8      32 sdc 393170 5 99251372 987052 1549000 7775587 789449600 354494048 136 2812424 355686400
======================
   8      32 sdc 393171 5 99251380 987080 1549663 7775587 789789056 354637768 145 2813424 355829272
======================
   8      32 sdc 393173 5 99251396 987164 1550321 7775587 790125952 354780684 143 2814428 355972788
======================
   8      32 sdc 393175 5 99251412 987320 1550883 7775587 790413696 354907992 155 2815432 356114416
======================
   8      32 sdc 393176 5 99251420 987360 1551551 7775587 790755712 355066660 148 2816436 356259400
======================
   8      32 sdc 393177 5 99251428 987416 1552182 7775587 791078784 355210600 130 2817440 356402584
======================
   8      32 sdc 393178 5 99251436 987448 1552829 7775587 791410048 355354136 148 2818444 356546476
======================
   8      32 sdc 393180 5 99251452 987564 1553463 7775587 791734656 355496724 131 2819448 356689396
======================
   8      32 sdc 393181 5 99251460 987612 1554108 7775587 792064896 355640240 156 2820452 356832632
======================
   8      32 sdc 393181 5 99251460 987612 1554452 7775587 792241024 355715300 61 2821456 356931716
======================
   8      32 sdc 393182 5 99251468 989192 1554690 7775587 792362880 355815768 141 2822460 356995764
======================
   8      32 sdc 393185 5 99251492 989260 1555987 7775587 793026944 355943304 157 2823464 357138448
======================
   8      32 sdc 393186 5 99251500 989312 1556612 7775587 793346944 356087400 140 2824464 357281804
======================
   8      32 sdc 393187 5 99251508 989340 1557251 7775587 793674112 356231664 141 2825468 357425628
======================
   8      32 sdc 393188 5 99251516 989388 1557897 7775587 794004864 356374712 135 2826472 357568800
======================
   8      32 sdc 393190 5 99251532 989552 1558500 7775587 794313600 356510952 109 2827476 357710796
======================
   8      32 sdc 393192 5 99251548 989596 1559151 7775587 794646912 356658664 135 2828480 357853292
======================
   8      32 sdc 393193 5 99251556 989632 1559799 7775587 794978688 356802328 153 2829484 357996920
======================
   8      32 sdc 393194 5 99251564 989672 1560450 7775587 795312000 356945488 142 2830488 358140536
======================
   8      32 sdc 393195 5 99251572 989732 1561043 7775587 795615616 357087608 126 2831492 358283212
======================
   8      32 sdc 393197 5 99251588 990020 1561561 7775587 795880832 357228620 151 2832492 358423872
======================
   8      32 sdc 393197 5 99251588 990020 1562048 7775587 796130176 357335500 145 2833496 358568184
======================
   8      32 sdc 393197 5 99251588 990020 1562048 7775587 796130176 357335500 145 2834504 358714344
======================
   8      32 sdc 393200 5 99251612 991468 1563494 7775587 796870528 357660352 138 2835508 358858480
======================
   8      32 sdc 393200 5 99251612 991468 1563579 7775587 796914048 357680280 150 2836512 359008100
======================
   8      32 sdc 393202 5 99251628 993008 1564600 7775587 797436800 357946008 153 2837516 359157720
======================
   8      32 sdc 393202 5 99251628 993008 1564600 7775587 797436800 357946008 153 2838520 359311332
======================
   8      32 sdc 393204 5 99251644 994440 1565619 7775587 797958528 358187052 158 2839524 359465804
======================
   8      32 sdc 393207 5 99251668 995904 1566383 7775587 798349696 358434660 130 2840528 359621912
======================
   8      32 sdc 393209 5 99251684 995964 1567229 7775587 798782848 358563080 147 2841532 359766004
======================
   8      32 sdc 393210 5 99251692 996012 1567875 7775587 799113600 358708244 141 2842536 359909972
======================
   8      32 sdc 393211 5 99251700 996068 1568505 7775587 799436160 358851188 153 2843536 360052944
======================
   8      32 sdc 393212 5 99251708 996112 1568999 7775587 799689088 358997512 137 2844540 360199128
======================
   8      32 sdc 393213 5 99251716 996160 1569628 7775587 800011136 359140716 148 2845544 360342736
======================
   8      32 sdc 393214 5 99251724 996252 1570278 7775587 800343936 359283192 107 2846548 360483724
======================
   8      32 sdc 393216 5 99251740 996400 1570925 7775587 800675200 359423196 133 2847552 360622728
======================
   8      32 sdc 393217 5 99251748 996484 1571560 7775587 801000320 359563800 153 2848556 360765748
======================
   8      32 sdc 393218 5 99251756 996540 1572199 7775587 801327488 359706500 157 2849560 360908132
======================
   8      32 sdc 393218 5 99251756 996540 1572386 7775587 801423232 359747992 47 2850564 360976292
======================
   8      32 sdc 393221 5 99251780 998164 1573442 7775587 801963904 359852436 142 2851568 361050232
======================
   8      32 sdc 393223 5 99251796 998204 1574027 7775587 802263424 359987708 133 2852572 361194436
======================
   8      32 sdc 393224 5 99251804 998236 1574688 7775587 802601856 360134776 144 2853576 361338204
======================
   8      32 sdc 393225 5 99251812 998280 1575352 7775587 802941824 360278428 153 2854580 361481492
======================
   8      32 sdc 393227 5 99251828 998416 1575999 7775587 803273088 360420860 132 2855584 361623636
======================
   8      32 sdc 393227 5 99251828 998416 1576436 7775587 803496832 360514148 93 2856592 361748372
======================
   8      32 sdc 393227 5 99251828 998416 1576436 7775587 803496832 360514148 93 2857592 361841372
======================
   8      32 sdc 393230 5 99251852 1000016 1577903 7775587 804247936 360772340 129 2858596 361977308
======================
   8      32 sdc 393232 5 99251868 1000084 1578544 7775587 804576128 360915476 128 2859600 362120912
======================
   8      32 sdc 393233 5 99251876 1000108 1579185 7775587 804904320 361059128 151 2860604 362264420
======================
   8      32 sdc 393233 5 99251876 1000108 1579474 7775587 805052288 361125780 127 2861608 362401760
======================
   8      32 sdc 393235 5 99251892 1001564 1580349 7775587 805500288 361336900 147 2862612 362531996
======================
   8      32 sdc 393236 5 99251900 1001588 1580986 7775587 805826432 361468456 151 2863616 362675800
======================
   8      32 sdc 393239 5 99251924 1001692 1581598 7775587 806139776 361610688 146 2864624 362820288
======================
   8      32 sdc 393240 5 99251932 1001720 1582229 7775587 806462848 361756696 155 2865628 362963908
======================
   8      32 sdc 393241 5 99251940 1001780 1582843 7775587 806777216 361897960 153 2866632 363107108
======================
   8      32 sdc 393242 5 99251948 1001828 1583513 7775587 807120256 362043724 152 2867636 363250484
======================
   8      32 sdc 393243 5 99251956 1001916 1584154 7775587 807448448 362185404 55 2868640 363395872
======================
   8      32 sdc 393243 5 99251956 1001916 1584184 7775587 807463808 362193904 25 2869644 363421844
======================
   8      32 sdc 393246 5 99251980 1003620 1585412 7776026 808092024 362294788 148 2870644 363503312
======================
   8      32 sdc 393246 5 99251980 1003620 1585753 7776026 808266112 362371004 1 2871648 363564912
======================
   8      32 sdc 393246 5 99251980 1003620 1585753 7776026 808266112 362371004 1 2872652 363565916
======================
   8      32 sdc 393248 5 99251996 1005380 1586777 7776026 808790400 362382032 1 2873656 363577892
======================
   8      32 sdc 393251 5 99252020 1006952 1587911 7776026 809371008 362411940 151 2874660 363623908
======================
   8      32 sdc 393252 5 99252028 1007020 1588576 7776037 809710568 362539192 157 2875664 363751196
======================
   8      32 sdc 393253 5 99252036 1007088 1589231 7776037 810045928 362681332 109 2876668 363893688
======================
   8      32 sdc 393254 5 99252044 1007360 1589339 7776037 810101224 362706532 1 2877672 363904260
======================
   8      32 sdc 393255 5 99252052 1008852 1589851 7776037 810363368 362709648 1 2878676 363908348
======================
   8      32 sdc 393258 5 99252076 1009724 1591066 7776037 810985448 362754560 155 2879680 363969664
======================
   8      32 sdc 393259 5 99252084 1009796 1591714 7776047 811316296 362879272 158 2880680 364094172
======================
   8      32 sdc 393261 5 99252100 1010096 1592347 7776047 811640392 363008784 155 2881684 364223264
======================
   8      32 sdc 393262 5 99252108 1010168 1592994 7776047 811971656 363149584 139 2882688 364364572
======================
   8      32 sdc 393263 5 99252116 1010240 1593631 7776047 812297800 363291660 141 2883692 364507692
======================
   8      32 sdc 393263 5 99252116 1010240 1593949 7776047 812460616 363364396 1 2884696 364564904
======================
   8      32 sdc 393264 5 99252124 1011928 1594463 7776056 812722848 363366212 1 2885700 364567692
======================
   8      32 sdc 393266 5 99252140 1011996 1595486 7776056 813246624 363487616 2 2886704 364689596
======================
   8      32 sdc 393267 5 99252148 1012220 1595999 7776056 813509280 363582144 1 2887708 364784332
======================
   8      32 sdc 393267 5 99252148 1012220 1595999 7776056 813509280 363582144 1 2888712 364785336
======================
   8      32 sdc 393268 5 99252156 1013860 1596511 7776056 813771424 363585268 1 2889716 364789436
======================
   8      32 sdc 393273 5 99252196 1014784 1598030 7776068 814549152 363701000 114 2890720 364919616
======================
   8      32 sdc 393273 5 99252196 1014784 1598561 7776068 814820112 363800704 1 2891720 365005444
======================
   8      32 sdc 393273 5 99252196 1014784 1598561 7776068 814820112 363800704 1 2892724 365006448
======================
   8      32 sdc 393274 5 99252204 1016692 1599073 7776068 815082256 363804008 1 2893728 365010728
======================
   8      32 sdc 393277 5 99252228 1017536 1600447 7776068 815785744 363878484 153 2894732 365100556
======================
   8      32 sdc 393279 5 99252244 1017676 1601104 7776078 816122640 364019728 114 2895736 365241340
======================
   8      32 sdc 393280 5 99252252 1017792 1601769 7776078 816461680 364144212 135 2896740 365366936
======================
   8      32 sdc 393281 5 99252260 1017864 1602382 7776078 816775536 364285104 141 2897744 365509680
======================
   8      32 sdc 393281 5 99252260 1017864 1602659 7776078 816917360 364350732 1 2898748 365558876
======================
   8      32 sdc 393283 5 99252276 1019552 1603615 7776078 817406832 364356212 69 2899752 365567612
======================
   8      32 sdc 393283 5 99252276 1019552 1603683 7776078 817441648 364362012 1 2900756 365572108
======================
   8      32 sdc 393287 5 99252308 1021272 1604874 7776087 818050504 364391068 134 2901756 365617996
======================
   8      32 sdc 393287 5 99252308 1021272 1605304 7777005 818236160 364486992 0 2902332 365697768
======================
   8      32 sdc 393287 5 99252308 1021272 1605304 7777005 818236160 364486992 0 2902332 365697768
======================
   8      32 sdc 393287 5 99252308 1021272 1605304 7777005 818236160 364486992 0 2902332 365697768
======================
   8      32 sdc 393287 5 99252308 1021272 1605304 7777005 818236160 364486992 0 2902332 365697768
======================
   8      32 sdc 393287 5 99252308 1021272 1605304 7777005 818236160 364486992 0 2902332 365697768
======================
   8      32 sdc 393287 5 99252308 1021272 1605304 7777005 818236160 364486992 0 2902332 365697768
======================
   8      32 sdc 393522 5 99254182 1037560 1605329 7777005 818236256 364486992 1 2902940 365714076
started
======================
   8      32 sdc 393528 5 99254230 1037988 1605331 7777005 818236264 364486992 0 2903348 365714484
======================
   8      32 sdc 393557 5 99260662 1038032 1605331 7777005 818236264 364486992 0 2903392 365714528
======================
   8      32 sdc 394901 5 99602806 1039196 1605331 7777005 818236264 364486992 2 2904284 365715692
======================
   8      32 sdc 396137 5 99916678 1040348 1605331 7777005 818236264 364486992 2 2905144 365716848
======================
   8      32 sdc 397376 5 100230630 1041588 1605331 7777005 818236264 364486992 1 2906084 365718088
======================
   8      32 sdc 398731 5 100574838 1042664 1605331 7777005 818236264 364486992 2 2906884 365719160
======================
   8      32 sdc 400038 5 100907398 1043864 1605331 7777005 818236264 364486992 2 2907784 365720360
======================
   8      32 sdc 401338 6 101236230 1045080 1605334 7777006 818236296 364487044 2 2908704 365721628
======================
   8      32 sdc 402655 6 101570214 1046344 1605334 7777006 818236296 364487044 2 2909628 365722892
======================
   8      32 sdc 403906 6 101886990 1047652 1605334 7777006 818236296 364487044 1 2910556 365724200
======================
   8      32 sdc 405176 6 102210542 1048992 1605334 7777006 818236296 364487044 1 2911504 365725540
======================
   8      32 sdc 406437 6 102531326 1050260 1605334 7777006 818236296 364487044 2 2912424 365726840
======================
   8      32 sdc 407708 6 102853614 1051480 1605334 7777006 818236296 364487044 2 2913308 365728024
======================
   8      32 sdc 409007 6 103184590 1052720 1605334 7777006 818236296 364487044 2 2914196 365729260
======================
   8      32 sdc 409993 6 103435470 1054176 1605334 7777006 818236296 364487044 1 2915156 365730716
======================
   8      32 sdc 411268 6 103758670 1055280 1605334 7777006 818236296 364487044 1 2915992 365731816
======================
   8      32 sdc 412582 6 104093198 1056456 1605334 7777006 818236296 364487044 2 2916880 365732988
======================
   8      32 sdc 413926 6 104434038 1057644 1605334 7777006 818236296 364487044 1 2917740 365734176
======================
   8      32 sdc 415209 6 104761382 1058972 1605334 7777006 818236296 364487044 1 2918692 365735500
======================
   8      32 sdc 416424 6 105070486 1060256 1605334 7777006 818236296 364487044 1 2919620 365736784
======================
   8      32 sdc 417728 6 105401478 1061548 1605334 7777006 818236296 364487044 2 2920524 365738076
======================
   8      32 sdc 419030 6 105728718 1062704 1605334 7777006 818236296 364487044 2 2921360 365739232
======================
   8      32 sdc 420371 6 106069214 1063904 1605334 7777006 818236296 364487044 2 2922288 365740432
======================
   8      32 sdc 421650 6 106394390 1065312 1605334 7777006 818236296 364487044 2 2923256 365741836
======================
   8      32 sdc 422890 6 106709030 1066564 1605334 7777006 818236296 364487044 2 2924144 365743084
======================
   8      32 sdc 424134 6 107023814 1067728 1605334 7777006 818236296 364487044 2 2925036 365744248
======================
   8      32 sdc 425446 6 107355990 1068908 1605334 7777006 818236296 364487044 1 2925884 365745428
======================
   8      32 sdc 426724 6 107681782 1070108 1605334 7777006 818236296 364487044 2 2926780 365746628
======================
   8      32 sdc 428026 6 108012726 1071228 1605334 7777006 818236296 364487044 2 2927616 365747752
======================
   8      32 sdc 429351 6 108350550 1072436 1605334 7777006 818236296 364487044 2 2928544 365748956
======================
   8      32 sdc 430651 6 108681078 1073700 1605334 7777006 818236296 364487044 1 2929448 365750220
======================
   8      32 sdc 431942 6 109009974 1074864 1605334 7777006 818236296 364487044 2 2930348 365751384
======================
   8      32 sdc 433237 6 109338774 1076052 1605334 7777006 818236296 364487044 1 2931240 365752572
======================
   8      32 sdc 434521 6 109664998 1077216 1605334 7777006 818236296 364487044 1 2932072 365753736
======================
   8      32 sdc 435844 6 110002278 1078372 1605334 7777006 818236296 364487044 2 2932952 365754896
======================
   8      32 sdc 437138 6 110329126 1079712 1605334 7777006 818236296 364487044 1 2933860 365756232
======================
   8      32 sdc 438418 6 110655478 1080892 1605334 7777006 818236296 364487044 1 2934748 365757412
======================
   8      32 sdc 439735 6 110990150 1082088 1605334 7777006 818236296 364487044 2 2935660 365758608
======================
   8      32 sdc 440983 6 111306022 1083348 1605335 7777006 818236304 364487080 1 2936560 365759908
======================
   8      32 sdc 442233 6 111622518 1084472 1605335 7777006 818236304 364487080 2 2937420 365761028
======================
   8      32 sdc 443540 6 111955590 1085724 1605335 7777006 818236304 364487080 1 2938320 365762280
======================
   8      32 sdc 444839 6 112284398 1086832 1605335 7777006 818236304 364487080 2 2939144 365763388
======================
   8      32 sdc 446197 6 112628190 1087892 1605335 7777006 818236304 364487080 1 2939960 365764448
======================
   8      32 sdc 447487 6 112955294 1089136 1605335 7777006 818236304 364487080 2 2940832 365765692
======================
   8      32 sdc 448723 6 113269262 1090300 1605335 7777006 818236304 364487080 2 2941732 365766856
======================
   8      32 sdc 449974 6 113585422 1091548 1605335 7777006 818236304 364487080 1 2942644 365768104
======================
   8      32 sdc 451314 6 113925614 1092732 1605335 7777006 818236304 364487080 1 2943540 365769288
======================
   8      32 sdc 452594 6 114250286 1093904 1605335 7777006 818236304 364487080 2 2944404 365770456
======================
   8      32 sdc 453858 6 114570614 1095080 1605335 7777006 818236304 364487080 2 2945288 365771636
======================
   8      32 sdc 455186 6 114907638 1096236 1605335 7777006 818236304 364487080 2 2946180 365772792
======================
   8      32 sdc 456471 6 115234806 1097448 1605335 7777006 818236304 364487080 1 2947096 365774004
======================
   8      32 sdc 457762 6 115563766 1098552 1605335 7777006 818236304 364487080 1 2947936 365775104
======================
   8      32 sdc 458998 6 115876102 1099848 1605335 7777006 818236304 364487080 2 2948852 365776400
======================
   8      32 sdc 460276 6 116201686 1101088 1605335 7777006 818236304 364487080 2 2949776 365777640
======================
   8      32 sdc 461597 6 116539206 1102188 1605335 7777006 818236304 364487080 1 2950616 365778740
======================
   8      32 sdc 462902 6 116871222 1103344 1605335 7777006 818236304 364487080 1 2951452 365779896
======================
   8      32 sdc 464182 6 117197478 1104544 1605335 7777006 818236304 364487080 1 2952356 365781096
======================
   8      32 sdc 465465 6 117523366 1105880 1605335 7777006 818236304 364487080 2 2953280 365782432
======================
   8      32 sdc 466810 6 117866438 1107052 1605335 7777006 818236304 364487080 2 2954164 365783604
======================
   8      32 sdc 468068 6 118186198 1108184 1605335 7777006 818236304 364487080 1 2955036 365784732
======================
   8      32 sdc 469372 6 118516694 1109212 1605335 7777006 818236304 364487080 2 2955832 365785752
======================
   8      32 sdc 470708 6 118856662 1110276 1605335 7777006 818236304 364487080 2 2956668 365786816
======================
   8      32 sdc 471657 6 119097798 1110988 1605335 7777006 818236304 364487080 0 2957240 365787528
