======================
   8      16 sdb 12910249 213697 1452583900 31788848 24614539 251903173 7641736736 1110206760 0 9587340 1141948180
======================
   8      16 sdb 12910249 213697 1452583900 31788848 24614539 251903173 7641736736 1110206760 0 9587340 1141948180
======================
   8      16 sdb 12910251 213697 1452583916 31788848 24614539 251903173 7641736736 1110206760 0 9587340 1141948180
======================
   8      16 sdb 12910251 213697 1452583916 31788848 24614539 251903173 7641736736 1110206760 0 9587340 1141948180
======================
   8      16 sdb 12910251 213697 1452583916 31788848 24614539 251903173 7641736736 1110206760 0 9587340 1141948180
======================
   8      16 sdb 12910251 213697 1452583916 31788848 24614539 251903173 7641736736 1110206760 0 9587340 1141948180
======================
   8      16 sdb 12910251 213697 1452583916 31788848 24614539 251903173 7641736736 1110206760 0 9587340 1141948180
======================
started
   8      16 sdb 12910251 213697 1452583916 31788848 24614550 251903182 7641736888 1110206760 0 9587340 1141948180
======================
   8      16 sdb 12910251 213697 1452583916 31788848 24614550 251903182 7641736888 1110206760 0 9587340 1141948180
======================
   8      16 sdb 12910253 213697 1452583932 31788848 24618271 251903527 7643196760 1110218860 130 9587588 1141965016
======================
   8      16 sdb 12910253 213697 1452583932 31788848 24620262 251903527 7644215648 1110367676 129 9588640 1142114236
======================
   8      16 sdb 12910253 213697 1452583932 31788848 24622155 251903527 7645184672 1110510320 156 9589644 1142257196
======================
   8      16 sdb 12910254 213697 1452583940 31788924 24624071 251903527 7646165664 1110645976 129 9590648 1142393056
======================
   8      16 sdb 12910254 213697 1452583940 31788924 24625971 251903557 7647138464 1110788300 11 9591648 1142530540
======================
   8      16 sdb 12910254 213697 1452583940 31788924 24627803 251903557 7648075680 1110925568 136 9592652 1142672672
======================
   8      16 sdb 12910254 213697 1452583940 31788924 24629624 251903557 7649008032 1111067956 139 9593652 1142814992
======================
   8      16 sdb 12910255 213697 1452583948 31789020 24631415 251903557 7649925024 1111201524 143 9594656 1142948884
======================
   8      16 sdb 12910255 213697 1452583948 31789020 24633224 251903557 7650851232 1111343580 143 9595656 1143090228
======================
   8      16 sdb 12910255 213697 1452583948 31789020 24635017 251903580 7651769248 1111485660 7 9596660 1143227668
======================
   8      16 sdb 12910255 213697 1452583948 31789020 24636823 251903580 7652693096 1111624064 133 9597660 1143368412
======================
   8      16 sdb 12910256 213697 1452583956 31789104 24638642 251903580 7653624424 1111752828 132 9598664 1143499976
======================
   8      16 sdb 12910256 213697 1452583956 31789104 24640498 251903580 7654574352 1111895064 132 9599664 1143641980
======================
   8      16 sdb 12910256 213697 1452583956 31789104 24642328 251903580 7655510952 1112037720 137 9600668 1143784612
======================
   8      16 sdb 12910256 213697 1452583956 31789104 24644113 251903613 7656423568 1112179520 7 9601668 1143921700
======================
   8      16 sdb 12910257 213697 1452583964 31789184 24646041 251903634 7657349944 1112307752 129 9602668 1144055208
======================
   8      16 sdb 12910257 213697 1452583964 31789184 24647779 251903634 7658239336 1112450876 151 9603668 1144197536
======================
   8      16 sdb 12910257 213697 1452583964 31789184 24649565 251903634 7659153240 1112589972 157 9604672 1144340996
======================
   8      16 sdb 12910257 213697 1452583964 31789184 24651388 251903634 7660086152 1112735872 158 9605676 1144483800
======================
   8      16 sdb 12910257 213697 1452583964 31789184 24653261 251903674 7661044696 1112877564 73 9606676 1144619896
======================
   8      16 sdb 12910258 213697 1452583972 31789240 24655055 251903674 7661962048 1113007108 130 9607676 1144757016
======================
   8      16 sdb 12910258 213697 1452583972 31789240 24656907 251903674 7662910272 1113152188 131 9608676 1144899436
======================
   8      16 sdb 12910258 213697 1452583972 31789240 24658698 251903674 7663827008 1113295568 132 9609680 1145042444
======================
   8      16 sdb 12910258 213697 1452583972 31789240 24660478 251903674 7664737600 1113436780 144 9610680 1145184152
======================
   8      16 sdb 12910259 213697 1452583980 31789320 24662254 251903705 7665646232 1113572096 114 9611688 1145314144
======================
   8      16 sdb 12910259 213697 1452583980 31789320 24664017 251903705 7666548208 1113708812 141 9612688 1145456100
======================
   8      16 sdb 12910259 213697 1452583980 31789320 24665885 251903705 7667503368 1113851444 146 9613692 1145598736
======================
   8      16 sdb 12910259 213697 1452583980 31789320 24667708 251903789 7668429256 1113989156 142 9614696 1145736244
======================
   8      16 sdb 12910260 213697 1452583988 31789404 24669488 251903789 7669340536 1114124524 130 9615696 1145871016
======================
   8      16 sdb 12910260 213697 1452583988 31789404 24671315 251903826 7670275192 1114265388 157 9616700 1146007668
======================
   8      16 sdb 12910260 213697 1452583988 31789404 24673107 251903826 7671191176 1114402500 158 9617704 1146150768
======================
   8      16 sdb 12910260 213697 1452583988 31789404 24674982 251903826 7672150232 1114546312 139 9618704 1146293164
======================
   8      16 sdb 12910261 213697 1452583996 31789504 24676763 251903826 7673061336 1114679668 157 9619708 1146426856
======================
   8      16 sdb 12910261 213697 1452583996 31789504 24678547 251903826 7673974320 1114822728 133 9620708 1146569552
======================
   8      16 sdb 12910261 213697 1452583996 31789504 24680375 251903875 7674909968 1114961348 136 9621712 1146706488
======================
   8      16 sdb 12910261 213697 1452583996 31789504 24682198 251903875 7675841584 1115102316 138 9622716 1146849592
======================
   8      16 sdb 12910262 213697 1452584004 31789596 24683988 251903875 7676757032 1115237924 137 9623716 1146984892
======================
   8      16 sdb 12910262 213697 1452584004 31789596 24685798 251903875 7677683312 1115380356 151 9624720 1147127544
======================
   8      16 sdb 12910262 213697 1452584004 31789596 24687603 251903875 7678605616 1115522672 138 9625728 1147271124
======================
   8      16 sdb 12910262 213697 1452584004 31789596 24689454 251903922 7679552296 1115661864 141 9626728 1147408448
======================
   8      16 sdb 12910262 213697 1452584004 31789596 24691320 251903922 7680505992 1115802716 132 9627732 1147550868
======================
   8      16 sdb 12910263 213697 1452584012 31789684 24693133 251903922 7681433400 1115938920 129 9628732 1147686664
======================
   8      16 sdb 12910263 213697 1452584012 31789684 24694949 251903922 7682362440 1116081544 137 9629736 1147829680
======================
   8      16 sdb 12910263 213697 1452584012 31789684 24696792 251903922 7683303960 1116224496 150 9630736 1147972088
======================
   8      16 sdb 12910263 213697 1452584012 31789684 24698476 251903968 7684166072 1116354788 77 9631740 1148108180
======================
   8      16 sdb 12910264 213697 1452584020 31789692 24700413 251903968 7685156664 1116489568 129 9632744 1148237624
======================
   8      16 sdb 12910264 213697 1452584020 31789692 24702251 251903968 7686097720 1116631880 147 9633744 1148380132
======================
   8      16 sdb 12910264 213697 1452584020 31789692 24704166 251903968 7687076664 1116773828 152 9634748 1148522948
======================
   8      16 sdb 12910264 213697 1452584020 31789692 24706093 251903968 7688062264 1116916692 145 9635748 1148665200
======================
   8      16 sdb 12910265 213697 1452584028 31789720 24708008 251904015 7689041592 1117058524 142 9636752 1148806348
======================
   8      16 sdb 12910265 213697 1452584028 31789720 24709947 251904015 7690032832 1117196044 156 9637752 1148948668
======================
   8      16 sdb 12910265 213697 1452584028 31789720 24711875 251904015 7691018944 1117342752 148 9638756 1149091536
======================
   8      16 sdb 12910265 213697 1452584028 31789720 24713778 251904015 7691992256 1117483260 133 9639756 1149233756
======================
   8      16 sdb 12910266 213697 1452584036 31789768 24715682 251904015 7692966080 1117622636 156 9640760 1149373752
======================
   8      16 sdb 12910266 213697 1452584036 31789768 24717609 251904062 7693951368 1117766436 129 9641764 1149514500
======================
   8      16 sdb 12910266 213697 1452584036 31789768 24719569 251904196 7694938272 1117905164 137 9642764 1149652944
======================
   8      16 sdb 12910266 213697 1452584036 31789768 24721496 251904196 7695924072 1118047916 130 9643768 1149795796
======================
   8      16 sdb 12910267 213697 1452584044 31789836 24723422 251904196 7696909032 1118185224 143 9644768 1149933068
======================
   8      16 sdb 12910267 213697 1452584044 31789836 24725350 251904196 7697894872 1118328148 135 9645772 1150076060
======================
   8      16 sdb 12910267 213697 1452584044 31789836 24727251 251904243 7698867960 1118465180 156 9646772 1150212280
======================
   8      16 sdb 12910267 213697 1452584044 31789836 24729123 251904243 7699825408 1118610620 130 9647780 1150355232
======================
   8      16 sdb 12910268 213697 1452584052 31789920 24731087 251904243 7700830456 1118743204 133 9648784 1150491452
