======================
   8      16 sdb 2828818 10 496385336 1443816 9523300 4058569 3467889784 464082152 5 4289796 465506608
======================
   8      16 sdb 2828818 10 496385336 1443816 9523305 4058569 3467891048 464082980 0 4289804 465506648
======================
   8      16 sdb 2828818 10 496385336 1443816 9523307 4058570 3467891072 464082980 0 4289804 465506648
======================
   8      16 sdb 2828818 10 496385336 1443816 9523307 4058570 3467891072 464082980 0 4289804 465506648
======================
   8      16 sdb 2828818 10 496385336 1443816 9523307 4058570 3467891072 464082980 0 4289804 465506648
======================
   8      16 sdb 2828818 10 496385336 1443816 9523307 4058570 3467891072 464082980 0 4289804 465506648
======================
   8      16 sdb 2828830 10 496385432 1444272 9525572 4058574 3468562064 464198140 139 4290748 465637204
======================
   8      16 sdb 2828873 10 496385776 1445300 9526142 4058575 3468737168 464337416 144 4291752 465778232
======================
   8      16 sdb 2829307 10 496389248 1445972 9528794 4058580 3469520016 464481336 128 4292756 465912244
======================
   8      16 sdb 2829307 10 496389248 1445972 9530927 4058583 3470155920 464624424 139 4293760 466055648
======================
   8      16 sdb 2829307 10 496389248 1445972 9532773 4058586 3470704528 464764252 149 4294760 466198080
======================
   8      16 sdb 2829307 10 496389248 1445972 9533919 4059083 3471042896 464909012 132 4295764 466342980
======================
   8      16 sdb 2829307 10 496389248 1445972 9535015 4059083 3471371856 465051492 156 4296768 466486316
======================
   8      16 sdb 2829307 10 496389248 1445972 9536086 4059085 3471689552 465194764 145 4297772 466630532
======================
   8      16 sdb 2829307 10 496389248 1445972 9537172 4059086 3472007248 465338992 147 4298776 466774152
======================
   8      16 sdb 2829307 10 496389248 1445972 9538248 4059088 3472319056 465483144 159 4299780 466918496
======================
   8      16 sdb 2829307 10 496389248 1445972 9539374 4059090 3472642408 465626700 155 4300784 467061504
======================
   8      16 sdb 2829307 10 496389248 1445972 9540537 4059092 3472971112 465770380 144 4301784 467204380
======================
   8      16 sdb 2829307 10 496389248 1445972 9541644 4059094 3473288552 465913724 157 4302788 467348220
======================
   8      16 sdb 2829307 10 496389248 1445972 9542794 4059096 3473614184 466057100 159 4303792 467491596
======================
   8      16 sdb 2829307 10 496389248 1445972 9543931 4059097 3473935720 466200224 142 4304796 467634956
======================
   8      16 sdb 2829307 10 496389248 1445972 9544998 4059100 3474237824 466334324 133 4305800 467777992
======================
   8      16 sdb 2829307 10 496389248 1445972 9546244 4059102 3474588544 466485580 142 4306804 467920400
======================
   8      16 sdb 2829307 10 496389248 1445972 9547374 4059104 3474905984 466628616 132 4307804 468062832
======================
   8      16 sdb 2829307 10 496389248 1445972 9548542 4059106 3475233152 466772072 148 4308808 468206408
======================
   8      16 sdb 2829307 10 496389248 1445972 9549689 4059108 3475555712 466915476 153 4309812 468350008
======================
   8      16 sdb 2829307 10 496389248 1445972 9550868 4059111 3475881112 467059184 128 4310816 468493120
======================
   8      16 sdb 2829307 10 496389248 1445972 9552047 4059112 3476209048 467202572 133 4311820 468636976
======================
   8      16 sdb 2829307 10 496389248 1445972 9553266 4059114 3476541848 467345064 133 4312824 468779548
======================
   8      16 sdb 2829307 10 496389248 1445972 9554582 4059117 3476898200 467489932 129 4313828 468922692
======================
   8      16 sdb 2829307 10 496389248 1445972 9555877 4059119 3477248920 467632132 146 4314832 469065900
======================
   8      16 sdb 2829307 10 496389248 1445972 9557160 4059122 3477589424 467776340 145 4315836 469209612
======================
   8      16 sdb 2829307 10 496389248 1445972 9558489 4059582 3477933384 467918964 128 4316836 469352136
======================
   8      16 sdb 2829324 10 496389384 1446384 9559393 4059583 3478168648 468028284 1 4317840 469454436
======================
   8      16 sdb 2829340 10 496389512 1446708 9560251 4059583 3478607944 468103528 130 4318844 469545024
======================
   8      16 sdb 2829340 10 496389512 1446708 9560901 4059583 3478940744 468246032 152 4319848 469688272
======================
   8      16 sdb 2829340 10 496389512 1446708 9561559 4059590 3479277192 468383092 152 4320852 469825432
======================
   8      16 sdb 2829340 10 496389512 1446708 9562202 4059590 3479606408 468527660 149 4321856 469969492
======================
   8      16 sdb 2829340 10 496389512 1446708 9562876 4059590 3479951496 468670804 147 4322856 470112616
======================
   8      16 sdb 2829340 10 496389512 1446708 9563530 4059590 3480286344 468812292 133 4323860 470255852
======================
   8      16 sdb 2829340 10 496389512 1446708 9564362 4059590 3480712328 468962532 133 4324864 470398880
======================
   8      16 sdb 2829340 10 496389512 1446708 9565346 4059590 3481216136 469104888 141 4325868 470542016
======================
   8      16 sdb 2829340 10 496389512 1446708 9566269 4059590 3481688712 469242440 146 4326872 470686016
======================
   8      16 sdb 2829341 10 496389520 1446824 9566956 4059590 3482040456 469382784 139 4327872 470823984
======================
   8      16 sdb 2829341 10 496389520 1446824 9568435 4059590 3482797704 469533984 132 4328876 470966200
======================
   8      16 sdb 2829341 10 496389520 1446824 9570105 4059590 3483652744 469671632 147 4329880 471104208
======================
   8      16 sdb 2829341 10 496389520 1446824 9571729 4059590 3484484232 469812972 131 4330884 471246488
======================
   8      16 sdb 2829341 10 496389520 1446824 9573341 4059590 3485309576 469955660 151 4331884 471388820
======================
   8      16 sdb 2829341 10 496389520 1446824 9574180 4059590 3485739144 470090128 144 4332888 471532576
======================
   8      16 sdb 2829342 10 496389528 1447044 9574978 4059590 3486147720 470226820 140 4333892 471659152
======================
   8      16 sdb 2829342 10 496389528 1447044 9576879 4059590 3487121032 470368088 127 4334896 471801236
======================
   8      16 sdb 2829342 10 496389528 1447044 9578797 4059590 3488103048 470511236 129 4335896 471943008
======================
   8      16 sdb 2829342 10 496389528 1447044 9580715 4059590 3489085064 470652012 131 4336900 472083880
======================
   8      16 sdb 2829343 10 496389536 1447076 9582637 4059590 3490069128 470792640 142 4337904 472224836
======================
   8      16 sdb 2829343 10 496389536 1447076 9584557 4059590 3491052168 470934120 142 4338904 472366048
======================
   8      16 sdb 2829343 10 496389536 1447076 9586476 4059590 3492034696 471076132 143 4339908 472508156
======================
   8      16 sdb 2829343 10 496389536 1447076 9588395 4059590 3493017224 471218112 144 4340912 472650076
======================
   8      16 sdb 2829344 10 496389544 1447128 9590294 4059590 3493989512 471355368 150 4341916 472787836
======================
   8      16 sdb 2829344 10 496389544 1447128 9592190 4059590 3494960264 471497288 142 4342916 472929244
======================
   8      16 sdb 2829344 10 496389544 1447128 9594111 4059590 3495943816 471638956 141 4343920 473071040
======================
   8      16 sdb 2829344 10 496389544 1447128 9596030 4059590 3496926344 471780200 142 4344924 473212720
======================
   8      16 sdb 2829345 10 496389552 1447176 9597950 4059667 3497908488 471912056 132 4345924 473344068
======================
   8      16 sdb 2829345 10 496389552 1447176 9599915 4059670 3498914088 472055984 151 4346948 473487984
======================
   8      16 sdb 2829345 10 496389552 1447176 9601861 4059670 3499910952 472198476 145 4347964 473630436
======================
   8      16 sdb 2829345 10 496389552 1447176 9603783 4059670 3500894504 472341052 155 4348980 473773132
======================
   8      16 sdb 2829346 10 496389560 1447252 9605677 4059670 3501863728 472472876 151 4349980 473904908
======================
   8      16 sdb 2829346 10 496389560 1447252 9607605 4059758 3502847032 472608680 144 4350984 474040652
======================
   8      16 sdb 2829346 10 496389560 1447252 9609526 4059758 3503830584 472749240 143 4351988 474181464
======================
   8      16 sdb 2829346 10 496389560 1447252 9611445 4059758 3504813112 472890548 144 4352992 474322644
======================
   8      16 sdb 2829347 10 496389568 1447328 9613368 4059758 3505797184 473022968 150 4353996 474454972
======================
   8      16 sdb 2829347 10 496389568 1447328 9615292 4059774 3506781392 473164816 146 4355000 474597052
======================
   8      16 sdb 2829347 10 496389568 1447328 9617199 4059797 3507757456 473301276 146 4356004 474733640
======================
   8      16 sdb 2829347 10 496389568 1447328 9619099 4059797 3508730256 473442916 134 4357008 474875132
======================
   8      16 sdb 2829348 10 496389576 1447412 9621021 4059797 3509713816 473576736 128 4358012 475008968
======================
   8      16 sdb 2829348 10 496389576 1447412 9622946 4059814 3510698544 473718524 154 4359016 475150840
======================
   8      16 sdb 2829348 10 496389576 1447412 9624865 4059814 3511681072 473860472 155 4360020 475292852
======================
   8      16 sdb 2829348 10 496389576 1447412 9626787 4059838 3512664824 473997348 133 4361024 475429680
======================
   8      16 sdb 2829349 10 496389584 1447492 9628707 4059838 3513647360 474130924 140 4362028 475563344
======================
   8      16 sdb 2829349 10 496389584 1447492 9630599 4059855 3514614688 474272016 136 4363028 475704804
======================
   8      16 sdb 2829349 10 496389584 1447492 9632498 4059855 3515586976 474414544 157 4364032 475847064
======================
   8      16 sdb 2829349 10 496389584 1447492 9634418 4059855 3516570016 474556560 138 4365036 475989072
======================
   8      16 sdb 2829350 10 496389592 1447516 9636345 4059877 3517555808 474690440 133 4366040 476122804
======================
   8      16 sdb 2829350 10 496389592 1447516 9638266 4059893 3518538480 474832620 134 4367044 476264992
======================
   8      16 sdb 2829350 10 496389592 1447516 9640185 4059893 3519521008 474974748 135 4368048 476407220
======================
   8      16 sdb 2829350 10 496389592 1447516 9642108 4059893 3520505584 475116880 156 4369052 476549456
======================
   8      16 sdb 2829351 10 496389600 1447592 9644016 4059893 3521482480 475251836 130 4370060 476684200
======================
   8      16 sdb 2829351 10 496389600 1447592 9645934 4059916 3522464176 475389888 139 4371072 476821956
======================
   8      16 sdb 2829351 10 496389600 1447592 9647858 4059916 3523449264 475531560 143 4372076 476963480
======================
   8      16 sdb 2829351 10 496389600 1447592 9649780 4059916 3524433328 475673076 152 4373080 477105288
======================
   8      16 sdb 2829352 10 496389608 1447672 9651701 4059916 3525416376 475807688 144 4374084 477240044
======================
   8      16 sdb 2829352 10 496389608 1447672 9653631 4059932 3526403152 475950460 134 4375088 477382580
======================
   8      16 sdb 2829352 10 496389608 1447672 9655555 4059956 3527387928 476084848 129 4376092 477516796
======================
   8      16 sdb 2829352 10 496389608 1447672 9657453 4059956 3528359704 476224980 137 4377096 477657020
======================
   8      16 sdb 2829353 10 496389616 1447748 9659351 4059956 3529330976 476358152 150 4378100 477790532
======================
   8      16 sdb 2829353 10 496389616 1447748 9661276 4059973 3530315200 476500456 145 4379104 477933032
======================
   8      16 sdb 2829353 10 496389616 1447748 9663195 4059973 3531297728 476642656 146 4380108 478075492
======================
   8      16 sdb 2829353 10 496389616 1447748 9665118 4059995 3532281976 476779080 128 4381108 478211172
======================
   8      16 sdb 2829354 10 496389624 1447828 9667041 4059995 3533266048 476912820 150 4382112 478345392
======================
   8      16 sdb 2829354 10 496389624 1447828 9668965 4060012 3534250264 477055004 146 4383116 478487748
======================
   8      16 sdb 2829354 10 496389624 1447828 9670862 4060012 3535221528 477196572 137 4384120 478630184
======================
   8      16 sdb 2829354 10 496389624 1447828 9672777 4060012 3536202008 477339968 142 4385120 478771920
======================
   8      16 sdb 2829355 10 496389632 1447908 9674688 4060034 3537179608 477468764 137 4386124 478901392
======================
   8      16 sdb 2829355 10 496389632 1447908 9676586 4060050 3538150504 477610260 128 4387128 479042660
======================
   8      16 sdb 2829355 10 496389632 1447908 9678508 4060050 3539134568 477750184 134 4388128 479182288
======================
   8      16 sdb 2829355 10 496389632 1447908 9680349 4060050 3540077160 477884260 140 4389132 479322572
======================
   8      16 sdb 2829356 10 496389640 1447992 9682353 4060050 3541103208 478020156 143 4390136 479452672
======================
   8      16 sdb 2829356 10 496389640 1447992 9684271 4060074 3542084912 478154728 128 4391140 479587324
======================
   8      16 sdb 2829356 10 496389640 1447992 9686194 4060074 3543069488 478293588 129 4392140 479725484
======================
   8      16 sdb 2829356 10 496389640 1447992 9688079 4060074 3544034608 478432036 130 4393144 479864848
======================
   8      16 sdb 2829357 10 496389648 1448068 9689994 4060074 3545014584 478565692 142 4394144 479998020
======================
   8      16 sdb 2829357 10 496389648 1448068 9691922 4060090 3545999832 478707344 134 4395148 480139712
======================
   8      16 sdb 2829357 10 496389648 1448068 9693846 4060112 3546984592 478842928 152 4396152 480275084
======================
   8      16 sdb 2829357 10 496389648 1448068 9695768 4060112 3547968656 478982316 150 4397156 480414720
======================
   8      16 sdb 2829358 10 496389656 1448148 9697678 4060112 3548946072 479114660 147 4398156 480546848
======================
   8      16 sdb 2829358 10 496389656 1448148 9699609 4060128 3549933864 479255276 136 4399160 480687944
======================
   8      16 sdb 2829358 10 496389656 1448148 9701507 4060128 3550906152 479396284 137 4400164 480828888
======================
   8      16 sdb 2829358 10 496389656 1448148 9703401 4060151 3551875048 479532196 128 4401164 480964392
======================
   8      16 sdb 2829359 10 496389664 1448232 9705323 4060151 3552858608 479663900 132 4402168 481096724
======================
   8      16 sdb 2829359 10 496389664 1448232 9707250 4060168 3553844360 479804144 142 4403172 481236688
======================
   8      16 sdb 2829359 10 496389664 1448232 9709167 4060168 3554825864 479943892 128 4404172 481376240
======================
   8      16 sdb 2829359 10 496389664 1448232 9711084 4060168 3555807368 480083384 131 4405176 481516148
======================
   8      16 sdb 2829360 10 496389672 1448312 9713007 4060191 3556791120 480211680 142 4406180 481644656
======================
   8      16 sdb 2829360 10 496389672 1448312 9714908 4060208 3557763560 480353092 129 4407180 481785592
======================
   8      16 sdb 2829360 10 496389672 1448312 9716800 4060208 3558732264 480494156 156 4408184 481926868
======================
   8      16 sdb 2829360 10 496389672 1448312 9718717 4060208 3559713768 480635576 128 4409184 482068056
======================
   8      16 sdb 2829361 10 496389680 1448388 9720642 4060208 3560699368 480770340 134 4410188 482202976
======================
   8      16 sdb 2829361 10 496389680 1448388 9722560 4060231 3561681064 480906088 133 4411192 482338736
======================
   8      16 sdb 2829361 10 496389680 1448388 9724495 4060231 3562671784 481047992 138 4412204 482480816
======================
   8      16 sdb 2829361 10 496389680 1448388 9726423 4060231 3563658920 481189356 130 4413208 482621924
======================
   8      16 sdb 2829362 10 496389688 1448468 9728323 4060231 3564631216 481323408 137 4414212 482756176
======================
   8      16 sdb 2829362 10 496389688 1448468 9730231 4060246 3565606216 481465356 149 4415216 482897980
======================
   8      16 sdb 2829362 10 496389688 1448468 9732161 4060269 3566594056 481601824 149 4416224 483034756
======================
   8      16 sdb 2829362 10 496389688 1448468 9734082 4060269 3567578120 481743916 148 4417228 483177048
======================
   8      16 sdb 2829363 10 496389696 1448552 9735983 4060269 3568550416 481877344 134 4418232 483311132
======================
   8      16 sdb 2829363 10 496389696 1448552 9737922 4060286 3569542312 482019564 147 4419240 483452644
======================
   8      16 sdb 2829363 10 496389696 1448552 9739838 4060286 3570523304 482159180 151 4420244 483593452
======================
   8      16 sdb 2829363 10 496389696 1448552 9741754 4060310 3571503984 482295768 136 4421248 483728680
======================
   8      16 sdb 2829364 10 496389704 1448644 9743653 4060310 3572475768 482428428 152 4422248 483861104
======================
   8      16 sdb 2829364 10 496389704 1448644 9745573 4060327 3573457432 482569568 152 4423252 484002344
======================
   8      16 sdb 2829364 10 496389704 1448644 9747402 4060327 3574393880 482704104 147 4424256 484144164
======================
   8      16 sdb 2829364 10 496389704 1448644 9749411 4060327 3575422488 482850276 142 4425256 484282956
======================
   8      16 sdb 2829365 10 496389712 1448724 9751331 4060350 3576404704 482976744 152 4426260 484409732
======================
   8      16 sdb 2829365 10 496389712 1448724 9753254 4060366 3577387896 483118180 149 4427264 484551404
======================
   8      16 sdb 2829365 10 496389712 1448724 9755154 4060366 3578360696 483260180 137 4428264 484693032
======================
   8      16 sdb 2829365 10 496389712 1448724 9757047 4060366 3579329912 483401488 132 4429268 484834508
======================
   8      16 sdb 2829366 10 496389720 1448812 9758968 4060366 3580313464 483534052 132 4430272 484967272
======================
   8      16 sdb 2829366 10 496389720 1448812 9760894 4060389 3581299256 483669948 140 4431276 485103280
======================
   8      16 sdb 2829366 10 496389720 1448812 9762811 4060389 3582280760 483811460 143 4432276 485244228
======================
   8      16 sdb 2829366 10 496389720 1448812 9764734 4060389 3583265336 483952608 140 4433284 485385808
======================
   8      16 sdb 2829367 10 496389728 1448892 9766656 4060389 3584248896 484084828 144 4434280 485517720
======================
   8      16 sdb 2829367 10 496389728 1448892 9768553 4060405 3585218776 484223464 135 4435284 485657936
======================
   8      16 sdb 2829367 10 496389728 1448892 9770471 4060428 3586200472 484360672 130 4436288 485793964
======================
   8      16 sdb 2829367 10 496389728 1448892 9772371 4060428 3587173272 484501768 150 4437288 485934688
======================
   8      16 sdb 2829368 10 496389736 1448972 9774291 4060428 3588155808 484634716 143 4438292 486067904
======================
   8      16 sdb 2829368 10 496389736 1448972 9776214 4060445 3589139512 484776184 140 4439292 486209124
======================
   8      16 sdb 2829368 10 496389736 1448972 9778131 4060445 3590121016 484917968 143 4440296 486351196
======================
   8      16 sdb 2829368 10 496389736 1448972 9780062 4060468 3591109368 485054384 128 4441304 486487552
======================
   8      16 sdb 2829369 10 496389744 1449044 9781983 4060468 3592092416 485188240 134 4442308 486621656
======================
   8      16 sdb 2829369 10 496389744 1449044 9783875 4060484 3593059736 485329756 130 4443312 486762996
======================
   8      16 sdb 2829369 10 496389744 1449044 9785791 4060484 3594040728 485467800 150 4444316 486901240
======================
   8      16 sdb 2829369 10 496389744 1449044 9787709 4060484 3595022744 485609192 152 4445316 487042136
======================
   8      16 sdb 2829370 10 496389752 1449124 9789631 4060508 3596005992 485737384 134 4446320 487170464
======================
   8      16 sdb 2829370 10 496389752 1449124 9791554 4060508 3596990568 485879272 131 4447324 487312476
======================
   8      16 sdb 2829370 10 496389752 1449124 9793468 4060508 3597970536 486020952 137 4448328 487454060
======================
   8      16 sdb 2829370 10 496389752 1449124 9795397 4060508 3598958184 486162396 128 4449332 487595524
======================
   8      16 sdb 2829371 10 496389760 1449200 9797293 4060508 3599928936 486296740 148 4450336 487730300
======================
   8      16 sdb 2829371 10 496389760 1449200 9799195 4060531 3600901936 486432616 155 4451336 487865620
======================
   8      16 sdb 2829371 10 496389760 1449200 9801114 4060531 3601884464 486574680 156 4452340 488007712
======================
   8      16 sdb 2829371 10 496389760 1449200 9803034 4060531 3602867504 486716488 157 4453344 488149628
======================
   8      16 sdb 2829372 10 496389768 1449280 9804956 4060531 3603851568 486851748 133 4454348 488285096
======================
   8      16 sdb 2829372 10 496389768 1449280 9805272 4060596 3604006808 486874308 0 4454508 488302384
======================
   8      16 sdb 2829372 10 496389768 1449280 9805272 4060596 3604006808 486874308 0 4454508 488302384
======================
   8      16 sdb 2829372 10 496389768 1449280 9805272 4060596 3604006808 486874308 0 4454508 488302384
======================
   8      16 sdb 2829372 10 496389768 1449280 9805272 4060596 3604006808 486874308 0 4454508 488302384
======================
   8      16 sdb 2829372 10 496389768 1449280 9805272 4060596 3604006808 486874308 0 4454508 488302384
======================
   8      16 sdb 2829372 10 496389768 1449280 9805272 4060596 3604006808 486874308 0 4454508 488302384
started
======================
   8      16 sdb 2829499 10 496390778 1449340 9805287 4060596 3604006864 486874308 0 4454512 488302444
======================
   8      16 sdb 2829504 10 496390818 1449340 9805287 4060596 3604006864 486874308 0 4454512 488302444
======================
   8      16 sdb 2829504 10 496390818 1449340 9805287 4060596 3604006864 486874308 0 4454512 488302444
======================
   8      16 sdb 2829504 10 496390818 1449340 9805287 4060596 3604006864 486874308 0 4454512 488302444
======================
   8      16 sdb 2829504 10 496390818 1449340 9805287 4060596 3604006864 486874308 0 4454512 488302444
======================
   8      16 sdb 2829504 10 496390818 1449340 9805287 4060596 3604006864 486874308 0 4454512 488302444
======================
   8      16 sdb 2829504 10 496390818 1449340 9805290 4060598 3604006904 486874308 0 4454512 488302444
======================
   8      16 sdb 2829504 10 496390818 1449340 9807211 4060598 3604989952 486883372 0 4454676 488311504
======================
   8      16 sdb 2829504 10 496390818 1449340 9809181 4060598 3605998592 486951560 151 4455308 488394348
======================
   8      16 sdb 2829504 10 496390818 1449340 9809867 4060598 3606349824 487095456 137 4456312 488538512
======================
   8      16 sdb 2829504 10 496390818 1449340 9810559 4060598 3606704128 487238736 149 4457316 488682380
======================
   8      16 sdb 2829504 10 496390818 1449340 9811246 4060599 3607054872 487383672 136 4458320 488826416
======================
   8      16 sdb 2829504 10 496390818 1449340 9811921 4060599 3607400984 487526908 133 4459324 488970456
======================
   8      16 sdb 2829504 10 496390818 1449340 9812597 4060599 3607746584 487671200 129 4460328 489114196
======================
   8      16 sdb 2829504 10 496390818 1449340 9813293 4060599 3608102936 487815588 137 4461332 489258804
======================
   8      16 sdb 2829504 10 496390818 1449340 9813973 4060599 3608451096 487959704 129 4462336 489402740
======================
   8      16 sdb 2829504 10 496390818 1449340 9814671 4060600 3608807472 488103436 137 4463336 489545920
======================
   8      16 sdb 2829504 10 496390818 1449340 9815355 4060600 3609157680 488246596 157 4464340 489689504
======================
   8      16 sdb 2829504 10 496390818 1449340 9816059 4060600 3609518128 488390960 157 4465344 489833840
======================
   8      16 sdb 2829504 10 496390818 1449340 9816769 4060600 3609881648 488535324 151 4466348 489978536
======================
   8      16 sdb 2829504 10 496390818 1449340 9817479 4060600 3610245168 488679024 145 4467348 490122268
======================
   8      16 sdb 2829504 10 496390818 1449340 9818203 4060601 3610614856 488823724 159 4468352 490265992
======================
   8      16 sdb 2829504 10 496390818 1449340 9818911 4060601 3610977352 488967464 155 4469356 490410428
======================
   8      16 sdb 2829504 10 496390818 1449340 9819647 4060601 3611354184 489112036 155 4470356 490553712
======================
   8      16 sdb 2829504 10 496390818 1449340 9820370 4060601 3611724360 489255844 136 4471360 490698264
======================
   8      16 sdb 2829504 10 496390818 1449340 9821107 4060601 3612101704 489400172 135 4472364 490842140
======================
   8      16 sdb 2829504 10 496390818 1449340 9821830 4060602 3612470880 489543888 150 4473372 490986852
======================
   8      16 sdb 2829504 10 496390818 1449340 9822578 4060602 3612854368 489687984 138 4474376 491130856
======================
   8      16 sdb 2829504 10 496390818 1449340 9823305 4060602 3613226080 489831552 147 4475376 491274400
======================
   8      16 sdb 2829504 10 496390818 1449340 9824043 4060602 3613603936 489975900 145 4476380 491417984
======================
   8      16 sdb 2829504 10 496390818 1449340 9824787 4060602 3613984864 490118892 137 4477384 491561708
======================
   8      16 sdb 2829504 10 496390818 1449340 9825539 4060603 3614368888 490263420 155 4478388 491705628
======================
   8      16 sdb 2829504 10 496390818 1449340 9826292 4060603 3614754936 490407728 138 4479392 491849900
======================
   8      16 sdb 2829504 10 496390818 1449340 9827043 4060603 3615138936 490551400 155 4480396 491994172
======================
   8      16 sdb 2829504 10 496390818 1449340 9827776 4060603 3615514232 490695912 158 4481396 492137680
======================
   8      16 sdb 2829504 10 496390818 1449340 9828505 4060603 3615887480 490839800 133 4482400 492281952
======================
   8      16 sdb 2829504 10 496390818 1449340 9829249 4060604 3616267408 490983120 146 4483404 492425580
======================
   8      16 sdb 2829504 10 496390818 1449340 9829974 4060604 3616638608 491126932 138 4484404 492569396
======================
   8      16 sdb 2829504 10 496390818 1449340 9830733 4060604 3617027216 491271212 147 4485408 492713120
======================
   8      16 sdb 2829504 10 496390818 1449340 9831456 4060604 3617397392 491410448 128 4486412 492856712
======================
   8      16 sdb 2829504 10 496390818 1449340 9832214 4060604 3617785488 491557772 138 4487416 493000752
======================
   8      16 sdb 2829504 10 496390818 1449340 9832954 4060605 3618163368 491701532 136 4488416 493144040
======================
   8      16 sdb 2829504 10 496390818 1449340 9833699 4060605 3618544808 491845272 150 4489420 493287736
======================
   8      16 sdb 2829504 10 496390818 1449340 9834405 4060605 3618906280 491988016 157 4490424 493431848
======================
   8      16 sdb 2829504 10 496390818 1449340 9835117 4060605 3619270824 492133316 149 4491428 493576024
======================
   8      16 sdb 2829504 10 496390818 1449340 9835838 4060605 3619639976 492275764 132 4492432 493718396
======================
   8      16 sdb 2829504 10 496390818 1449340 9836573 4060606 3620015296 492419512 135 4493432 493862228
======================
   8      16 sdb 2829504 10 496390818 1449340 9837261 4060606 3620367552 492562252 151 4494440 494006608
======================
   8      16 sdb 2829504 10 496390818 1449340 9837977 4060606 3620734144 492707036 139 4495444 494151056
======================
   8      16 sdb 2829504 10 496390818 1449340 9838691 4060606 3621099712 492850452 129 4496448 494294676
======================
   8      16 sdb 2829504 10 496390818 1449340 9839420 4060606 3621472960 492995600 136 4497452 494439440
======================
   8      16 sdb 2829504 10 496390818 1449340 9840150 4060607 3621845720 493138836 144 4498456 494582544
======================
   8      16 sdb 2829504 10 496390818 1449340 9840909 4060607 3622234328 493282584 153 4499460 494725668
======================
   8      16 sdb 2829504 10 496390818 1449340 9841652 4060607 3622615256 493425288 146 4500464 494868784
======================
   8      16 sdb 2829504 10 496390818 1449340 9842406 4060607 3623000792 493570068 128 4501468 495012516
======================
   8      16 sdb 2829504 10 496390818 1449340 9843162 4060607 3623387864 493712244 140 4502472 495155984
======================
   8      16 sdb 2829504 10 496390818 1449340 9843936 4060608 3623783152 493855288 136 4503476 495298340
======================
   8      16 sdb 2829504 10 496390818 1449340 9844713 4060608 3624180976 493998640 134 4504476 495441092
======================
   8      16 sdb 2829504 10 496390818 1449340 9845499 4060608 3624583408 494143520 141 4505480 495586136
======================
   8      16 sdb 2829504 10 496390818 1449340 9846280 4060608 3624983280 494286024 128 4506484 495728828
======================
   8      16 sdb 2829504 10 496390818 1449340 9847028 4060608 3625366256 494428408 148 4507488 495872408
======================
   8      16 sdb 2829504 10 496390818 1449340 9847814 4060609 3625767688 494572852 132 4508488 496015440
======================
   8      16 sdb 2829504 10 496390818 1449340 9848594 4060609 3626167048 494716656 152 4509492 496158640
