======================
   8      32 sdc 78263 1 19861180 168084 375881 7768341 189016712 100175260 0 724388 100361980
======================
   8      32 sdc 78263 1 19861180 168084 375881 7768341 189016712 100175260 0 724388 100361980
======================
   8      32 sdc 78266 1 19861204 168084 375881 7768341 189016712 100175260 0 724388 100361980
======================
   8      32 sdc 78266 1 19861204 168084 375881 7768341 189016712 100175260 0 724388 100361980
======================
   8      32 sdc 78300 1 19861476 168292 377570 7768355 189877056 100184264 0 724728 100371188
======================
   8      32 sdc 78301 1 19861484 168292 378873 7768355 190544192 100283812 133 725604 100487144
======================
   8      32 sdc 78301 1 19861484 168292 379522 7768355 190876480 100428644 156 726608 100630732
======================
   8      32 sdc 78301 1 19861484 168292 380311 7768355 191280448 100601804 135 727824 100801784
======================
   8      32 sdc 78301 1 19861484 168292 380730 7768355 191494976 100703628 132 729236 100994820
======================
   8      32 sdc 78301 1 19861484 168292 381473 7768370 191875008 100884932 144 730248 101135064
======================
   8      32 sdc 78301 1 19861484 168292 381809 7768370 192047040 100923160 128 731252 101267304
======================
   8      32 sdc 78301 1 19861484 168292 381809 7768370 192047040 100923160 128 732256 101395816
======================
   8      32 sdc 78301 1 19861484 168292 382372 7768370 192335296 101282504 141 733284 101540420
======================
   8      32 sdc 78301 1 19861484 168292 383064 7768370 192689600 101397408 92 734288 101669480
======================
   8      32 sdc 78302 1 19861492 169272 384171 7768386 193253992 101472300 137 735292 101723664
======================
   8      32 sdc 78302 1 19861492 169272 385206 7768386 193783912 101614716 145 736292 101865196
======================
   8      32 sdc 78302 1 19861492 169272 386156 7768386 194270312 101749708 136 737296 102008532
======================
   8      32 sdc 78302 1 19861492 169272 386801 7768386 194600552 101893824 131 738300 102151624
======================
   8      32 sdc 78302 1 19861492 169272 387477 7768386 194946664 102037092 131 739304 102295080
======================
   8      32 sdc 78302 1 19861492 169272 388133 7768386 195282536 102178976 143 740308 102438684
======================
   8      32 sdc 78302 1 19861492 169272 388757 7768386 195602024 102322640 155 741312 102582036
======================
   8      32 sdc 78302 1 19861492 169272 389407 7768386 195935336 102466940 149 742312 102725080
======================
   8      32 sdc 78302 1 19861492 169272 390083 7768386 196280936 102610292 145 743316 102868476
======================
   8      32 sdc 78302 1 19861492 169272 390758 7768386 196626536 102753332 83 744316 103008728
======================
   8      32 sdc 78303 1 19861500 169680 391260 7768386 196883560 102860360 148 745320 103119032
======================
   8      32 sdc 78303 1 19861500 169680 391887 7768386 197204584 103002752 129 746324 103262520
======================
   8      32 sdc 78303 1 19861500 169680 392514 7768386 197525608 103145932 142 747324 103405076
======================
   8      32 sdc 78303 1 19861500 169680 393184 7768386 197868648 103289844 144 748328 103548584
======================
   8      32 sdc 78303 1 19861500 169680 393815 7768386 198192232 103432772 153 749332 103692460
======================
   8      32 sdc 78303 1 19861500 169680 394464 7768386 198524008 103576844 144 750332 103835420
======================
   8      32 sdc 78303 1 19861500 169680 395128 7768386 198863976 103720292 152 751336 103979092
======================
   8      32 sdc 78303 1 19861500 169680 395780 7768386 199197800 103863396 140 752340 104122948
======================
   8      32 sdc 78303 1 19861500 169680 396421 7768386 199525992 104006772 139 753344 104266588
======================
   8      32 sdc 78303 1 19861500 169680 397063 7768386 199854696 104148732 137 754344 104408020
======================
   8      32 sdc 78303 1 19861500 169680 397704 7768386 200182888 104292108 136 755348 104551292
======================
   8      32 sdc 78303 1 19861500 169680 398367 7768386 200522344 104435640 145 756352 104694944
======================
   8      32 sdc 78304 1 19861508 169900 399003 7768386 200847976 104561352 151 757356 104820732
======================
   8      32 sdc 78304 1 19861508 169900 399645 7768386 201176680 104704572 149 758360 104964216
======================
   8      32 sdc 78304 1 19861508 169900 400299 7768386 201511528 104848984 135 759364 105107620
======================
   8      32 sdc 78304 1 19861508 169900 400976 7768386 201858152 104992792 130 760368 105251164
======================
   8      32 sdc 78304 1 19861508 169900 401586 7768386 202170472 105135752 128 761376 105395524
======================
   8      32 sdc 78304 1 19861508 169900 402239 7768386 202504808 105280508 147 762380 105539252
======================
   8      32 sdc 78304 1 19861508 169900 402909 7768386 202847848 105423948 149 763384 105682428
======================
   8      32 sdc 78304 1 19861508 169900 403579 7768386 203190888 105566772 151 764388 105825796
======================
   8      32 sdc 78304 1 19861508 169900 404245 7768386 203531880 105710920 157 765388 105968876
======================
   8      32 sdc 78304 1 19861508 169900 404869 7768386 203851368 105852476 141 766392 106112568
======================
   8      32 sdc 78304 1 19861508 169900 405509 7768386 204179048 105997048 141 767396 106256200
======================
   8      32 sdc 78304 1 19861508 169900 406183 7768386 204524136 106140104 18 768400 106387376
======================
   8      32 sdc 78305 1 19861516 170324 406685 7768386 204781160 106238776 150 769400 106498752
======================
   8      32 sdc 78305 1 19861516 170324 407328 7768386 205110376 106382216 147 770404 106642072
======================
   8      32 sdc 78305 1 19861516 170324 407980 7768386 205444200 106525296 135 771412 106784692
======================
   8      32 sdc 78305 1 19861516 170324 408644 7768386 205784168 106668576 143 772416 106928120
======================
   8      32 sdc 78305 1 19861516 170324 409273 7768386 206106216 106811448 154 773416 107071112
======================
   8      32 sdc 78305 1 19861516 170324 409915 7768386 206434920 106954744 152 774420 107214652
======================
   8      32 sdc 78305 1 19861516 170324 410556 7768386 206763112 107098024 151 775424 107358156
======================
   8      32 sdc 78305 1 19861516 170324 411218 7768386 207102056 107239644 129 776428 107499696
======================
   8      32 sdc 78305 1 19861516 170324 411874 7768386 207437928 107382612 145 777428 107642600
======================
   8      32 sdc 78305 1 19861516 170324 412516 7768386 207766632 107526324 143 778432 107786336
======================
   8      32 sdc 78305 1 19861516 170324 413172 7768386 208102504 107670768 132 779436 107929680
======================
   8      32 sdc 78305 1 19861516 170324 413847 7768386 208448616 107813908 34 780440 108064256
======================
   8      32 sdc 78306 1 19861524 170748 414336 7768386 208698472 107911644 147 781440 108172400
======================
   8      32 sdc 78306 1 19861524 170748 414960 7768386 209017960 108055684 131 782448 108316964
======================
   8      32 sdc 78306 1 19861524 170748 415615 7768386 209353320 108199900 148 783452 108460264
======================
   8      32 sdc 78306 1 19861524 170748 416286 7768386 209696872 108343380 149 784456 108603708
======================
   8      32 sdc 78306 1 19861524 170748 416944 7768386 210033768 108487124 131 785460 108747324
======================
   8      32 sdc 78306 1 19861524 170748 417568 7768386 210353256 108628964 147 786460 108890216
======================
   8      32 sdc 78306 1 19861524 170748 418198 7768386 210675816 108773192 157 787464 109033544
======================
   8      32 sdc 78306 1 19861524 170748 418874 7768386 211021928 108916716 126 788468 109176760
======================
   8      32 sdc 78306 1 19861524 170748 419535 7768386 211360872 109059008 132 789472 109320288
======================
   8      32 sdc 78306 1 19861524 170748 420177 7768386 211689064 109202472 130 790472 109463184
======================
   8      32 sdc 78306 1 19861524 170748 420833 7768386 212024936 109346484 146 791476 109606996
======================
   8      32 sdc 78306 1 19861524 170748 421493 7768386 212362856 109489696 68 792480 109745708
======================
   8      32 sdc 78307 1 19861532 170968 422116 7768386 212681832 109613956 143 793484 109875372
======================
   8      32 sdc 78307 1 19861532 170968 422758 7768386 213010536 109757480 141 794484 110018368
======================
   8      32 sdc 78307 1 19861532 170968 423399 7768386 213338728 109900628 140 795488 110161820
======================
   8      32 sdc 78307 1 19861532 170968 424027 7768386 213660264 110040536 152 796492 110305576
======================
   8      32 sdc 78307 1 19861532 170968 424558 7768386 213932136 110190548 133 797496 110451180
======================
   8      32 sdc 78307 1 19861532 170968 425200 7768386 214260840 110334324 131 798500 110594904
======================
   8      32 sdc 78307 1 19861532 170968 425842 7768386 214589544 110477924 138 799504 110738588
======================
   8      32 sdc 78307 1 19861532 170968 426519 7768386 214936168 110621732 133 800508 110882348
======================
   8      32 sdc 78307 1 19861532 170968 427170 7768386 215269480 110764000 154 801508 111025192
======================
   8      32 sdc 78307 1 19861532 170968 427795 7768386 215589480 110908704 137 802516 111169660
======================
   8      32 sdc 78307 1 19861532 170968 428471 7768386 215935592 111052640 133 803520 111313136
======================
   8      32 sdc 78307 1 19861532 170968 429147 7768386 216281704 111196276 94 804520 111454512
======================
   8      32 sdc 78308 1 19861540 171216 429796 7768386 216613992 111323644 133 805528 111584396
======================
   8      32 sdc 78308 1 19861540 171216 430434 7768386 216940648 111465880 135 806528 111727236
======================
   8      32 sdc 78308 1 19861540 171216 431058 7768386 217260136 111609276 151 807532 111871108
======================
   8      32 sdc 78308 1 19861540 171216 431716 7768386 217597032 111754156 133 808760 112046664
======================
   8      32 sdc 78308 1 19861540 171216 432362 7768386 217927784 111928184 142 809768 112189420
======================
   8      32 sdc 78308 1 19861540 171216 433008 7768386 218258536 112072460 153 810772 112333316
======================
   8      32 sdc 78308 1 19861540 171216 433674 7768386 218599528 112216236 150 811780 112477292
======================
   8      32 sdc 78308 1 19861540 171216 434330 7768386 218935400 112359164 143 812780 112620568
======================
   8      32 sdc 78308 1 19861540 171216 434972 7768386 219264104 112502872 141 813784 112764292
======================
   8      32 sdc 78308 1 19861540 171216 435613 7768386 219592296 112645836 140 814788 112907552
======================
   8      32 sdc 78308 1 19861540 171216 436254 7768386 219920488 112789328 139 815788 113050824
======================
   8      32 sdc 78309 1 19861548 171440 436892 7768386 220247144 112929080 146 816792 113177820
======================
   8      32 sdc 78309 1 19861548 171440 437556 7768386 220587112 113060020 154 817796 113321060
======================
   8      32 sdc 78309 1 19861548 171440 438227 7768386 220930664 113209244 155 818852 113471700
======================
   8      32 sdc 78309 1 19861548 171440 438888 7768386 221269096 113355300 134 819872 113617308
======================
   8      32 sdc 78309 1 19861548 171440 439398 7768386 221530216 113474144 136 820876 113762112
======================
   8      32 sdc 78309 1 19861548 171440 440014 7768386 221845608 113640432 128 821884 113905160
======================
   8      32 sdc 78309 1 19861548 171440 440655 7768386 222173800 113785808 159 822888 114048732
======================
   8      32 sdc 78309 1 19861548 171440 441335 7768386 222521960 113930436 151 823892 114192720
======================
   8      32 sdc 78309 1 19861548 171440 442011 7768386 222868072 114073736 147 824892 114335596
======================
   8      32 sdc 78309 1 19861548 171440 442646 7768386 223193192 114216368 152 825896 114478656
======================
   8      32 sdc 78309 1 19861548 171440 443280 7768386 223517800 114358788 158 826900 114622196
======================
   8      32 sdc 78309 1 19861548 171440 443904 7768386 223837288 114502068 142 827900 114765292
======================
   8      32 sdc 78309 1 19861548 171440 444550 7768386 224168040 114641352 19 828904 114892664
======================
   8      32 sdc 78310 1 19861556 171672 445217 7768386 224509544 114770176 146 829908 115033716
======================
   8      32 sdc 78310 1 19861556 171672 445859 7768386 224838248 114913532 144 830908 115176536
======================
   8      32 sdc 78310 1 19861556 171672 446509 7768386 225171048 115057448 134 831912 115320236
======================
   8      32 sdc 78310 1 19861556 171672 447035 7768386 225440360 115171036 152 832912 115464940
======================
   8      32 sdc 78310 1 19861556 171672 447656 7768386 225758312 115345284 139 833916 115608668
======================
   8      32 sdc 78310 1 19861556 171672 448298 7768386 226087016 115488828 137 834920 115751972
======================
   8      32 sdc 78310 1 19861556 171672 448940 7768386 226415720 115631956 135 835920 115894796
======================
   8      32 sdc 78310 1 19861556 171672 449590 7768386 226748520 115776048 157 836924 116038012
======================
   8      32 sdc 78310 1 19861556 171672 450255 7768386 227089000 115919776 132 837932 116182612
======================
   8      32 sdc 78310 1 19861556 171672 450901 7768386 227419752 116062688 131 838932 116325396
======================
   8      32 sdc 78310 1 19861556 171672 451545 7768386 227749480 116206704 154 839940 116469812
======================
   8      32 sdc 78310 1 19861556 171672 452220 7768386 228095080 116350708 29 840940 116603288
======================
   8      32 sdc 78311 1 19861564 171888 452850 7768386 228417640 116474020 131 841944 116738556
======================
   8      32 sdc 78311 1 19861564 171888 453478 7768386 228739176 116617560 143 842948 116881608
======================
   8      32 sdc 78311 1 19861564 171888 454116 7768386 229065832 116760724 145 843952 117025008
======================
   8      32 sdc 78311 1 19861564 171888 454715 7768386 229372520 116887860 154 844956 117169768
======================
   8      32 sdc 78311 1 19861564 171888 455305 7768386 229674600 117050264 140 845960 117314516
======================
   8      32 sdc 78311 1 19861564 171888 455960 7768386 230009960 117194376 157 846964 117457688
======================
   8      32 sdc 78311 1 19861564 171888 456586 7768386 230330472 117338004 139 847972 117601892
======================
   8      32 sdc 78311 1 19861564 171888 457250 7768386 230670440 117483144 147 848980 117745692
======================
   8      32 sdc 78311 1 19861564 171888 457925 7768386 231016040 117627168 144 849988 117889664
======================
   8      32 sdc 78311 1 19861564 171888 458566 7768386 231344232 117769704 143 850992 118033072
======================
   8      32 sdc 78311 1 19861564 171888 459216 7768386 231677032 117914684 133 852000 118177460
======================
   8      32 sdc 78311 1 19861564 171888 459881 7768386 232017512 118058020 48 853004 118313964
======================
   8      32 sdc 78312 1 19861572 172116 460513 7768386 232341096 118180892 141 854004 118444020
======================
   8      32 sdc 78312 1 19861572 172116 461154 7768386 232669288 118323792 140 855008 118587360
======================
   8      32 sdc 78312 1 19861572 172116 461796 7768386 232997992 118467092 138 856012 118730692
======================
   8      32 sdc 78312 1 19861572 172116 462395 7768386 233304680 118601520 147 857016 118875040
======================
   8      32 sdc 78312 1 19861572 172116 462950 7768386 233588840 118755700 136 858016 119018420
======================
   8      32 sdc 78312 1 19861572 172116 463600 7768386 233921640 118898504 158 859020 119161872
======================
   8      32 sdc 78312 1 19861572 172116 464241 7768386 234249832 119041656 157 860024 119305356
======================
   8      32 sdc 78312 1 19861572 172116 464905 7768386 234589800 119185696 133 861024 119448268
======================
   8      32 sdc 78312 1 19861572 172116 465551 7768386 234920552 119327656 159 862028 119591544
======================
   8      32 sdc 78312 1 19861572 172116 466175 7768386 235240040 119471276 143 863028 119735248
======================
   8      32 sdc 78312 1 19861572 172116 466829 7768386 235574888 119615988 129 864032 119878568
======================
   8      32 sdc 78312 1 19861572 172116 467505 7768386 235921000 119759424 104 865036 120021024
======================
   8      32 sdc 78313 1 19861580 172340 468153 7768386 236252776 119884972 151 866040 120148168
======================
   8      32 sdc 78313 1 19861580 172340 468811 7768386 236589672 120027076 133 867040 120291236
======================
   8      32 sdc 78313 1 19861580 172340 469435 7768386 236909160 120166876 149 868044 120431364
======================
   8      32 sdc 78313 1 19861580 172340 470074 7768386 237236328 120309792 150 869044 120574452
======================
   8      32 sdc 78313 1 19861580 172340 470596 7768386 237503592 120455636 140 870048 120719400
======================
   8      32 sdc 78313 1 19861580 172340 471237 7768386 237831784 120598968 139 871052 120862996
======================
   8      32 sdc 78313 1 19861580 172340 471885 7768386 238163560 120743100 131 872052 121005848
======================
   8      32 sdc 78313 1 19861580 172340 472550 7768386 238504040 120886600 138 873060 121149928
======================
   8      32 sdc 78313 1 19861580 172340 473198 7768386 238835816 121029636 130 874060 121293004
======================
   8      32 sdc 78313 1 19861580 172340 473840 7768386 239164520 121173168 128 875064 121436500
======================
   8      32 sdc 78313 1 19861580 172340 474481 7768386 239492712 121316480 151 876068 121579924
======================
   8      32 sdc 78313 1 19861580 172340 475140 7768386 239830120 121459808 140 877072 121723932
======================
   8      32 sdc 78314 1 19861588 172572 475768 7768386 240151656 121584980 155 878072 121847680
======================
   8      32 sdc 78314 1 19861588 172572 476418 7768386 240484456 121728848 145 879076 121993580
======================
   8      32 sdc 78314 1 19861588 172572 477069 7768386 240817768 121873744 134 880080 122136940
======================
   8      32 sdc 78314 1 19861588 172572 477738 7768386 241160296 122017080 137 881080 122280156
======================
   8      32 sdc 78314 1 19861588 172572 478228 7768386 241411176 122161604 128 882088 122426052
======================
   8      32 sdc 78314 1 19861588 172572 478843 7768386 241726056 122304736 152 883088 122568936
======================
   8      32 sdc 78314 1 19861588 172572 479493 7768386 242058856 122447048 142 884096 122710524
======================
   8      32 sdc 78314 1 19861588 172572 480137 7768386 242388584 122587708 138 885112 122855584
======================
   8      32 sdc 78314 1 19861588 172572 480764 7768386 242709608 122732724 151 886112 122997792
======================
   8      32 sdc 78314 1 19861588 172572 481416 7768386 243043432 122877760 139 887120 123141960
======================
   8      32 sdc 78314 1 19861588 172572 482058 7768386 243372136 123022636 137 888132 123286872
======================
   8      32 sdc 78314 1 19861588 172572 482706 7768386 243703912 123166368 129 889140 123430704
======================
   8      32 sdc 78315 1 19861596 172792 483331 7768386 244023912 123291620 150 890144 123556532
======================
   8      32 sdc 78315 1 19861596 172792 483945 7768386 244338280 123430276 144 891148 123700140
======================
   8      32 sdc 78315 1 19861596 172792 484600 7768386 244673640 123578592 129 892152 123843716
======================
   8      32 sdc 78315 1 19861596 172792 485252 7768386 245007464 123721760 149 893152 123987144
======================
   8      32 sdc 78315 1 19861596 172792 485746 7768386 245260392 123864212 135 894156 124129424
======================
   8      32 sdc 78315 1 19861596 172792 486395 7768386 245592680 124008516 158 895160 124273080
======================
   8      32 sdc 78315 1 19861596 172792 487051 7768386 245928552 124152264 142 896164 124416908
======================
   8      32 sdc 78315 1 19861596 172792 487699 7768386 246260328 124294984 134 897168 124560624
======================
   8      32 sdc 78315 1 19861596 172792 488314 7768386 246575208 124438560 158 898172 124704108
======================
   8      32 sdc 78315 1 19861596 172792 488949 7768386 246900328 124585468 132 899172 124849372
======================
   8      32 sdc 78315 1 19861596 172792 489618 7768386 247242856 124729548 135 900176 124993532
======================
   8      32 sdc 78315 1 19861596 172792 490281 7768386 247582312 124873520 144 901180 125137736
======================
   8      32 sdc 78316 1 19861604 173012 490922 7768386 247910504 125004284 146 902184 125268776
======================
   8      32 sdc 78316 1 19861604 173012 491538 7768386 248225896 125146348 138 903188 125412228
======================
   8      32 sdc 78316 1 19861604 173012 492145 7768386 248536680 125287628 139 904192 125555596
======================
   8      32 sdc 78316 1 19861604 173012 492816 7768386 248880232 125434212 140 905196 125699108
======================
   8      32 sdc 78316 1 19861604 173012 493321 7768386 249138792 125573876 147 906196 125838540
======================
   8      32 sdc 78316 1 19861604 173012 493969 7768386 249470568 125717588 139 907200 125982016
======================
   8      32 sdc 78316 1 19861604 173012 494620 7768386 249803880 125860644 128 908204 126125136
======================
   8      32 sdc 78316 1 19861604 173012 495268 7768386 250135656 126003472 152 909208 126268844
======================
   8      32 sdc 78316 1 19861604 173012 495903 7768386 250460776 126146188 157 910208 126410964
======================
   8      32 sdc 78316 1 19861604 173012 496538 7768386 250785896 126289696 130 911212 126554636
======================
   8      32 sdc 78316 1 19861604 173012 497172 7768386 251110504 126432828 136 912216 126698344
======================
   8      32 sdc 78316 1 19861604 173012 497825 7768386 251444840 126576932 155 913216 126841352
======================
   8      32 sdc 78316 1 19861604 173012 498262 7768386 251668584 126672204 35 914220 126939600
======================
   8      32 sdc 78316 1 19861604 173012 498262 7768386 251668584 126672204 35 915224 126974740
======================
   8      32 sdc 78317 1 19861612 174656 499746 7768386 252428392 126838240 154 916228 127104008
======================
   8      32 sdc 78317 1 19861612 174656 500404 7768386 252765288 126981720 136 917232 127247504
======================
   8      32 sdc 78317 1 19861612 174656 500901 7768386 253019752 127120860 151 918236 127387976
======================
   8      32 sdc 78317 1 19861612 174656 501529 7768386 253341288 127265668 131 919240 127531204
======================
   8      32 sdc 78317 1 19861612 174656 502197 7768386 253683304 127408168 135 920244 127674104
======================
   8      32 sdc 78317 1 19861612 174656 502866 7768386 254025832 127548668 138 921248 127814752
======================
   8      32 sdc 78317 1 19861612 174656 503529 7768386 254365288 127691804 147 922248 127957552
======================
   8      32 sdc 78317 1 19861612 174656 504149 7768386 254682728 127833596 135 923252 128100840
======================
   8      32 sdc 78317 1 19861612 174656 504747 7768386 254988904 127972988 145 924256 128244468
======================
   8      32 sdc 78317 1 19861612 174656 505424 7768386 255335528 128121688 140 925260 128387868
======================
   8      32 sdc 78318 1 19861620 174868 506050 7768386 255656040 128253716 143 926264 128520084
======================
   8      32 sdc 78318 1 19861620 174868 506695 7768386 255986280 128396272 138 927264 128662820
======================
   8      32 sdc 78318 1 19861620 174868 507346 7768386 256319592 128539920 159 928268 128806108
======================
   8      32 sdc 78318 1 19861620 174868 507998 7768386 256653416 128683980 147 929272 128950624
======================
   8      32 sdc 78318 1 19861620 174868 508628 7768386 256975976 128827128 157 930272 129093664
======================
   8      32 sdc 78318 1 19861620 174868 509263 7768386 257301096 128970620 130 931276 129237272
======================
   8      32 sdc 78318 1 19861620 174868 509897 7768386 257625704 129113704 136 932280 129380840
======================
   8      32 sdc 78318 1 19861620 174868 510553 7768386 257961576 129257776 152 933280 129523792
======================
   8      32 sdc 78318 1 19861620 174868 511201 7768386 258293352 129400700 144 934284 129667528
======================
   8      32 sdc 78318 1 19861620 174868 511848 7768386 258624616 129544304 137 935288 129811004
======================
   8      32 sdc 78318 1 19861620 174868 512494 7768386 258955368 129687916 131 936292 129954436
======================
   8      32 sdc 78318 1 19861620 174868 513146 7768386 259289192 129831496 151 937292 130097728
======================
   8      32 sdc 78319 1 19861628 175112 513740 7768386 259593320 129955440 137 938296 130220672
======================
   8      32 sdc 78319 1 19861628 175112 514356 7768386 259908712 130096860 129 939300 130364228
======================
   8      32 sdc 78319 1 19861628 175112 515022 7768386 260249704 130241148 135 940300 130507228
======================
   8      32 sdc 78319 1 19861628 175112 515690 7768386 260591720 130384080 139 941304 130650332
======================
   8      32 sdc 78319 1 19861628 175112 516325 7768386 260916840 130525512 144 942308 130793800
======================
   8      32 sdc 78319 1 19861628 175112 516940 7768386 261231720 130671132 137 943308 130938688
======================
   8      32 sdc 78319 1 19861628 175112 517577 7768386 261557864 130815692 140 944312 131082296
======================
   8      32 sdc 78319 1 19861628 175112 518233 7768386 261893736 130958664 156 945312 131224788
======================
   8      32 sdc 78319 1 19861628 175112 518880 7768386 262225000 131101292 149 946316 131368208
======================
   8      32 sdc 78319 1 19861628 175112 519522 7768386 262553704 131243620 147 947320 131511524
======================
   8      32 sdc 78319 1 19861628 175112 520178 7768386 262889576 131388236 131 948320 131654844
======================
   8      32 sdc 78319 1 19861628 175112 520810 7768386 263213160 131529252 139 949324 131798336
======================
   8      32 sdc 78320 1 19861636 175352 521426 7768386 263528552 131655536 134 950324 131920584
======================
   8      32 sdc 78320 1 19861636 175352 522061 7768386 263853672 131796796 139 951328 132064076
======================
   8      32 sdc 78320 1 19861636 175352 522700 7768386 264180840 131940780 140 952332 132207956
======================
   8      32 sdc 78320 1 19861636 175352 523356 7768386 264516712 132084352 156 953332 132351028
======================
   8      32 sdc 78320 1 19861636 175352 523995 7768386 264843880 132227988 157 954336 132495172
======================
   8      32 sdc 78320 1 19861636 175352 524644 7768386 265176168 132372420 148 955340 132639780
======================
   8      32 sdc 78320 1 19861636 175352 525302 7768386 265513064 132514020 130 956340 132780592
======================
   8      32 sdc 78320 1 19861636 175352 525932 7768386 265835624 132656820 140 957348 132925000
======================
   8      32 sdc 78320 1 19861636 175352 526548 7768386 266151016 132800480 132 958352 133068324
======================
   8      32 sdc 78320 1 19861636 175352 527208 7768386 266488936 132945884 144 959356 133212592
======================
   8      32 sdc 78320 1 19861636 175352 527877 7768386 266831464 133089632 147 960360 133356248
======================
   8      32 sdc 78320 1 19861636 175352 528546 7768386 267173992 133232916 150 961364 133499496
======================
   8      32 sdc 78321 1 19861644 175588 529168 7768386 267492456 133361516 138 962368 133629988
======================
   8      32 sdc 78321 1 19861644 175588 529782 7768386 267806824 133505000 132 963368 133773068
======================
   8      32 sdc 78321 1 19861644 175588 530422 7768386 268134504 133649868 132 964372 133916900
======================
   8      32 sdc 78321 1 19861644 175588 531079 7768386 268470888 133793316 147 965376 134060660
======================
   8      32 sdc 78321 1 19861644 175588 531713 7768386 268795496 133937160 153 966380 134204780
======================
   8      32 sdc 78321 1 19861644 175588 532369 7768386 269131368 134081208 137 967384 134348596
======================
   8      32 sdc 78321 1 19861644 175588 533023 7768386 269466728 134224220 155 968384 134491772
======================
   8      32 sdc 78321 1 19861644 175588 533658 7768386 269791336 134367536 128 969388 134635156
======================
   8      32 sdc 78321 1 19861644 175588 534293 7768386 270116456 134510732 133 970392 134778708
======================
   8      32 sdc 78321 1 19861644 175588 534928 7768386 270441576 134654228 138 971392 134921884
======================
   8      32 sdc 78321 1 19861644 175588 535574 7768386 270772328 134798456 132 972396 135065612
======================
   8      32 sdc 78321 1 19861644 175588 536226 7768386 271106152 134942052 152 973400 135209376
======================
   8      32 sdc 78322 1 19861652 175820 536853 7768386 271427176 135071260 139 974400 135338756
======================
   8      32 sdc 78322 1 19861652 175820 537499 7768386 271757928 135214884 133 975404 135482396
======================
   8      32 sdc 78322 1 19861652 175820 538154 7768386 272093288 135358492 150 976408 135626060
======================
   8      32 sdc 78322 1 19861652 175820 538804 7768386 272426088 135501068 140 977412 135769620
======================
   8      32 sdc 78322 1 19861652 175820 539277 7768386 272668264 135639700 147 978416 135913532
======================
   8      32 sdc 78322 1 19861652 175820 539940 7768386 273007720 135790032 156 979420 136057220
======================
   8      32 sdc 78322 1 19861652 175820 540604 7768386 273347688 135933740 132 980424 136201020
======================
   8      32 sdc 78322 1 19861652 175820 541267 7768386 273687144 136076220 141 981424 136343596
======================
   8      32 sdc 78322 1 19861652 175820 541904 7768386 274013288 136218508 144 982428 136486940
======================
   8      32 sdc 78322 1 19861652 175820 542519 7768386 274328168 136362260 137 983432 136630720
======================
   8      32 sdc 78322 1 19861652 175820 543164 7768386 274658408 136506604 132 984436 136774088
======================
   8      32 sdc 78322 1 19861652 175820 543821 7768386 274994792 136649852 147 985436 136917092
======================
   8      32 sdc 78322 1 19861652 175820 544344 7768386 275262568 136765820 33 986440 137030272
======================
   8      32 sdc 78323 1 19861660 177156 544585 7768386 275385960 136813156 144 987444 137067620
======================
   8      32 sdc 78323 1 19861660 177156 545741 7768386 275977832 136942652 140 988448 137211088
======================
   8      32 sdc 78323 1 19861660 177156 546389 7768386 276309608 137084216 132 989452 137353392
======================
   8      32 sdc 78323 1 19861660 177156 546892 7768386 276567144 137208392 141 990464 137501436
======================
   8      32 sdc 78323 1 19861660 177156 547530 7768386 276893800 137376008 143 991472 137645472
======================
   8      32 sdc 78323 1 19861660 177156 548174 7768386 277223528 137520136 139 992476 137789092
======================
   8      32 sdc 78323 1 19861660 177156 548832 7768386 277560424 137663808 153 993480 137932648
======================
   8      32 sdc 78323 1 19861660 177156 549482 7768386 277893224 137809704 143 994480 138078400
======================
   8      32 sdc 78323 1 19861660 177156 550123 7768386 278221416 137953180 142 995484 138221904
======================
   8      32 sdc 78323 1 19861660 177156 550777 7768386 278556264 138096880 128 996488 138365348
======================
   8      32 sdc 78323 1 19861660 177156 551429 7768386 278890088 138239396 148 997492 138509192
======================
   8      32 sdc 78324 1 19861668 177384 552023 7768386 279194216 138379484 155 998496 138640848
======================
   8      32 sdc 78324 1 19861668 177384 552652 7768386 279516264 138515272 134 999496 138783672
======================
   8      32 sdc 78324 1 19861668 177384 553321 7768386 279858792 138658472 137 1000500 138927008
======================
   8      32 sdc 78324 1 19861668 177384 553996 7768386 280204392 138803284 134 1001512 139071684
======================
   8      32 sdc 78324 1 19861668 177384 554498 7768386 280461416 138914016 144 1002516 139217520
======================
   8      32 sdc 78324 1 19861668 177384 555119 7768386 280779368 139092628 131 1003520 139361288
======================
   8      32 sdc 78324 1 19861668 177384 555774 7768386 281114728 139235684 148 1004524 139504908
======================
   8      32 sdc 78324 1 19861668 177384 556428 7768386 281449576 139379520 134 1005528 139648624
======================
   8      32 sdc 78324 1 19861668 177384 557074 7768386 281780328 139523120 128 1006532 139792192
======================
   8      32 sdc 78324 1 19861668 177384 557726 7768386 282114152 139666560 148 1007532 139935328
======================
   8      32 sdc 78324 1 19861668 177384 558384 7768386 282451048 139810340 130 1008536 140078828
======================
   8      32 sdc 78324 1 19861668 177384 559023 7768386 282778216 139952872 131 1009540 140222056
======================
   8      32 sdc 78324 1 19861668 177384 559658 7768386 283103336 140095428 47 1010544 140357520
======================
   8      32 sdc 78325 1 19861676 177624 560274 7768386 283418728 140219052 133 1011552 140488828
======================
   8      32 sdc 78325 1 19861676 177624 560916 7768386 283747432 140363372 131 1012556 140632004
======================
   8      32 sdc 78325 1 19861676 177624 561573 7768386 284083816 140505936 146 1013560 140774988
======================
   8      32 sdc 78325 1 19861676 177624 562171 7768386 284389992 140636764 156 1014564 140919164
======================
   8      32 sdc 78325 1 19861676 177624 562731 7768386 284676712 140794948 140 1015564 141063780
======================
   8      32 sdc 78325 1 19861676 177624 563383 7768386 285010536 140938132 128 1016568 141206804
======================
   8      32 sdc 78325 1 19861676 177624 564019 7768386 285336168 141079860 132 1017572 141349896
======================
   8      32 sdc 78325 1 19861676 177624 564618 7768386 285642856 141222448 141 1018576 141493024
======================
   8      32 sdc 78325 1 19861676 177624 565266 7768386 285974632 141366756 133 1019580 141635628
======================
   8      32 sdc 78325 1 19861676 177624 565935 7768386 286317160 141511228 136 1020580 141779768
======================
   8      32 sdc 78325 1 19861676 177624 566603 7768386 286659176 141653960 140 1021584 141922836
======================
   8      32 sdc 78325 1 19861676 177624 567257 7768386 286994024 141795908 128 1022588 142065680
======================
   8      32 sdc 78326 1 19861684 177860 567857 7768386 287301224 141918288 138 1023592 142188944
======================
   8      32 sdc 78326 1 19861684 177860 568484 7768386 287622248 142064236 151 1024596 142333612
======================
   8      32 sdc 78326 1 19861684 177860 569142 7768386 287959144 142207800 133 1025600 142477008
======================
   8      32 sdc 78326 1 19861684 177860 569792 7768386 288291944 142351144 155 1026604 142620512
======================
   8      32 sdc 78326 1 19861684 177860 570296 7768386 288549992 142491372 131 1027608 142760520
======================
   8      32 sdc 78326 1 19861684 177860 570953 7768386 288886376 142634624 146 1028612 142904220
======================
   8      32 sdc 78326 1 19861684 177860 571593 7768386 289214056 142777236 146 1029616 143047956
======================
   8      32 sdc 78326 1 19861684 177860 572231 7768386 289540712 142921416 148 1030620 143191652
======================
   8      32 sdc 78326 1 19861684 177860 572866 7768386 289865832 143064688 153 1031620 143334384
======================
   8      32 sdc 78326 1 19861684 177860 573503 7768386 290191976 143208504 156 1032624 143477824
======================
   8      32 sdc 78326 1 19861684 177860 574161 7768386 290528872 143352308 138 1033628 143621612
======================
   8      32 sdc 78326 1 19861684 177860 574814 7768386 290863208 143495380 157 1034632 143764868
======================
   8      32 sdc 78326 1 19861684 177860 575048 7768386 290983016 143557840 17 1035636 143823544
======================
   8      32 sdc 78327 1 19861692 179388 576081 7768386 291511912 143604224 132 1036640 143862548
======================
   8      32 sdc 78327 1 19861692 179388 576733 7768386 291845736 143734928 152 1037644 144005604
======================
   8      32 sdc 78327 1 19861692 179388 577358 7768386 292165736 143877084 135 1038648 144149028
======================
   8      32 sdc 78327 1 19861692 179388 577856 7768386 292420712 144024460 149 1039652 144295264
======================
   8      32 sdc 78327 1 19861692 179388 578525 7768386 292763240 144168516 152 1040656 144439252
======================
   8      32 sdc 78327 1 19861692 179388 579194 7768386 293105768 144312276 155 1041660 144582880
======================
   8      32 sdc 78327 1 19861692 179388 579852 7768386 293442664 144454444 137 1042660 144726268
======================
   8      32 sdc 78327 1 19861692 179388 580467 7768386 293757544 144597740 130 1043664 144869572
======================
   8      32 sdc 78327 1 19861692 179388 581089 7768386 294076008 144741356 148 1044664 145012428
======================
   8      32 sdc 78327 1 19861692 179388 581747 7768386 294412904 144885024 130 1045668 145155448
======================
   8      32 sdc 78327 1 19861692 179388 582397 7768386 294745704 145028184 152 1046672 145299120
======================
   8      32 sdc 78328 1 19861700 179608 583016 7768386 295062632 145154216 130 1047676 145425388
======================
   8      32 sdc 78328 1 19861700 179608 583671 7768386 295397992 145297964 147 1048680 145569040
======================
   8      32 sdc 78328 1 19861700 179608 584328 7768386 295734376 145441312 130 1049684 145712364
======================
   8      32 sdc 78328 1 19861700 179608 584963 7768386 296059496 145584056 135 1050684 145855468
======================
   8      32 sdc 78328 1 19861700 179608 585445 7768386 296306280 145729660 134 1051688 146001152
======================
   8      32 sdc 78328 1 19861700 179608 586080 7768386 296631400 145873176 139 1052692 146144860
======================
   8      32 sdc 78328 1 19861700 179608 586736 7768386 296967272 146016876 155 1053696 146288024
======================
   8      32 sdc 78328 1 19861700 179608 587392 7768386 297303144 146160576 139 1054700 146432036
======================
   8      32 sdc 78328 1 19861700 179608 588038 7768386 297633896 146304020 133 1055704 146575432
======================
   8      32 sdc 78328 1 19861700 179608 588688 7768386 297966696 146447584 155 1056708 146718896
======================
   8      32 sdc 78328 1 19861700 179608 589345 7768386 298303080 146591024 138 1057708 146862036
======================
   8      32 sdc 78328 1 19861700 179608 589973 7768386 298624616 146733204 150 1058712 147005520
======================
   8      32 sdc 78328 1 19861700 179608 590403 7768386 298844776 146830684 22 1059716 147097392
======================
   8      32 sdc 78328 1 19861700 179608 590403 7768386 298844776 146830684 22 1060720 147119480
======================
   8      32 sdc 78329 1 19861708 181280 591878 7768386 299599976 146967848 137 1061724 147240372
======================
   8      32 sdc 78329 1 19861708 181280 592546 7768386 299941992 147110136 141 1062724 147382376
======================
   8      32 sdc 78329 1 19861708 181280 593180 7768386 300266600 147251504 147 1063728 147525244
======================
   8      32 sdc 78329 1 19861708 181280 593812 7768386 300590184 147395216 155 1064736 147668168
======================
   8      32 sdc 78329 1 19861708 181280 594453 7768386 300918376 147537740 154 1065740 147810916
======================
   8      32 sdc 78329 1 19861708 181280 595097 7768386 301248104 147680740 150 1066744 147954452
======================
   8      32 sdc 78329 1 19861708 181280 595739 7768386 301576808 147823904 148 1067748 148097496
======================
   8      32 sdc 78329 1 19861708 181280 596389 7768386 301909608 147967436 138 1068752 148240812
======================
   8      32 sdc 78329 1 19861708 181280 597044 7768386 302244968 148110000 155 1069752 148383060
======================
   8      32 sdc 78329 1 19861708 181280 597680 7768386 302570600 148252944 144 1070760 148526720
======================
   8      32 sdc 78330 1 19861716 181704 598157 7768386 302814824 148361128 149 1071764 148632528
======================
   8      32 sdc 78330 1 19861716 181704 598792 7768386 303139944 148501320 154 1072764 148775432
======================
   8      32 sdc 78330 1 19861716 181704 599434 7768386 303468648 148645532 152 1073772 148919396
======================
   8      32 sdc 78330 1 19861716 181704 600086 7768386 303802472 148789012 140 1074776 149063112
======================
   8      32 sdc 78330 1 19861716 181704 600720 7768386 304127080 148928152 199 1075776 149246048
======================
   8      32 sdc 78330 1 19861716 181704 601372 7768386 304460904 149076216 218 1076784 149456544
======================
   8      32 sdc 78330 1 19861716 181704 602029 7768386 304797288 149232172 201 1077788 149661776
======================
   8      32 sdc 78330 1 19861716 181704 602658 7768386 305119336 149545484 148 1078792 149845644
======================
   8      32 sdc 78330 1 19861716 181704 603274 7768386 305434728 149716068 140 1079796 149990472
======================
   8      32 sdc 78330 1 19861716 181704 603935 7768386 305773160 149860496 151 1080800 150133820
======================
   8      32 sdc 78330 1 19861716 181704 604598 7768386 306112616 150004140 128 1081804 150277248
======================
   8      32 sdc 78330 1 19861716 181704 605267 7768386 306455144 150147216 131 1082808 150420480
======================
   8      32 sdc 78331 1 19861724 181964 605888 7768827 306772088 150267112 137 1083808 150539280
======================
   8      32 sdc 78331 1 19861724 181964 606503 7768827 307086968 150408024 130 1084812 150682876
======================
   8      32 sdc 78331 1 19861724 181964 607145 7768827 307415672 150552976 128 1085816 150826604
======================
   8      32 sdc 78331 1 19861724 181964 607802 7768827 307752056 150696200 143 1086820 150970432
======================
   8      32 sdc 78331 1 19861724 181964 608297 7768827 308005496 150816592 128 1087824 151113316
======================
   8      32 sdc 78331 1 19861724 181964 608945 7768827 308337272 150983188 152 1088828 151257252
======================
   8      32 sdc 78331 1 19861724 181964 609597 7768827 308671096 151126672 140 1089828 151400336
======================
   8      32 sdc 78331 1 19861724 181964 610234 7768827 308997240 151269568 143 1090832 151543952
======================
   8      32 sdc 78331 1 19861724 181964 610870 7768827 309322872 151413244 147 1091836 151687552
======================
   8      32 sdc 78331 1 19861724 181964 611505 7768827 309647992 151557248 152 1092840 151831660
======================
   8      32 sdc 78331 1 19861724 181964 612147 7768827 309976696 151701332 150 1093844 151975296
======================
   8      32 sdc 78331 1 19861724 181964 612804 7768827 310313080 151844852 133 1094848 152118868
======================
   8      32 sdc 78331 1 19861724 181964 613454 7768827 310645880 151987992 20 1095848 152250252
======================
   8      32 sdc 78332 1 19861732 182248 614076 7768846 310962984 152103372 138 1096852 152378564
======================
   8      32 sdc 78332 1 19861732 182248 614730 7768846 311297832 152248120 156 1097856 152522216
======================
   8      32 sdc 78332 1 19861732 182248 615388 7768846 311634728 152392004 138 1098860 152666212
======================
   8      32 sdc 78332 1 19861732 182248 615935 7768846 311914792 152518536 135 1099864 152808952
======================
   8      32 sdc 78332 1 19861732 182248 616514 7768846 312211240 152677496 132 1100868 152951224
======================
   8      32 sdc 78332 1 19861732 182248 617184 7768856 312553352 152805256 136 1101872 153079368
======================
   8      32 sdc 78332 1 19861732 182248 617848 7768856 312893320 152948080 144 1102876 153223184
======================
   8      32 sdc 78332 1 19861732 182248 618495 7768856 313224584 153090948 137 1103876 153366196
======================
   8      32 sdc 78332 1 19861732 182248 619111 7768856 313539976 153234876 129 1104880 153509700
======================
   8      32 sdc 78332 1 19861732 182248 619749 7768856 313866632 153379756 131 1105884 153653516
======================
   8      32 sdc 78332 1 19861732 182248 620408 7768866 314203112 153507536 146 1106888 153781648
======================
   8      32 sdc 78332 1 19861732 182248 621055 7768866 314534888 153650716 106 1107892 153924196
======================
   8      32 sdc 78333 1 19861740 182540 621676 7769314 314850424 153770420 32 1108896 154036700
======================
   8      32 sdc 78333 1 19861740 182540 621715 7769317 314854216 153781236 0 1108988 154039964
======================
   8      32 sdc 78333 1 19861740 182540 621715 7769317 314854216 153781236 0 1108988 154039964
======================
   8      32 sdc 78333 1 19861740 182540 621715 7769317 314854216 153781236 0 1108988 154039964
======================
   8      32 sdc 78333 1 19861740 182540 621715 7769317 314854216 153781236 0 1108988 154039964
======================
   8      32 sdc 78333 1 19861740 182540 621715 7769317 314854216 153781236 0 1108988 154039964
======================
   8      32 sdc 78551 1 19863478 190176 621734 7769317 314854288 153781236 17 1109488 154055556
started
======================
   8      32 sdc 78574 1 19863662 203756 621736 7769317 314854296 153781236 0 1109864 154061180
======================
   8      32 sdc 78929 1 19953550 204256 621736 7769317 314854296 153781236 1 1110172 154061680
======================
   8      32 sdc 80246 1 20290702 205952 621736 7769317 314854296 153781236 2 1111188 154063376
======================
   8      32 sdc 81406 1 20587662 207708 621736 7769317 314854296 153781236 2 1112196 154065132
======================
   8      32 sdc 82330 1 20824206 209504 621736 7769317 314854296 153781236 1 1113204 154066928
======================
   8      32 sdc 83675 1 21168526 211180 621736 7769317 314854296 153781236 1 1114208 154068600
======================
   8      32 sdc 84975 1 21501326 212852 621736 7769317 314854296 153781236 2 1115208 154070272
======================
   8      32 sdc 86258 2 21830030 214528 621739 7769318 314854328 153781296 2 1116212 154072004
======================
   8      32 sdc 87570 2 22165902 216200 621739 7769318 314854328 153781296 2 1117216 154073676
======================
   8      32 sdc 88884 2 22502286 217916 621739 7769318 314854328 153781296 2 1118220 154075392
======================
   8      32 sdc 90093 2 22811790 219652 621739 7769318 314854328 153781296 1 1119224 154077132
======================
   8      32 sdc 91375 2 23139982 221340 621739 7769318 314854328 153781296 2 1120224 154078816
======================
   8      32 sdc 92660 2 23468942 223036 621739 7769318 314854328 153781296 1 1121228 154080512
======================
   8      32 sdc 93955 2 23800462 224696 621739 7769318 314854328 153781296 2 1122232 154082172
======================
   8      32 sdc 95265 2 24135822 226360 621739 7769318 314854328 153781296 2 1123236 154083836
======================
   8      32 sdc 96548 2 24464270 228020 621739 7769318 314854328 153781296 2 1124240 154085500
======================
   8      32 sdc 97864 2 24801166 229732 621739 7769318 314854328 153781296 1 1125244 154087208
======================
   8      32 sdc 99205 2 25144462 231376 621739 7769318 314854328 153781296 2 1126244 154088848
======================
   8      32 sdc 100462 2 25466254 233092 621739 7769318 314854328 153781296 2 1127248 154090564
======================
   8      32 sdc 101717 2 25787534 234724 621739 7769318 314854328 153781296 0 1128252 154092196
======================
   8      32 sdc 103061 2 26131598 236396 621739 7769318 314854328 153781296 2 1129256 154093868
======================
   8      32 sdc 104405 2 26475662 238088 621739 7769318 314854328 153781296 2 1130260 154095564
======================
   8      32 sdc 105757 2 26821774 239764 621739 7769318 314854328 153781296 2 1131264 154097240
======================
   8      32 sdc 107015 2 27143822 241448 621739 7769318 314854328 153781296 2 1132268 154098928
======================
   8      32 sdc 108252 2 27460494 243204 621739 7769318 314854328 153781296 1 1133268 154100676
======================
   8      32 sdc 109595 2 27804302 244876 621739 7769318 314854328 153781296 2 1134272 154102348
======================
   8      32 sdc 110881 2 28133518 246544 621739 7769318 314854328 153781296 1 1135276 154104008
======================
   8      32 sdc 112173 2 28464270 248216 621739 7769318 314854328 153781296 1 1136280 154105680
======================
   8      32 sdc 113502 2 28804494 249940 621739 7769318 314854328 153781296 2 1137284 154107404
======================
   8      32 sdc 114813 2 29140110 251576 621739 7769318 314854328 153781296 1 1138288 154109040
======================
   8      32 sdc 116086 2 29465998 253268 621739 7769318 314854328 153781296 2 1139292 154110728
======================
   8      32 sdc 117361 2 29792398 254944 621739 7769318 314854328 153781296 2 1140296 154112404
======================
   8      32 sdc 118644 2 30120846 256632 621739 7769318 314854328 153781296 2 1141300 154114088
======================
   8      32 sdc 119966 2 30459278 258288 621739 7769318 314854328 153781296 1 1142304 154115744
======================
   8      32 sdc 121298 2 30800270 259932 621739 7769318 314854328 153781296 1 1143308 154117388
======================
   8      32 sdc 122586 2 31129998 261584 621739 7769318 314854328 153781296 2 1144316 154119036
======================
   8      32 sdc 123888 2 31463310 263224 621739 7769318 314854328 153781296 2 1145324 154120684
======================
   8      32 sdc 125186 2 31795598 264920 621740 7769318 314854336 153781360 2 1146328 154122440
======================
   8      32 sdc 126434 2 32115086 266668 621740 7769318 314854336 153781360 1 1147336 154124188
======================
   8      32 sdc 127720 2 32444302 268344 621740 7769318 314854336 153781360 2 1148336 154125856
======================
   8      32 sdc 129071 2 32790158 270008 621740 7769318 314854336 153781360 1 1149340 154127520
======================
   8      32 sdc 130421 2 33135758 271604 621740 7769318 314854336 153781360 2 1150340 154129116
======================
   8      32 sdc 131757 2 33477774 273256 621740 7769318 314854336 153781360 2 1151344 154130768
======================
   8      32 sdc 133006 2 33797518 274932 621740 7769318 314854336 153781360 1 1152348 154132444
======================
   8      32 sdc 134227 2 34110094 276636 621740 7769318 314854336 153781360 2 1153352 154134148
======================
   8      32 sdc 135566 2 34453134 278260 621740 7769318 314854336 153781360 2 1154348 154135772
======================
   8      32 sdc 136873 2 34787470 279920 621740 7769318 314854336 153781360 2 1155352 154137428
======================
   8      32 sdc 138156 2 35115918 281620 621740 7769318 314854336 153781360 2 1156356 154139128
======================
   8      32 sdc 139471 2 35452558 283308 621740 7769318 314854336 153781360 2 1157360 154140820
======================
   8      32 sdc 140763 2 35783310 284980 621740 7769318 314854336 153781360 1 1158364 154142484
======================
   8      32 sdc 142049 2 36112526 286620 621740 7769318 314854336 153781360 2 1159364 154144124
======================
   8      32 sdc 143333 2 36441230 288296 621740 7769318 314854336 153781360 2 1160368 154145796
======================
   8      32 sdc 144610 2 36768142 289968 621740 7769318 314854336 153781360 2 1161368 154147468
======================
   8      32 sdc 145927 2 37105294 291612 621740 7769318 314854336 153781360 2 1162372 154149128
======================
   8      32 sdc 147241 2 37441678 293312 621740 7769318 314854336 153781360 2 1163376 154150808
======================
   8      32 sdc 148525 2 37770382 294992 621740 7769318 314854336 153781360 2 1164376 154152480
======================
   8      32 sdc 149847 2 38108814 296652 621740 7769318 314854336 153781360 2 1165384 154154144
======================
   8      32 sdc 151199 2 38454926 298308 621740 7769318 314854336 153781360 2 1166384 154155792
======================
   8      32 sdc 152456 2 38776718 299944 621740 7769318 314854336 153781360 2 1167392 154157428
======================
   8      32 sdc 153755 2 39109262 301632 621740 7769318 314854336 153781360 2 1168396 154159112
======================
   8      32 sdc 155087 2 39450254 303296 621740 7769318 314854336 153781360 2 1169396 154160776
======================
   8      32 sdc 156430 2 39794062 304952 621740 7769318 314854336 153781360 1 1170400 154162436
