======================
   8      32 sdc 469835 7310 136341054 10918272 4802056 146527395 2445017600 1394944624 0 9438032 1406307840
======================
   8      32 sdc 469835 7310 136341054 10918272 4802056 146527395 2445017600 1394944624 0 9438032 1406307840
======================
   8      32 sdc 469837 7310 136341070 10918316 4802056 146527395 2445017600 1394944624 0 9438076 1406307884
======================
   8      32 sdc 469837 7310 136341070 10918316 4802056 146527395 2445017600 1394944624 0 9438076 1406307884
======================
   8      32 sdc 469838 7310 136341078 10918332 4803254 146527395 2445630976 1394960884 127 9438456 1406346456
======================
   8      32 sdc 469838 7310 136341078 10918332 4803528 146527395 2445771264 1395087836 141 9439460 1406490368
======================
   8      32 sdc 469838 7310 136341078 10918332 4803665 146527395 2445841408 1395161516 132 9440464 1406628516
======================
   8      32 sdc 469838 7310 136341078 10918332 4803921 146527395 2445972480 1395333884 133 9441468 1406767972
======================
   8      32 sdc 469838 7310 136341078 10918332 4804264 146527412 2446147224 1395501012 143 9442472 1406907052
======================
   8      32 sdc 469838 7310 136341078 10918332 4804603 146527412 2446320792 1395675412 156 9443476 1407050612
======================
   8      32 sdc 469838 7310 136341078 10918332 4804845 146527412 2446444696 1395756672 138 9444476 1407188960
======================
   8      32 sdc 469838 7310 136341078 10918332 4804845 146527412 2446444696 1395756672 138 9445480 1407327512
======================
   8      32 sdc 469838 7310 136341078 10918332 4805354 146527412 2446705304 1396089856 141 9446480 1407469316
======================
   8      32 sdc 469838 7310 136341078 10918332 4806031 146527412 2447051928 1396234608 136 9447484 1407612928
======================
   8      32 sdc 469838 7310 136341078 10918332 4806813 146527412 2447452312 1396385856 154 9448488 1407756244
======================
   8      32 sdc 469838 7310 136341078 10918332 4808383 146527412 2448256152 1396558924 152 9449720 1407931792
======================
   8      32 sdc 469838 7310 136341078 10918332 4809173 146527412 2448660632 1396698320 130 9450724 1408073516
======================
   8      32 sdc 469839 7310 136341086 10918476 4809846 146527412 2449005208 1396831848 157 9451732 1408208336
======================
   8      32 sdc 469839 7310 136341086 10918476 4810497 146527412 2449338520 1396972444 146 9452732 1408351636
======================
   8      32 sdc 469839 7310 136341086 10918476 4811139 146527412 2449667224 1397116144 144 9453740 1408495956
======================
   8      32 sdc 469839 7310 136341086 10918476 4811428 146527412 2449815192 1397180728 143 9454744 1408639572
======================
   8      32 sdc 469839 7310 136341086 10918476 4812409 146527412 2450317464 1397404448 154 9455744 1408781412
======================
   8      32 sdc 469839 7310 136341086 10918476 4813068 146527412 2450654872 1397546040 135 9456748 1408925264
======================
   8      32 sdc 469839 7310 136341086 10918476 4813710 146527412 2450983576 1397689584 133 9457752 1409068832
======================
   8      32 sdc 469839 7310 136341086 10918476 4814384 146527412 2451328664 1397833960 131 9458756 1409212396
======================
   8      32 sdc 469839 7310 136341086 10918476 4815024 146527412 2451656344 1397977304 131 9459760 1409354512
======================
   8      32 sdc 469839 7310 136341086 10918476 4815672 146527412 2451988120 1398118336 155 9460764 1409498140
======================
   8      32 sdc 469839 7310 136341086 10918476 4816129 146527412 2452222616 1398241772 146 9461768 1409641148
======================
   8      32 sdc 469839 7310 136341086 10918476 4816832 146527412 2452582040 1398406224 147 9462772 1409784868
======================
   8      32 sdc 469840 7310 136341094 10918684 4817492 146527412 2452919960 1398536836 129 9463776 1409915600
======================
   8      32 sdc 469840 7310 136341094 10918684 4818146 146527412 2453254808 1398681580 147 9464776 1410057484
======================
   8      32 sdc 469840 7310 136341094 10918684 4818797 146527412 2453588120 1398825332 136 9465780 1410202632
======================
   8      32 sdc 469840 7310 136341094 10918684 4819424 146527412 2453909144 1398966444 149 9466784 1410346184
======================
   8      32 sdc 469840 7310 136341094 10918684 4820086 146527412 2454248088 1399110828 140 9467788 1410489616
======================
   8      32 sdc 469840 7310 136341094 10918684 4820728 146527412 2454576792 1399254052 157 9468792 1410633508
======================
   8      32 sdc 469840 7310 136341094 10918684 4821374 146527412 2454907544 1399397700 151 9469796 1410777280
======================
   8      32 sdc 469840 7310 136341094 10918684 4822003 146527412 2455229592 1399545448 130 9470800 1410921240
======================
   8      32 sdc 469840 7310 136341094 10918684 4822694 146527412 2455583384 1399684368 143 9471804 1411063952
======================
   8      32 sdc 469840 7310 136341094 10918684 4823327 146527412 2455907480 1399832620 150 9472808 1411209284
======================
   8      32 sdc 469840 7310 136341094 10918684 4823978 146527412 2456240792 1399972116 139 9473812 1411351928
======================
   8      32 sdc 469840 7310 136341094 10918684 4824618 146527412 2456568472 1400115396 139 9474816 1411495840
======================
   8      32 sdc 469841 7310 136341102 10918904 4825261 146527412 2456897688 1400245676 157 9475820 1411624928
======================
   8      32 sdc 469841 7310 136341102 10918904 4825924 146527412 2457237144 1400390820 134 9476824 1411770436
======================
   8      32 sdc 469841 7310 136341102 10918904 4826565 146527412 2457565336 1400533932 133 9477824 1411913552
======================
   8      32 sdc 469841 7310 136341102 10918904 4827218 146527412 2457899672 1400678360 152 9478828 1412057152
======================
   8      32 sdc 469841 7310 136341102 10918904 4827529 146527412 2458058904 1400748284 129 9479832 1412193748
======================
   8      32 sdc 469841 7310 136341102 10918904 4828482 146527412 2458546840 1400955416 136 9480836 1412335744
======================
   8      32 sdc 469841 7310 136341102 10918904 4829134 146527412 2458880664 1401100620 156 9481840 1412479412
======================
   8      32 sdc 469841 7310 136341102 10918904 4829810 146527412 2459226776 1401244344 152 9482844 1412623360
======================
   8      32 sdc 469841 7310 136341102 10918904 4830486 146527412 2459572888 1401387996 148 9483848 1412767204
======================
   8      32 sdc 469841 7310 136341102 10918904 4831075 146527412 2459874456 1401534672 135 9484852 1412912044
======================
   8      32 sdc 469841 7310 136341102 10918904 4831720 146527412 2460204696 1401678300 130 9485856 1413055676
======================
   8      32 sdc 469841 7310 136341102 10918904 4832412 146527412 2460559000 1401820004 111 9486856 1413198316
======================
   8      32 sdc 469842 7310 136341110 10919124 4833060 146527412 2460890776 1401951320 133 9487860 1413330296
======================
   8      32 sdc 469842 7310 136341110 10919124 4833716 146527412 2461226648 1402093504 149 9488864 1413473568
======================
   8      32 sdc 469842 7310 136341110 10919124 4834357 146527412 2461554840 1402236676 148 9489868 1413617024
======================
   8      32 sdc 469842 7310 136341110 10919124 4834991 146527412 2461879448 1402375748 154 9490872 1413760144
======================
   8      32 sdc 469842 7310 136341110 10919124 4835645 146527412 2462214296 1402524500 140 9491876 1413904584
======================
   8      32 sdc 469842 7310 136341110 10919124 4836287 146527412 2462543000 1402667580 138 9492880 1414047760
======================
   8      32 sdc 469842 7310 136341110 10919124 4836929 146527412 2462871704 1402810940 136 9493884 1414191104
======================
   8      32 sdc 469842 7310 136341110 10919124 4837573 146527412 2463201432 1402954516 132 9494888 1414334352
======================
   8      32 sdc 469842 7310 136341110 10919124 4838238 146527412 2463541912 1403097500 139 9495888 1414476860
======================
   8      32 sdc 469842 7310 136341110 10919124 4838848 146527412 2463854232 1403241884 137 9496892 1414619124
======================
   8      32 sdc 469842 7310 136341110 10919124 4839520 146527412 2464198296 1403386416 137 9497896 1414763400
======================
   8      32 sdc 469842 7310 136341110 10919124 4840187 146527412 2464539800 1403527312 16 9498900 1414894700
======================
   8      32 sdc 469843 7310 136341118 10919340 4840834 146527412 2464871064 1403655624 136 9499908 1415032476
======================
   8      32 sdc 469843 7310 136341118 10919340 4841459 146527412 2465191064 1403794524 151 9500912 1415175800
======================
   8      32 sdc 469843 7310 136341118 10919340 4842106 146527412 2465522328 1403939472 144 9501916 1415319496
======================
   8      32 sdc 469843 7310 136341118 10919340 4842766 146527412 2465860248 1404082000 156 9502920 1415463412
======================
   8      32 sdc 469843 7310 136341118 10919340 4843436 146527412 2466203288 1404227232 158 9503924 1415607252
======================
   8      32 sdc 469843 7310 136341118 10919340 4844065 146527412 2466525336 1404369104 137 9504924 1415750612
======================
   8      32 sdc 469843 7310 136341118 10919340 4844401 146527412 2466697368 1404446540 153 9505928 1415898844
======================
   8      32 sdc 469843 7310 136341118 10919340 4845328 146527412 2467171992 1404664848 154 9506932 1416041992
======================
   8      32 sdc 469843 7310 136341118 10919340 4846033 146527412 2467533464 1404807900 153 9507936 1416186912
======================
   8      32 sdc 469843 7310 136341118 10919340 4846675 146527412 2467861656 1404949732 151 9508940 1416330624
======================
   8      32 sdc 469843 7310 136341118 10919340 4847317 146527412 2468190360 1405094180 149 9509944 1416472452
======================
   8      32 sdc 469844 7310 136341126 10919524 4847967 146527412 2468523160 1405227108 143 9510948 1416607780
======================
   8      32 sdc 469844 7310 136341126 10919524 4848593 146527412 2468843672 1405393148 157 9511952 1416759328
======================
   8      32 sdc 469844 7310 136341126 10919524 4849251 146527412 2469180568 1405521752 139 9512952 1416902544
======================
   8      32 sdc 469844 7310 136341126 10919524 4849885 146527412 2469505176 1405671048 145 9513956 1417041644
======================
   8      32 sdc 469844 7310 136341126 10919524 4850527 146527412 2469833880 1405804096 143 9514960 1417185020
======================
   8      32 sdc 469844 7310 136341126 10919524 4851184 146527412 2470170264 1405947624 158 9515964 1417328448
======================
   8      32 sdc 469844 7310 136341126 10919524 4851811 146527412 2470491288 1406095448 139 9516968 1417473800
======================
   8      32 sdc 469844 7310 136341126 10919524 4852483 146527412 2470835352 1406236808 139 9517972 1417617364
======================
   8      32 sdc 469844 7310 136341126 10919524 4853160 146527412 2471181976 1406383696 134 9518980 1417763464
======================
   8      32 sdc 469844 7310 136341126 10919524 4853788 146527412 2471503512 1406524572 146 9519984 1417906856
======================
   8      32 sdc 469844 7310 136341126 10919524 4854389 146527412 2471811224 1406670952 153 9520984 1418049308
======================
   8      32 sdc 469844 7310 136341126 10919524 4855091 146527412 2472170648 1406811676 155 9521988 1418192244
======================
   8      32 sdc 469845 7310 136341134 10919744 4855744 146527412 2472504984 1406941580 144 9522992 1418322800
======================
   8      32 sdc 469845 7310 136341134 10919744 4856421 146527412 2472851608 1407085388 139 9523996 1418466388
======================
   8      32 sdc 469845 7310 136341134 10919744 4857061 146527412 2473179288 1407227232 139 9525000 1418609948
======================
   8      32 sdc 469845 7310 136341134 10919744 4857655 146527412 2473483416 1407372760 153 9526004 1418752792
======================
   8      32 sdc 469845 7310 136341134 10919744 4858318 146527412 2473822872 1407516000 130 9527008 1418894532
======================
   8      32 sdc 469845 7310 136341134 10919744 4858988 146527412 2474165912 1407656296 132 9528008 1419037676
======================
   8      32 sdc 469845 7310 136341134 10919744 4859630 146527412 2474494616 1407799708 130 9529012 1419181084
======================
   8      32 sdc 469845 7310 136341134 10919744 4860293 146527412 2474834072 1407941484 139 9530016 1419323044
======================
   8      32 sdc 469845 7310 136341134 10919744 4860952 146527412 2475171480 1408084384 152 9531024 1419467072
======================
   8      32 sdc 469845 7310 136341134 10919744 4861594 146527412 2475500184 1408227840 150 9532024 1419610072
======================
   8      32 sdc 469845 7310 136341134 10919744 4862193 146527412 2475806872 1408372792 137 9533028 1419752280
======================
   8      32 sdc 469845 7310 136341134 10919744 4862872 146527412 2476154520 1408513500 152 9534032 1419895956
======================
   8      32 sdc 469845 7310 136341134 10919744 4863142 146527412 2476292760 1408574584 37 9535036 1419969340
======================
   8      32 sdc 469846 7310 136341142 10921348 4864071 146527412 2476768408 1408652356 135 9536040 1420021968
======================
   8      32 sdc 469846 7310 136341142 10921348 4864753 146527412 2477117592 1408783316 157 9537044 1420164484
======================
   8      32 sdc 469846 7310 136341142 10921348 4865440 146527412 2477469336 1408923952 142 9538048 1420307956
======================
   8      32 sdc 469846 7310 136341142 10921348 4865717 146527412 2477611160 1408983796 153 9539048 1420456460
======================
   8      32 sdc 469846 7310 136341142 10921348 4866708 146527412 2478118552 1409220284 155 9540052 1420601852
======================
   8      32 sdc 469846 7310 136341142 10921348 4867365 146527412 2478454936 1409362372 138 9541056 1420745596
======================
   8      32 sdc 469846 7310 136341142 10921348 4868035 146527412 2478797976 1409505776 140 9542060 1420889200
======================
   8      32 sdc 469846 7310 136341142 10921348 4868711 146527412 2479144088 1409649264 136 9543064 1421032864
======================
   8      32 sdc 469846 7310 136341142 10921348 4869387 146527412 2479490200 1409792808 132 9544064 1421175692
======================
   8      32 sdc 469846 7310 136341142 10921348 4869932 146527412 2479769240 1409939732 131 9545068 1421321452
======================
   8      32 sdc 469846 7310 136341142 10921348 4870642 146527412 2480132760 1410081196 157 9546072 1421464952
======================
   8      32 sdc 469847 7310 136341150 10921548 4871256 146527412 2480447128 1410217032 138 9547076 1421597872
======================
   8      32 sdc 469847 7310 136341150 10921548 4871950 146527412 2480802456 1410357696 148 9548080 1421742164
======================
   8      32 sdc 469847 7310 136341150 10921548 4872592 146527412 2481131160 1410501140 146 9549084 1421885792
======================
   8      32 sdc 469847 7310 136341150 10921548 4873243 146527412 2481464472 1410644652 135 9550088 1422029332
======================
   8      32 sdc 469847 7310 136341150 10921548 4873884 146527412 2481792664 1410788336 134 9551088 1422172296
======================
   8      32 sdc 469847 7310 136341150 10921548 4874199 146527412 2481953944 1410858672 139 9552092 1422313840
======================
   8      32 sdc 469847 7310 136341150 10921548 4875168 146527412 2482450072 1411072752 130 9553096 1422456772
======================
   8      32 sdc 469847 7310 136341150 10921548 4875810 146527412 2482778776 1411216492 128 9554100 1422600364
======================
   8      32 sdc 469847 7310 136341150 10921548 4876464 146527412 2483113624 1411359648 146 9555104 1422743992
======================
   8      32 sdc 469847 7310 136341150 10921548 4877123 146527412 2483451032 1411503556 135 9556108 1422887484
======================
   8      32 sdc 469847 7310 136341150 10921548 4877687 146527412 2483739800 1411634788 139 9557112 1423032116
======================
   8      32 sdc 469847 7310 136341150 10921548 4878415 146527412 2484112536 1411791832 124 9558112 1423175196
======================
   8      32 sdc 469848 7310 136341158 10921812 4879071 146527412 2484448408 1411918328 142 9559116 1423302056
======================
   8      32 sdc 469848 7310 136341158 10921812 4879715 146527412 2484778136 1412060260 138 9560120 1423445656
======================
   8      32 sdc 469848 7310 136341158 10921812 4880341 146527412 2485098648 1412204312 152 9561124 1423589388
======================
   8      32 sdc 469848 7310 136341158 10921812 4880997 146527412 2485434520 1412349048 136 9562128 1423732848
======================
   8      32 sdc 469848 7310 136341158 10921812 4881661 146527412 2485774488 1412492872 144 9563132 1423876776
======================
   8      32 sdc 469848 7310 136341158 10921812 4882161 146527412 2486031000 1412643796 129 9564136 1424013016
======================
   8      32 sdc 469848 7310 136341158 10921812 4882954 146527412 2486436504 1412771092 146 9565140 1424156660
======================
   8      32 sdc 469848 7310 136341158 10921812 4883593 146527412 2486763672 1412916324 147 9566144 1424300496
======================
   8      32 sdc 469848 7310 136341158 10921812 4884271 146527412 2487110808 1413060328 141 9567148 1424443996
======================
   8      32 sdc 469848 7310 136341158 10921812 4884928 146527412 2487447192 1413203036 156 9568152 1424587396
======================
   8      32 sdc 469848 7310 136341158 10921812 4885535 146527412 2487757976 1413350116 157 9569156 1424731380
======================
   8      32 sdc 469849 7310 136341166 10922024 4886204 146527412 2488100504 1413487052 159 9570160 1424860156
======================
   8      32 sdc 469849 7310 136341166 10922024 4886867 146527412 2488439960 1413619712 136 9571164 1425003972
======================
   8      32 sdc 469849 7310 136341166 10922024 4887510 146527412 2488769176 1413762828 133 9572168 1425147640
======================
   8      32 sdc 469849 7310 136341166 10922024 4888153 146527412 2489098392 1413906708 130 9573172 1425291196
======================
   8      32 sdc 469849 7310 136341166 10922024 4888790 146527412 2489424536 1414050540 133 9574180 1425435384
======================
   8      32 sdc 469849 7310 136341166 10922024 4889789 146527412 2489936024 1414272156 158 9575688 1425655372
======================
   8      32 sdc 469849 7310 136341166 10922024 4890513 146527412 2490306712 1414432908 138 9576844 1425821584
======================
   8      32 sdc 469849 7310 136341166 10922024 4891178 146527412 2490647192 1414579784 145 9577848 1425964508
======================
   8      32 sdc 469849 7310 136341166 10922024 4891855 146527412 2490993816 1414721948 140 9578852 1426106564
======================
   8      32 sdc 469849 7310 136341166 10922024 4892502 146527412 2491325080 1414863780 133 9579852 1426249344
======================
   8      32 sdc 469849 7310 136341166 10922024 4893126 146527412 2491644568 1415007304 149 9580856 1426393224
======================
   8      32 sdc 469849 7310 136341166 10922024 4893785 146527412 2491981976 1415152304 114 9581860 1426536068
======================
   8      32 sdc 469850 7310 136341174 10922244 4894438 146527412 2492316312 1415279312 150 9582864 1426664428
======================
   8      32 sdc 469850 7310 136341174 10922244 4895075 146527412 2492642456 1415414580 153 9583864 1426807888
======================
   8      32 sdc 469850 7310 136341174 10922244 4895771 146527412 2492998808 1415567440 129 9584872 1426953184
======================
   8      32 sdc 469850 7310 136341174 10922244 4896381 146527412 2493311128 1415708048 141 9585872 1427095840
======================
   8      32 sdc 469850 7310 136341174 10922244 4897057 146527412 2493657240 1415855020 155 9586876 1427239404
======================
   8      32 sdc 469850 7310 136341174 10922244 4897715 146527412 2493994136 1415996676 137 9587880 1427382232
======================
   8      32 sdc 469850 7310 136341174 10922244 4898356 146527412 2494322328 1416140772 136 9588884 1427526580
======================
   8      32 sdc 469850 7310 136341174 10922244 4898992 146527412 2494647960 1416280200 140 9589884 1427668372
======================
   8      32 sdc 469850 7310 136341174 10922244 4899617 146527412 2494967960 1416413032 155 9590888 1427812276
======================
   8      32 sdc 469850 7310 136341174 10922244 4900320 146527412 2495327896 1416570116 156 9591888 1427954980
======================
   8      32 sdc 469850 7310 136341174 10922244 4900961 146527412 2495656088 1416712980 155 9592892 1428098476
======================
   8      32 sdc 469850 7310 136341174 10922244 4901531 146527412 2495947928 1416840432 48 9593896 1428224044
======================
   8      32 sdc 469851 7310 136341182 10922584 4902230 146527412 2496305816 1416972756 140 9594896 1428357976
======================
   8      32 sdc 469851 7310 136341182 10922584 4902894 146527412 2496645784 1417116268 148 9595900 1428501088
======================
   8      32 sdc 469851 7310 136341182 10922584 4903546 146527412 2496979608 1417258536 136 9596904 1428644540
======================
   8      32 sdc 469851 7310 136341182 10922584 4904169 146527412 2497298584 1417400336 153 9597904 1428787792
======================
   8      32 sdc 469851 7310 136341182 10922584 4904848 146527412 2497646232 1417546404 146 9598908 1428931320
======================
   8      32 sdc 469851 7310 136341182 10922584 4905483 146527412 2497971352 1417689952 151 9599912 1429076000
======================
   8      32 sdc 469851 7310 136341182 10922584 4906045 146527412 2498259096 1417819952 133 9600916 1429219140
======================
   8      32 sdc 469851 7310 136341182 10922584 4906733 146527412 2498611352 1417968156 149 9601916 1429360732
======================
   8      32 sdc 469851 7310 136341182 10922584 4907453 146527412 2498979992 1418119092 133 9602920 1429504232
======================
   8      32 sdc 469851 7310 136341182 10922584 4908129 146527412 2499326104 1418262512 129 9603920 1429646948
======================
   8      32 sdc 469851 7310 136341182 10922584 4908773 146527412 2499655832 1418404280 157 9604924 1429790480
======================
   8      32 sdc 469852 7310 136341190 10922812 4909376 146527412 2499964568 1418529236 130 9605928 1429915384
======================
   8      32 sdc 469852 7310 136341190 10922812 4910036 146527412 2500302488 1418673340 142 9606928 1430058484
======================
   8      32 sdc 469852 7310 136341190 10922812 4910706 146527412 2500645528 1418817844 144 9607932 1430202776
======================
   8      32 sdc 469852 7310 136341190 10922812 4911348 146527412 2500974232 1418959980 142 9608936 1430346284
======================
   8      32 sdc 469852 7310 136341190 10922812 4911986 146527412 2501300888 1419104396 144 9609940 1430490044
======================
   8      32 sdc 469852 7310 136341190 10922812 4912648 146527412 2501639832 1419247692 154 9610948 1430633904
======================
   8      32 sdc 469852 7310 136341190 10922812 4913292 146527412 2501969560 1419391464 150 9611952 1430777316
======================
   8      32 sdc 469852 7310 136341190 10922812 4913931 146527412 2502296728 1419534148 151 9612956 1430920784
======================
   8      32 sdc 469852 7310 136341190 10922812 4914561 146527412 2502619800 1419680824 129 9613964 1431068384
======================
   8      32 sdc 469852 7310 136341190 10922812 4915223 146527412 2502958232 1419826644 139 9614968 1431212408
======================
   8      32 sdc 469852 7310 136341190 10922812 4915889 146527412 2503299224 1419970740 145 9615972 1431356108
======================
   8      32 sdc 469852 7310 136341190 10922812 4916539 146527412 2503632024 1420114740 135 9616984 1431500936
======================
   8      32 sdc 469853 7310 136341198 10923036 4917159 146527412 2503949464 1420240184 155 9617984 1431626140
======================
   8      32 sdc 469853 7310 136341198 10923036 4917837 146527412 2504296600 1420384736 149 9618992 1431770148
======================
   8      32 sdc 469853 7310 136341198 10923036 4918500 146527412 2504636056 1420528440 158 9620000 1431915220
======================
   8      32 sdc 469853 7310 136341198 10923036 4919125 146527412 2504956056 1420672028 141 9621004 1432058900
======================
   8      32 sdc 469853 7310 136341198 10923036 4919765 146527412 2505283736 1420817144 141 9622008 1432202860
======================
   8      32 sdc 469853 7310 136341198 10923036 4920432 146527412 2505625240 1420958636 146 9623012 1432346276
======================
   8      32 sdc 469853 7310 136341198 10923036 4921064 146527412 2505948824 1421094932 154 9624016 1432490488
======================
   8      32 sdc 469853 7310 136341198 10923036 4921713 146527412 2506281112 1421245868 145 9625016 1432638080
======================
   8      32 sdc 469853 7310 136341198 10923036 4922362 146527412 2506613400 1421395276 136 9626020 1432781916
======================
   8      32 sdc 469853 7310 136341198 10923036 4923037 146527412 2506959000 1421539604 133 9627020 1432924760
======================
   8      32 sdc 469853 7310 136341198 10923036 4923672 146527412 2507284120 1421675516 138 9628024 1433068316
======================
   8      32 sdc 469853 7310 136341198 10923036 4924343 146527412 2507627672 1421824936 139 9629028 1433211320
======================
   8      32 sdc 469853 7310 136341198 10923036 4924576 146527412 2507746968 1421949284 11 9630028 1433321632
======================
   8      32 sdc 469854 7310 136341206 10924016 4925632 146527412 2508287640 1421985060 148 9631032 1433360532
======================
   8      32 sdc 469854 7310 136341206 10924016 4926281 146527412 2508619928 1422116304 139 9632036 1433503828
======================
   8      32 sdc 469854 7310 136341206 10924016 4926922 146527412 2508948120 1422259572 138 9633036 1433646868
======================
   8      32 sdc 469854 7310 136341206 10924016 4927553 146527412 2509271192 1422402900 147 9634040 1433790224
======================
   8      32 sdc 469854 7310 136341206 10924016 4928220 146527412 2509612696 1422548020 152 9635052 1433934788
======================
   8      32 sdc 469854 7310 136341206 10924016 4928842 146527412 2509931160 1422691472 138 9636056 1434078672
======================
   8      32 sdc 469854 7310 136341206 10924016 4929515 146527412 2510275736 1422835340 137 9637060 1434222360
======================
   8      32 sdc 469854 7310 136341206 10924016 4930169 146527412 2510610584 1422980120 155 9638068 1434366728
======================
   8      32 sdc 469854 7310 136341206 10924016 4930845 146527412 2510956696 1423123404 151 9639072 1434510120
======================
   8      32 sdc 469854 7310 136341206 10924016 4931492 146527412 2511287960 1423266080 144 9640076 1434653664
======================
   8      32 sdc 469854 7310 136341206 10924016 4932115 146527412 2511606936 1423409464 129 9641080 1434797004
======================
   8      32 sdc 469855 7310 136341214 10924232 4932756 146527412 2511935128 1423541472 146 9642084 1434928320
======================
   8      32 sdc 469855 7310 136341214 10924232 4933425 146527412 2512277656 1423685460 149 9643084 1435071636
======================
   8      32 sdc 469855 7310 136341214 10924232 4934069 146527412 2512607384 1423822704 145 9644088 1435215188
======================
   8      32 sdc 469855 7310 136341214 10924232 4934734 146527412 2512947864 1423967504 152 9645088 1435359336
======================
   8      32 sdc 469855 7310 136341214 10924232 4935230 146527412 2513201816 1424117724 136 9646092 1435504896
======================
   8      32 sdc 469855 7310 136341214 10924232 4935789 146527412 2513488024 1424236872 153 9647096 1435650100
======================
   8      32 sdc 469855 7310 136341214 10924232 4936569 146527412 2513887384 1424409048 143 9648100 1435796844
======================
   8      32 sdc 469855 7310 136341214 10924232 4937213 146527412 2514217112 1424552820 139 9649104 1435940164
======================
   8      32 sdc 469855 7310 136341214 10924232 4937868 146527412 2514552472 1424703248 156 9650108 1436089792
======================
   8      32 sdc 469855 7310 136341214 10924232 4938529 146527412 2514890904 1424846968 135 9651112 1436233368
======================
   8      32 sdc 469855 7310 136341214 10924232 4939175 146527412 2515221656 1424989472 129 9652120 1436376932
======================
   8      32 sdc 469855 7310 136341214 10924232 4939751 146527412 2515516568 1425117908 129 9653124 1436518800
======================
   8      32 sdc 469856 7310 136341222 10924280 4940438 146527412 2515868312 1425258744 146 9654124 1436646124
======================
   8      32 sdc 469856 7310 136341222 10924280 4941083 146527412 2516198552 1425402432 141 9655128 1436789504
======================
   8      32 sdc 469856 7310 136341222 10924280 4941748 146527412 2516539032 1425545960 148 9656132 1436932936
======================
   8      32 sdc 469856 7310 136341222 10924280 4942397 146527412 2516871320 1425688412 139 9657132 1437075648
======================
   8      32 sdc 469856 7310 136341222 10924280 4942892 146527412 2517124760 1425835732 156 9658140 1437222164
======================
   8      32 sdc 469856 7310 136341222 10924280 4943568 146527412 2517470872 1425980492 152 9659144 1437365244
======================
   8      32 sdc 469856 7310 136341222 10924280 4944220 146527412 2517804696 1426120632 140 9660148 1437508780
======================
   8      32 sdc 469856 7310 136341222 10924280 4944844 146527412 2518124184 1426264136 156 9661152 1437652140
======================
   8      32 sdc 469856 7310 136341222 10924280 4945499 146527412 2518459544 1426408544 141 9662152 1437795092
======================
   8      32 sdc 469856 7310 136341222 10924280 4946092 146527412 2518763160 1426534304 156 9663156 1437939900
======================
   8      32 sdc 469856 7310 136341222 10924280 4946845 146527412 2519148696 1426698524 139 9664160 1438085320
======================
   8      32 sdc 469856 7310 136341222 10924280 4947502 146527412 2519485080 1426840296 125 9665164 1438228032
======================
   8      32 sdc 469857 7310 136341230 10924536 4948113 146527703 2519793184 1426959804 138 9666164 1438347808
======================
   8      32 sdc 469857 7310 136341230 10924536 4948756 146527703 2520122400 1427104044 135 9667164 1438490724
======================
   8      32 sdc 469857 7310 136341230 10924536 4949432 146527703 2520468512 1427247644 131 9668168 1438634288
======================
   8      32 sdc 469857 7310 136341230 10924536 4950085 146527703 2520802848 1427388824 150 9669172 1438776056
======================
   8      32 sdc 469857 7310 136341230 10924536 4950593 146527703 2521062944 1427529520 154 9670176 1438916232
======================
   8      32 sdc 469857 7310 136341230 10924536 4951257 146527703 2521402912 1427672612 130 9671176 1439058920
======================
   8      32 sdc 469857 7310 136341230 10924536 4951905 146527703 2521734688 1427814772 154 9672180 1439202528
======================
   8      32 sdc 469857 7310 136341230 10924536 4952436 146527703 2522006560 1427933496 135 9673184 1439344796
======================
   8      32 sdc 469857 7310 136341230 10924536 4953190 146527703 2522392608 1428099056 149 9674188 1439486920
======================
   8      32 sdc 469857 7310 136341230 10924536 4953834 146527703 2522722336 1428242976 145 9675192 1439630416
======================
   8      32 sdc 469857 7310 136341230 10924536 4954502 146527703 2523064352 1428387396 149 9676200 1439774548
======================
   8      32 sdc 469857 7310 136341230 10924536 4955143 146527703 2523392544 1428526568 148 9677208 1439918760
======================
   8      32 sdc 469857 7310 136341230 10924536 4955285 146527703 2523465248 1428575184 36 9678220 1439979432
======================
   8      32 sdc 469858 7310 136341238 10926060 4956424 146527703 2524048416 1428665200 138 9679224 1440052728
======================
   8      32 sdc 469858 7310 136341238 10926060 4957100 146527703 2524394528 1428807396 134 9680228 1440196076
======================
   8      32 sdc 469858 7310 136341238 10926060 4957736 146527703 2524720160 1428949576 138 9681228 1440339168
======================
   8      32 sdc 469858 7310 136341238 10926060 4958388 146527703 2525053984 1429094488 158 9682232 1440482592
======================
   8      32 sdc 469858 7310 136341238 10926060 4959064 146527703 2525400096 1429237068 154 9683236 1440624816
======================
   8      32 sdc 469858 7310 136341238 10926060 4959742 146527703 2525747232 1429380264 148 9684240 1440768300
======================
   8      32 sdc 469858 7310 136341238 10926060 4960402 146527703 2526085152 1429523200 128 9685252 1440912712
======================
   8      32 sdc 469858 7310 136341238 10926060 4961026 146527703 2526404640 1429666500 144 9686252 1441055892
======================
   8      32 sdc 469858 7310 136341238 10926060 4961676 146527703 2526737440 1429810920 134 9687256 1441199232
======================
   8      32 sdc 469858 7310 136341238 10926060 4962349 146527703 2527082016 1429953740 133 9688260 1441342724
======================
   8      32 sdc 469858 7310 136341238 10926060 4962968 146527703 2527398944 1430090116 33 9689264 1441471272
======================
   8      32 sdc 469859 7310 136341246 10926304 4963619 146527703 2527732256 1430220608 136 9690264 1441610196
======================
   8      32 sdc 469859 7310 136341246 10926304 4964283 146527703 2528072224 1430364428 144 9691268 1441753536
======================
   8      32 sdc 469859 7310 136341246 10926304 4964943 146527703 2528410144 1430507428 156 9692268 1441896336
======================
   8      32 sdc 469859 7310 136341246 10926304 4965565 146527703 2528728608 1430648848 142 9693272 1442040172
======================
   8      32 sdc 469859 7310 136341246 10926304 4966209 146527703 2529058336 1430794272 138 9694272 1442183384
======================
   8      32 sdc 469859 7310 136341246 10926304 4966858 146527703 2529390624 1430938140 129 9695276 1442326872
======================
   8      32 sdc 469859 7310 136341246 10926304 4967522 146527703 2529730592 1431081216 137 9696280 1442470416
======================
   8      32 sdc 469859 7310 136341246 10926304 4968173 146527703 2530063904 1431224328 158 9697280 1442613180
======================
   8      32 sdc 469859 7310 136341246 10926304 4968803 146527703 2530386464 1431367356 136 9698284 1442756804
======================
   8      32 sdc 469859 7310 136341246 10926304 4969457 146527703 2530721312 1431508564 154 9699288 1442898516
======================
   8      32 sdc 469859 7310 136341246 10926304 4970140 146527703 2531071008 1431654340 143 9700288 1443041632
======================
   8      32 sdc 469860 7310 136341254 10926516 4970755 146527703 2531385888 1431780752 131 9701292 1443170260
======================
   8      32 sdc 469860 7310 136341254 10926516 4971392 146527703 2531712032 1431924776 134 9702296 1443313768
======================
   8      32 sdc 469860 7310 136341254 10926516 4972033 146527703 2532040224 1432060540 133 9703296 1443455980
======================
   8      32 sdc 469860 7310 136341254 10926516 4972744 146527703 2532404256 1432204768 158 9704300 1443593280
======================
   8      32 sdc 469860 7310 136341254 10926516 4973342 146527703 2532710432 1432337552 136 9705304 1443736328
======================
   8      32 sdc 469860 7310 136341254 10926516 4974002 146527703 2533048352 1432488592 148 9706308 1443879136
======================
   8      32 sdc 469860 7310 136341254 10926516 4974588 146527703 2533348384 1432614384 138 9707308 1444021296
======================
   8      32 sdc 469860 7310 136341254 10926516 4975338 146527703 2533732384 1432774832 156 9708312 1444164344
======================
   8      32 sdc 469860 7310 136341254 10926516 4975977 146527703 2534059552 1432917760 157 9709316 1444307820
======================
   8      32 sdc 469860 7310 136341254 10926516 4976633 146527703 2534395424 1433061980 141 9710316 1444450920
======================
   8      32 sdc 469860 7310 136341254 10926516 4977295 146527703 2534734368 1433205408 151 9711320 1444594408
======================
   8      32 sdc 469860 7310 136341254 10926516 4977934 146527703 2535061536 1433347316 152 9712324 1444737832
======================
   8      32 sdc 469861 7310 136341262 10926536 4978550 146527703 2535376928 1433494020 152 9713328 1444883540
======================
   8      32 sdc 469861 7310 136341262 10926536 4979092 146527703 2535654432 1433614920 154 9714332 1445028744
======================
   8      32 sdc 469861 7310 136341262 10926536 4979838 146527703 2536036384 1433782748 144 9715336 1445172084
======================
   8      32 sdc 469861 7310 136341262 10926536 4980497 146527703 2536373792 1433926264 157 9716336 1445314816
======================
   8      32 sdc 469861 7310 136341262 10926536 4981115 146527703 2536690208 1434064004 147 9717340 1445458488
======================
   8      32 sdc 469861 7310 136341262 10926536 4981798 146527703 2537039904 1434213104 136 9718344 1445602176
======================
   8      32 sdc 469861 7310 136341262 10926536 4982473 146527703 2537385504 1434356080 133 9719348 1445745412
======================
   8      32 sdc 469861 7310 136341262 10926536 4983101 146527703 2537707040 1434497916 145 9720352 1445888984
======================
   8      32 sdc 469861 7310 136341262 10926536 4983728 146527703 2538028064 1434642056 158 9721352 1446031604
======================
   8      32 sdc 469861 7310 136341262 10926536 4984397 146527703 2538370592 1434785516 129 9722356 1446174780
======================
   8      32 sdc 469861 7310 136341262 10926536 4985067 146527703 2538713632 1434931728 131 9723360 1446319396
======================
   8      32 sdc 469861 7310 136341262 10926536 4985596 146527703 2538984480 1435041728 146 9724360 1446462852
======================
   8      32 sdc 469862 7310 136341270 10926764 4986217 146527784 2539301568 1435195688 128 9725360 1446586544
======================
   8      32 sdc 469862 7310 136341270 10926764 4986861 146528049 2539623336 1435340060 156 9726368 1446730648
======================
   8      32 sdc 469862 7310 136341270 10926764 4987519 146528049 2539960232 1435485368 138 9727380 1446875268
======================
   8      32 sdc 469862 7310 136341270 10926764 4988064 146528049 2540239272 1435600972 137 9728384 1447017564
======================
   8      32 sdc 469862 7310 136341270 10926764 4988825 146528049 2540628904 1435769896 144 9729384 1447160200
======================
   8      32 sdc 469862 7310 136341270 10926764 4989489 146528049 2540968872 1435914496 152 9730392 1447304328
======================
   8      32 sdc 469862 7310 136341270 10926764 4990145 146528049 2541304744 1436056364 136 9731400 1447448340
======================
   8      32 sdc 469862 7310 136341270 10926764 4990801 146528049 2541640616 1436201452 152 9732412 1447591924
======================
   8      32 sdc 469862 7310 136341270 10926764 4991363 146528049 2541928360 1436327040 134 9733420 1447734784
======================
   8      32 sdc 469862 7310 136341270 10926764 4992039 146528049 2542274472 1436471588 134 9734428 1447872748
======================
   8      32 sdc 469862 7310 136341270 10926764 4992746 146528049 2542636456 1436626088 131 9735436 1448016028
======================
   8      32 sdc 469862 7310 136341270 10926764 4993390 146528049 2542966184 1436764820 159 9736440 1448159828
======================
   8      32 sdc 469862 7310 136341270 10926764 4993668 146528049 2543108520 1436847744 12 9737440 1448230132
======================
   8      32 sdc 469863 7310 136341278 10928288 4994324 146528049 2543444392 1436879340 136 9738444 1448256912
======================
   8      32 sdc 469863 7310 136341278 10928288 4995324 146528049 2543956392 1437009020 128 9739448 1448399956
======================
   8      32 sdc 469863 7310 136341278 10928288 4995881 146528049 2544241576 1437127052 147 9740448 1448543820
======================
   8      32 sdc 469863 7310 136341278 10928288 4996443 146528049 2544529320 1437295100 129 9741452 1448690272
======================
   8      32 sdc 469863 7310 136341278 10928288 4997134 146528049 2544883112 1437442120 142 9742456 1448833692
======================
   8      32 sdc 469863 7310 136341278 10928288 4997805 146528049 2545226664 1437583828 143 9743456 1448975900
======================
   8      32 sdc 469863 7310 136341278 10928288 4998487 146528049 2545575848 1437728584 133 9744460 1449119432
======================
   8      32 sdc 469863 7310 136341278 10928288 4999079 146528049 2545878952 1437857852 149 9745468 1449262376
======================
   8      32 sdc 469863 7310 136341278 10928288 4999753 146528049 2546224040 1438012164 147 9746468 1449404336
======================
   8      32 sdc 469863 7310 136341278 10928288 5000411 146528049 2546560936 1438156276 129 9747472 1449547576
======================
   8      32 sdc 469863 7310 136341278 10928288 5001088 146528049 2546907560 1438298124 156 9748476 1449689376
======================
   8      32 sdc 469864 7310 136341286 10928504 5001703 146528049 2547222440 1438427136 137 9749476 1449819224
======================
   8      32 sdc 469864 7310 136341286 10928504 5002342 146528049 2547549608 1438570668 138 9750480 1449962836
======================
   8      32 sdc 469864 7310 136341286 10928504 5003001 146528049 2547887016 1438714208 151 9751480 1450105644
======================
   8      32 sdc 469864 7310 136341286 10928504 5003557 146528049 2548171688 1438842188 139 9752484 1450248652
======================
   8      32 sdc 469864 7310 136341286 10928504 5004270 146528049 2548536744 1439000032 130 9753488 1450392248
======================
   8      32 sdc 469864 7310 136341286 10928504 5004943 146528049 2548881320 1439150292 129 9754536 1450541916
======================
   8      32 sdc 469864 7310 136341286 10928504 5005609 146528049 2549222312 1439294036 135 9755544 1450686048
======================
   8      32 sdc 469864 7310 136341286 10928504 5006280 146528049 2549565864 1439439972 136 9756568 1450832480
======================
   8      32 sdc 469864 7310 136341286 10928504 5006923 146528049 2549895080 1439583856 133 9757576 1450976672
======================
   8      32 sdc 469864 7310 136341286 10928504 5007555 146528049 2550218664 1439722960 141 9758580 1451117276
======================
   8      32 sdc 469864 7310 136341286 10928504 5008255 146528049 2550577064 1439868984 145 9759584 1451260972
======================
   8      32 sdc 469864 7310 136341286 10928504 5008888 146528049 2550901160 1440011252 152 9760588 1451404664
======================
   8      32 sdc 469865 7310 136341294 10928740 5009403 146528049 2551164840 1440126288 150 9761588 1451536192
======================
   8      32 sdc 469865 7310 136341294 10928740 5010163 146528049 2551553960 1440287864 158 9762592 1451679688
======================
   8      32 sdc 469865 7310 136341294 10928740 5010769 146528049 2551864232 1440421556 128 9763596 1451823164
======================
   8      32 sdc 469865 7310 136341294 10928740 5011424 146528049 2552199592 1440555276 145 9764600 1451967072
======================
   8      32 sdc 469865 7310 136341294 10928740 5012125 146528049 2552558504 1440716900 148 9765604 1452110652
======================
   8      32 sdc 469865 7310 136341294 10928740 5012769 146528049 2552888232 1440861448 144 9766604 1452253456
======================
   8      32 sdc 469865 7310 136341294 10928740 5013451 146528049 2553237416 1441006272 134 9767616 1452398240
======================
   8      32 sdc 469865 7310 136341294 10928740 5014101 146528049 2553570216 1441149220 156 9768620 1452541736
======================
   8      32 sdc 469865 7310 136341294 10928740 5014745 146528049 2553899944 1441293340 152 9769628 1452686068
======================
   8      32 sdc 469865 7310 136341294 10928740 5015400 146528049 2554235304 1441440396 137 9770632 1452827700
======================
   8      32 sdc 469865 7310 136341294 10928740 5016028 146528049 2554556840 1441571828 149 9771644 1452970460
======================
   8      32 sdc 469866 7310 136341302 10928964 5016696 146528049 2554898856 1441717520 152 9772652 1453102164
======================
   8      32 sdc 469866 7310 136341302 10928964 5017334 146528049 2555225512 1441852416 154 9773656 1453245836
======================
   8      32 sdc 469866 7310 136341302 10928964 5017975 146528049 2555553704 1441995944 153 9774656 1453388884
======================
   8      32 sdc 469866 7310 136341302 10928964 5018631 146528049 2555889576 1442139896 137 9775660 1453532284
======================
   8      32 sdc 469866 7310 136341302 10928964 5019175 146528049 2556168104 1442257252 137 9776664 1453674832
======================
   8      32 sdc 469866 7310 136341302 10928964 5019764 146528049 2556469672 1442420896 156 9777668 1453816652
======================
   8      32 sdc 469866 7310 136341302 10928964 5020441 146528049 2556816296 1442568464 151 9778668 1453960768
======================
   8      32 sdc 469866 7310 136341302 10928964 5021111 146528049 2557159336 1442711556 153 9779672 1454104336
======================
   8      32 sdc 469866 7310 136341302 10928964 5021741 146528049 2557481896 1442854260 131 9780672 1454247584
======================
   8      32 sdc 469866 7310 136341302 10928964 5022358 146528049 2557797800 1442996216 154 9781676 1454391212
======================
   8      32 sdc 469866 7310 136341302 10928964 5023036 146528049 2558144936 1443142592 148 9782680 1454535024
======================
   8      32 sdc 469866 7310 136341302 10928964 5023699 146528049 2558484392 1443284500 157 9783684 1454678520
======================
   8      32 sdc 469866 7310 136341302 10928964 5024359 146528049 2558822312 1443426528 41 9784684 1454812600
======================
   8      32 sdc 469867 7310 136341310 10929180 5025007 146528049 2559154088 1443561452 132 9785688 1454955144
======================
   8      32 sdc 469867 7310 136341310 10929180 5025631 146528049 2559473576 1443704808 148 9786692 1455098788
======================
   8      32 sdc 469867 7310 136341310 10929180 5026295 146528049 2559813544 1443849560 156 9787696 1455242168
======================
   8      32 sdc 469867 7310 136341310 10929180 5026907 146528049 2560126888 1443979376 243 9788696 1455404892
======================
   8      32 sdc 469867 7310 136341310 10929180 5027589 146528049 2560476072 1444137668 233 9789700 1455640168
======================
   8      32 sdc 469867 7310 136341310 10929180 5028158 146528049 2560767400 1444268348 240 9790708 1455870468
======================
   8      32 sdc 469867 7310 136341310 10929180 5028944 146528049 2561169832 1444460348 212 9791748 1456109048
======================
   8      32 sdc 469867 7310 136341310 10929180 5029573 146528049 2561491880 1444638020 223 9792752 1456324660
======================
   8      32 sdc 469867 7310 136341310 10929180 5030215 146528049 2561820584 1444824972 189 9793756 1456531724
======================
   8      32 sdc 469867 7310 136341310 10929180 5030857 146528049 2562149288 1445208836 155 9794760 1456723920
======================
   8      32 sdc 469867 7310 136341310 10929180 5031517 146528049 2562487208 1445408656 167 9795764 1456881940
======================
   8      32 sdc 469868 7310 136341318 10929372 5032135 146528049 2562803624 1445609776 142 9796764 1457018136
======================
   8      32 sdc 469868 7310 136341318 10929372 5032800 146528049 2563144104 1445768220 149 9797768 1457161848
======================
   8      32 sdc 469868 7310 136341318 10929372 5033450 146528049 2563476904 1445914588 139 9798772 1457305540
======================
   8      32 sdc 469868 7310 136341318 10929372 5034077 146528049 2563797928 1446056580 152 9799776 1457448964
======================
   8      32 sdc 469868 7310 136341318 10929372 5034739 146528049 2564136872 1446192104 130 9800780 1457591648
======================
   8      32 sdc 469868 7310 136341318 10929372 5035414 146528049 2564482472 1446335060 133 9801780 1457726624
======================
   8      32 sdc 469868 7310 136341318 10929372 5036086 146528049 2564826536 1446478040 133 9802788 1457870664
======================
   8      32 sdc 469868 7310 136341318 10929372 5036764 146528049 2565173672 1446622076 147 9803796 1458014712
======================
   8      32 sdc 469868 7310 136341318 10929372 5037444 146528049 2565521832 1446766616 151 9804816 1458160748
======================
   8      32 sdc 469868 7310 136341318 10929372 5038075 146528049 2565844904 1446911852 128 9805828 1458305384
======================
   8      32 sdc 469868 7310 136341318 10929372 5038720 146528049 2566175144 1447057652 155 9806840 1458450080
======================
   8      32 sdc 469868 7310 136341318 10929372 5039399 146528049 2566522792 1447201656 148 9807848 1458594356
======================
   8      32 sdc 469869 7310 136341326 10929644 5040041 146528158 2566850352 1447317572 140 9808860 1458711312
======================
   8      32 sdc 469869 7310 136341326 10929644 5040688 146528158 2567181616 1447461784 133 9809872 1458855460
======================
   8      32 sdc 469869 7310 136341326 10929644 5041336 146528158 2567513392 1447605696 157 9810876 1458998972
======================
   8      32 sdc 469869 7310 136341326 10929644 5042002 146528158 2567854384 1447749512 131 9811880 1459142708
======================
   8      32 sdc 469869 7310 136341326 10929644 5042634 146528158 2568177968 1447893348 139 9812884 1459287008
======================
   8      32 sdc 469869 7310 136341326 10929644 5043278 146528168 2568506768 1448021420 137 9813888 1459414616
======================
   8      32 sdc 469869 7310 136341326 10929644 5043924 146528168 2568837520 1448165012 131 9814892 1459558184
======================
   8      32 sdc 469869 7310 136341326 10929644 5044591 146528168 2569179024 1448309068 136 9815900 1459702344
======================
   8      32 sdc 469869 7310 136341326 10929644 5045225 146528168 2569503632 1448452104 142 9816904 1459845964
======================
   8      32 sdc 469869 7310 136341326 10929644 5045875 146528168 2569836432 1448597208 132 9817916 1459990964
======================
   8      32 sdc 469869 7310 136341326 10929644 5046554 146528178 2570183152 1448726192 149 9818920 1460119456
======================
   8      32 sdc 469869 7310 136341326 10929644 5047209 146528178 2570518512 1448868188 144 9819924 1460263180
======================
   8      32 sdc 469870 7310 136341334 10929948 5047816 146528360 2570829296 1448989276 62 9820940 1460379224
======================
   8      32 sdc 469870 7310 136341334 10929948 5047887 146528369 2570855064 1449006760 0 9821192 1460385264
======================
   8      32 sdc 469870 7310 136341334 10929948 5047887 146528369 2570855064 1449006760 0 9821192 1460385264
======================
   8      32 sdc 469870 7310 136341334 10929948 5047887 146528369 2570855064 1449006760 0 9821192 1460385264
======================
   8      32 sdc 469870 7310 136341334 10929948 5047887 146528369 2570855064 1449006760 0 9821192 1460385264
======================
   8      32 sdc 469870 7310 136341334 10929948 5047887 146528369 2570855064 1449006760 0 9821192 1460385264
======================
   8      32 sdc 470106 7310 136343216 10936676 5047904 146528369 2570855128 1449006760 1 9821392 1460392132
======================
   8      32 sdc 470108 7310 136343232 10937744 5047906 146528369 2570855136 1449006760 0 9822320 1460393060
started
======================
   8      32 sdc 471017 7310 136574152 10938756 5047906 146528369 2570855136 1449006760 2 9822916 1460394076
======================
   8      32 sdc 471931 7314 136795760 10940968 5047906 146528369 2570855136 1449006760 2 9823936 1460396356
======================
   8      32 sdc 472588 7319 136946872 10943488 5047906 146528369 2570855136 1449006760 2 9824972 1460398856
======================
   8      32 sdc 473180 7323 137080112 10945964 5047906 146528369 2570855136 1449006760 3 9826020 1460401340
======================
   8      32 sdc 473799 7328 137221008 10948428 5047906 146528369 2570855136 1449006760 3 9827036 1460403752
======================
   8      32 sdc 474535 7334 137394824 10950984 5047909 146528371 2570855176 1449006804 2 9828048 1460406364
======================
   8      32 sdc 475212 7338 137549824 10953344 5047909 146528371 2570855176 1449006804 2 9829056 1460408772
======================
   8      32 sdc 475867 7343 137698200 10955788 5047909 146528371 2570855176 1449006804 3 9830068 1460411172
======================
   8      32 sdc 476554 7348 137856480 10958092 5047909 146528371 2570855176 1449006804 2 9831072 1460413556
======================
   8      32 sdc 477221 7353 138012384 10960516 5047909 146528371 2570855176 1449006804 2 9832076 1460415980
======================
   8      32 sdc 477813 7357 138145608 10962940 5047909 146528371 2570855176 1449006804 3 9833080 1460418348
======================
   8      32 sdc 478448 7362 138289848 10965276 5047909 146528371 2570855176 1449006804 2 9834080 1460420728
======================
   8      32 sdc 479147 7367 138452424 10967800 5047909 146528371 2570855176 1449006804 2 9835084 1460423172
======================
   8      32 sdc 479791 7371 138600216 10970152 5047909 146528371 2570855176 1449006804 3 9836088 1460425564
======================
   8      32 sdc 480436 7376 138747512 10972472 5047909 146528371 2570855176 1449006804 2 9837088 1460427928
======================
   8      32 sdc 481129 7381 138907600 10974944 5047909 146528371 2570855176 1449006804 2 9838092 1460430352
======================
   8      32 sdc 481777 7385 139056624 10977336 5047909 146528371 2570855176 1449006804 2 9839096 1460432776
======================
   8      32 sdc 482363 7390 139189056 10979780 5047909 146528371 2570855176 1449006804 2 9840096 1460435144
======================
   8      32 sdc 483034 7395 139343704 10982136 5047909 146528371 2570855176 1449006804 2 9841100 1460437556
======================
   8      32 sdc 483713 7400 139499416 10984620 5047909 146528371 2570855176 1449006804 2 9842104 1460439984
======================
   8      32 sdc 484323 7404 139638240 10986956 5047909 146528371 2570855176 1449006804 3 9843108 1460442356
======================
   8      32 sdc 484964 7409 139785472 10989300 5047909 146528371 2570855176 1449006804 2 9844108 1460444756
======================
   8      32 sdc 485630 7414 139939624 10991800 5047909 146528371 2570855176 1449006804 2 9845112 1460447192
======================
   8      32 sdc 486269 7418 140084880 10994188 5047909 146528371 2570855176 1449006804 2 9846116 1460449620
======================
   8      32 sdc 486864 7423 140217344 10996640 5047909 146528371 2570855176 1449006804 3 9847116 1460452008
======================
   8      32 sdc 487542 7428 140374016 10998988 5047909 146528371 2570855176 1449006804 2 9848120 1460454424
======================
   8      32 sdc 488239 7433 140535872 11001464 5047909 146528371 2570855176 1449006804 2 9849124 1460456844
======================
   8      32 sdc 488865 7437 140676312 11003832 5047909 146528371 2570855176 1449006804 3 9850132 1460459248
======================
   8      32 sdc 489485 7442 140814936 11006280 5047909 146528371 2570855176 1449006804 3 9851140 1460461652
======================
   8      32 sdc 490170 7447 140972680 11008668 5047909 146528371 2570855176 1449006804 2 9852144 1460464080
======================
   8      32 sdc 490800 7451 141115352 11011048 5047909 146528371 2570855176 1449006804 3 9853148 1460466476
======================
   8      32 sdc 491428 7456 141257792 11013468 5047909 146528371 2570855176 1449006804 2 9854148 1460468832
======================
   8      32 sdc 492113 7461 141415784 11015836 5047909 146528371 2570855176 1449006804 2 9855152 1460471248
======================
   8      32 sdc 492800 7465 141573808 11018216 5047909 146528371 2570855176 1449006804 3 9856156 1460473656
======================
   8      32 sdc 493412 7470 141710888 11020532 5047909 146528371 2570855176 1449006804 2 9857156 1460476008
======================
   8      32 sdc 493999 7476 141844048 11022952 5047911 146528371 2570855192 1449006820 2 9858160 1460478420
======================
   8      32 sdc 494661 7481 141995640 11025464 5047911 146528371 2570855192 1449006820 2 9859164 1460480856
======================
   8      32 sdc 495252 7485 142126360 11027832 5047911 146528371 2570855192 1449006820 3 9860164 1460483240
======================
   8      32 sdc 495881 7490 142267776 11030184 5047911 146528371 2570855192 1449006820 2 9861172 1460485652
======================
   8      32 sdc 496552 7495 142423928 11032676 5047911 146528371 2570855192 1449006820 2 9862176 1460488076
======================
   8      32 sdc 497172 7499 142563016 11035152 5047911 146528371 2570855192 1449006820 3 9863180 1460490568
======================
   8      32 sdc 497844 7504 142716944 11037500 5047911 146528371 2570855192 1449006820 2 9864184 1460492976
======================
   8      32 sdc 498550 7509 142880536 11040024 5047911 146528371 2570855192 1449006820 2 9865196 1460495428
======================
   8      32 sdc 499242 7513 143038568 11042376 5047911 146528371 2570855192 1449006820 3 9866200 1460497828
======================
   8      32 sdc 499871 7518 143180472 11044832 5047911 146528371 2570855192 1449006820 3 9867212 1460500232
======================
   8      32 sdc 500586 7523 143345840 11047208 5047911 146528371 2570855192 1449006820 2 9868224 1460502652
======================
   8      32 sdc 501248 7527 143497496 11049548 5047911 146528371 2570855192 1449006820 3 9869224 1460505024
======================
   8      32 sdc 501864 7532 143634336 11051976 5047911 146528371 2570855192 1449006820 3 9870228 1460507400
======================
   8      32 sdc 502492 7537 143775960 11054300 5047911 146528371 2570855192 1449006820 2 9871232 1460509772
======================
   8      32 sdc 503152 7542 143925224 11056828 5047911 146528371 2570855192 1449006820 2 9872232 1460512224
======================
   8      32 sdc 503800 7546 144072528 11059164 5047911 146528371 2570855192 1449006820 3 9873236 1460514604
======================
   8      32 sdc 504444 7551 144217272 11061496 5047911 146528371 2570855192 1449006820 3 9874240 1460517088
======================
   8      32 sdc 505147 7556 144379560 11064140 5047911 146528371 2570855192 1449006820 2 9875244 1460519548
======================
   8      32 sdc 505793 7560 144525760 11066512 5047911 146528371 2570855192 1449006820 2 9876248 1460521964
======================
   8      32 sdc 506384 7565 144658216 11068948 5047911 146528371 2570855192 1449006820 3 9877248 1460524348
======================
   8      32 sdc 506890 7568 144764424 11070944 5047911 146528371 2570855192 1449006820 1 9878252 1460526316
======================
   8      32 sdc 507040 7568 144765624 11071940 5047911 146528371 2570855192 1449006820 1 9879248 1460527312
======================
   8      32 sdc 507198 7568 144766888 11072940 5047911 146528371 2570855192 1449006820 0 9880248 1460528312
======================
   8      32 sdc 507357 7568 144768160 11073936 5047911 146528371 2570855192 1449006820 1 9881248 1460529312
======================
   8      32 sdc 507516 7568 144769432 11074924 5047911 146528371 2570855192 1449006820 1 9882232 1460530296
======================
   8      32 sdc 507671 7568 144770672 11075920 5047911 146528371 2570855192 1449006820 1 9883236 1460531300
======================
   8      32 sdc 507824 7568 144771896 11076888 5047911 146528371 2570855192 1449006820 0 9884196 1460532260
