======================
   8      16 sdb 13707932 213903 1520016660 32014248 25919310 271983941 8305647984 1209029868 0 10428856 1240996924
======================
   8      16 sdb 13707963 213903 1520017788 32014252 25919310 271983941 8305647984 1209029868 0 10428860 1240996928
======================
   8      16 sdb 13707963 213903 1520017788 32014252 25919310 271983941 8305647984 1209029868 0 10428860 1240996928
======================
   8      16 sdb 13707965 213903 1520017804 32014256 25919310 271983941 8305647984 1209029868 0 10428864 1240996932
======================
   8      16 sdb 13707966 213903 1520017812 32014260 25919771 271983941 8305884016 1209034596 128 10428912 1241002504
======================
   8      16 sdb 13707966 213903 1520017812 32014260 25922959 271983941 8307516272 1209109504 137 10429584 1241080752
======================
   8      16 sdb 13707966 213903 1520017812 32014260 25924897 271983941 8308508528 1209235452 152 10430532 1241208124
======================
   8      16 sdb 13707966 213903 1520017812 32014260 25926625 271983941 8309393264 1209369228 152 10431532 1241350072
======================
   8      16 sdb 13707967 213903 1520017820 32014288 25927523 271983969 8309852256 1209501808 145 10432536 1241494396
======================
   8      16 sdb 13707967 213903 1520017820 32014288 25929491 271983969 8310859872 1209665680 129 10433536 1241636364
======================
   8      16 sdb 13707967 213903 1520017820 32014288 25931093 271983969 8311680096 1209807080 131 10434548 1241780048
======================
   8      16 sdb 13707967 213903 1520017820 32014288 25933183 271983969 8312750688 1209950764 149 10435552 1241922608
======================
   8      16 sdb 13707968 213903 1520017828 32014312 25935800 271983969 8314090080 1210092744 137 10436556 1242064384
======================
   8      16 sdb 13707968 213903 1520017828 32014312 25937963 271983969 8315197536 1210232812 150 10437560 1242206244
======================
   8      16 sdb 13707968 213903 1520017828 32014312 25939852 271983969 8316164704 1210375424 149 10438560 1242348184
======================
   8      16 sdb 13707968 213903 1520017828 32014312 25941717 271983969 8317119584 1210517536 140 10439564 1242490564
======================
   8      16 sdb 13707969 213903 1520017836 32014364 25943536 271983969 8318050912 1210657328 156 10440568 1242630592
======================
   8      16 sdb 13707969 213903 1520017836 32014364 25945422 271983969 8319016544 1210799852 138 10441572 1242772644
======================
   8      16 sdb 13707969 213903 1520017836 32014364 25947298 271983969 8319977056 1210941584 138 10442576 1242914832
======================
   8      16 sdb 13707969 213903 1520017836 32014364 25949182 271983969 8320941664 1211083660 142 10443580 1243056728
======================
   8      16 sdb 13707970 213903 1520017844 32014432 25951082 271983969 8321914464 1211219408 131 10444584 1243192548
======================
   8      16 sdb 13707970 213903 1520017844 32014432 25952930 271983969 8322860640 1211360908 139 10445588 1243334128
======================
   8      16 sdb 13707970 213903 1520017844 32014432 25954831 271983969 8323833952 1211502016 129 10446592 1243475160
======================
   8      16 sdb 13707970 213903 1520017844 32014432 25956648 271983969 8324764256 1211644008 133 10447592 1243616772
======================
   8      16 sdb 13707971 213903 1520017852 32014508 25958511 271984033 8325717112 1211778856 137 10448592 1243751884
======================
   8      16 sdb 13707971 213903 1520017852 32014508 25960409 271984049 8326684984 1211921152 130 10449596 1243894040
======================
   8      16 sdb 13707971 213903 1520017852 32014508 25962308 271984049 8327657272 1212062892 148 10450600 1244036020
======================
   8      16 sdb 13707971 213903 1520017852 32014508 25964134 271984049 8328592184 1212205372 146 10451604 1244178028
======================
   8      16 sdb 13707972 213903 1520017860 32014584 25966067 271984049 8329581376 1212339552 136 10452608 1244312900
======================
   8      16 sdb 13707972 213903 1520017860 32014584 25967973 271984127 8330554848 1212476348 150 10453612 1244449752
======================
   8      16 sdb 13707972 213903 1520017860 32014584 25969606 271984127 8331390944 1212600440 149 10454620 1244593392
======================
   8      16 sdb 13707972 213903 1520017860 32014584 25971656 271984127 8332440544 1212762568 147 10455620 1244736064
======================
   8      16 sdb 13707973 213903 1520017868 32014664 25973562 271984127 8333416424 1212896388 148 10456624 1244870160
======================
   8      16 sdb 13707973 213903 1520017868 32014664 25975458 271984143 8334385784 1213038176 140 10457628 1245012416
======================
   8      16 sdb 13707973 213903 1520017868 32014664 25977346 271984165 8335352112 1213174880 152 10458632 1245148100
======================
   8      16 sdb 13707973 213903 1520017868 32014664 25979270 271984165 8336337200 1213316236 148 10459636 1245290136
======================
   8      16 sdb 13707974 213903 1520017876 32014744 25981168 271984165 8337308472 1213450672 135 10460640 1245424684
======================
   8      16 sdb 13707974 213903 1520017876 32014744 25983010 271984182 8338250704 1213593172 140 10461644 1245567284
======================
   8      16 sdb 13707974 213903 1520017876 32014744 25984871 271984182 8339203536 1213735920 135 10462644 1245709504
======================
   8      16 sdb 13707974 213903 1520017876 32014744 25986690 271984205 8340134544 1213873128 145 10463648 1245846332
======================
   8      16 sdb 13707975 213903 1520017884 32014828 25988606 271984205 8341115032 1214007892 136 10464652 1245981804
======================
   8      16 sdb 13707975 213903 1520017884 32014828 25990509 271984221 8342088496 1214150580 153 10465656 1246124404
======================
   8      16 sdb 13707975 213903 1520017884 32014828 25992387 271984221 8343049520 1214293216 131 10466660 1246267076
======================
   8      16 sdb 13707975 213903 1520017884 32014828 25994245 271984221 8344000816 1214435296 129 10467664 1246409428
======================
   8      16 sdb 13707976 213903 1520017892 32014916 25996102 271984243 8344950768 1214562208 143 10468668 1246539320
======================
   8      16 sdb 13707976 213903 1520017892 32014916 25997951 271984259 8345896576 1214706656 150 10469672 1246681664
======================
   8      16 sdb 13707976 213903 1520017892 32014916 25999876 271984259 8346882176 1214850772 145 10470676 1246824740
======================
   8      16 sdb 13707976 213903 1520017892 32014916 26001803 271984259 8347868800 1214993508 138 10471680 1246967556
======================
   8      16 sdb 13707977 213903 1520017900 32015004 26003730 271984259 8348855424 1215129272 150 10472684 1247103512
======================
   8      16 sdb 13707977 213903 1520017900 32015004 26005658 271984282 8349842240 1215265904 129 10473684 1247239616
======================
   8      16 sdb 13707977 213903 1520017900 32015004 26007582 271984282 8350827328 1215408556 149 10474688 1247382232
======================
   8      16 sdb 13707977 213903 1520017900 32015004 26009509 271984282 8351813952 1215550980 150 10475692 1247524764
======================
   8      16 sdb 13707978 213903 1520017908 32015088 26011414 271984282 8352788808 1215686240 156 10476696 1247660008
======================
   8      16 sdb 13707978 213903 1520017908 32015088 26013319 271984298 8353762784 1215827616 139 10477700 1247801724
======================
   8      16 sdb 13707978 213903 1520017908 32015088 26015246 271984321 8354749088 1215964188 144 10478704 1247938364
======================
   8      16 sdb 13707978 213903 1520017908 32015088 26017173 271984321 8355735712 1216105580 137 10479708 1248079768
======================
   8      16 sdb 13707979 213903 1520017916 32015172 26019061 271984321 8356701864 1216238232 156 10480708 1248214540
======================
   8      16 sdb 13707979 213903 1520017916 32015172 26021003 271984337 8357694784 1216382260 134 10481712 1248357684
======================
   8      16 sdb 13707979 213903 1520017916 32015172 26022918 271984337 8358675264 1216524264 139 10482716 1248500060
======================
   8      16 sdb 13707979 213903 1520017916 32015172 26024858 271984360 8359668224 1216662152 141 10483716 1248635916
======================
   8      16 sdb 13707980 213903 1520017924 32015252 26026763 271984360 8360643080 1216796324 151 10484720 1248770216
======================
   8      16 sdb 13707980 213903 1520017924 32015252 26028707 271984377 8361637536 1216939348 128 10485732 1248913228
======================
   8      16 sdb 13707980 213903 1520017924 32015252 26030598 271984377 8362605728 1217080520 156 10486736 1249056392
======================
   8      16 sdb 13707980 213903 1520017924 32015252 26032562 271984377 8363611296 1217224536 144 10487740 1249198496
======================
   8      16 sdb 13707981 213903 1520017932 32015336 26034503 271984400 8364604264 1217355392 146 10488748 1249329028
======================
   8      16 sdb 13707981 213903 1520017932 32015336 26036431 271984417 8365590528 1217496184 138 10489752 1249470184
======================
   8      16 sdb 13707981 213903 1520017932 32015336 26038335 271984417 8366565376 1217638468 154 10490756 1249612496
======================
   8      16 sdb 13707981 213903 1520017932 32015336 26040242 271984417 8367541760 1217780740 135 10491760 1249754696
======================
   8      16 sdb 13707982 213903 1520017940 32015416 26042170 271984417 8368528896 1217916156 128 10492768 1249890612
======================
   8      16 sdb 13707982 213903 1520017940 32015416 26044102 271984440 8369517760 1218051360 132 10493772 1250025616
======================
   8      16 sdb 13707982 213903 1520017940 32015416 26046004 271984440 8370491584 1218193048 150 10494776 1250167352
======================
   8      16 sdb 13707982 213903 1520017940 32015416 26047953 271984440 8371489472 1218334344 153 10495776 1250308276
======================
   8      16 sdb 13707983 213903 1520017948 32015500 26049879 271984440 8372475080 1218469108 145 10496780 1250443288
======================
   8      16 sdb 13707983 213903 1520017948 32015500 26051770 271984456 8373441384 1218610944 142 10497784 1250585776
======================
   8      16 sdb 13707983 213903 1520017948 32015500 26053711 271984478 8374434848 1218746336 146 10498784 1250720196
======================
   8      16 sdb 13707983 213903 1520017948 32015500 26055640 271984478 8375422496 1218887864 137 10499792 1250862188
======================
   8      16 sdb 13707984 213903 1520017956 32015576 26057582 271984478 8376416296 1219022732 151 10500800 1250996856
======================
   8      16 sdb 13707984 213903 1520017956 32015576 26059510 271984494 8377402552 1219164612 143 10501804 1251138784
======================
   8      16 sdb 13707984 213903 1520017956 32015576 26061436 271984494 8378388664 1219305856 137 10502808 1251280136
======================
   8      16 sdb 13707984 213903 1520017956 32015576 26063362 271984517 8379374456 1219442996 151 10503808 1251416884
======================
   8      16 sdb 13707985 213903 1520017964 32015672 26065264 271984517 8380347776 1219577340 151 10504812 1251551640
======================
   8      16 sdb 13707985 213903 1520017964 32015672 26067174 271984534 8381324824 1219718640 129 10505816 1251692912
======================
   8      16 sdb 13707985 213903 1520017964 32015672 26069101 271984534 8382311448 1219860136 154 10506820 1251834520
======================
   8      16 sdb 13707985 213903 1520017964 32015672 26071027 271984534 8383297560 1220001912 148 10507820 1251975888
======================
   8      16 sdb 13707986 213903 1520017972 32015752 26072961 271984557 8384286944 1220131728 143 10508828 1252106016
======================
   8      16 sdb 13707986 213903 1520017972 32015752 26074889 271984574 8385273208 1220273484 135 10509832 1252247888
======================
   8      16 sdb 13707986 213903 1520017972 32015752 26076818 271984574 8386260856 1220415828 148 10510836 1252390036
======================
   8      16 sdb 13707986 213903 1520017972 32015752 26078720 271984574 8387234680 1220557664 144 10511840 1252532072
======================
   8      16 sdb 13707987 213903 1520017980 32015824 26080621 271984574 8388208504 1220691460 128 10512840 1252667068
======================
   8      16 sdb 13707987 213903 1520017980 32015824 26082548 271984597 8389194296 1220829348 140 10513844 1252803660
======================
   8      16 sdb 13707987 213903 1520017980 32015824 26084453 271984597 8390169656 1220971704 155 10514848 1252945712
======================
   8      16 sdb 13707987 213903 1520017980 32015824 26086398 271984597 8391165496 1221112536 130 10515848 1253086696
======================
   8      16 sdb 13707988 213903 1520017988 32015908 26088327 271984597 8392152640 1221247684 148 10516852 1253221812
======================
   8      16 sdb 13707988 213903 1520017988 32015908 26090083 271984612 8393049816 1221376908 152 10517856 1253364944
======================
   8      16 sdb 13707988 213903 1520017988 32015908 26092183 271984635 8394124696 1221527076 145 10518860 1253501508
======================
   8      16 sdb 13707988 213903 1520017988 32015908 26094092 271984635 8395102616 1221668732 153 10519864 1253643352
======================
   8      16 sdb 13707989 213903 1520017996 32015992 26096001 271984635 8396079008 1221804168 152 10520868 1253778656
======================
   8      16 sdb 13707989 213903 1520017996 32015992 26097778 271984652 8396987960 1221935352 135 10521868 1253920104
======================
   8      16 sdb 13707989 213903 1520017996 32015992 26099745 271984652 8397995064 1222078604 154 10522872 1254061488
======================
   8      16 sdb 13707989 213903 1520017996 32015992 26101783 271984676 8399038208 1222223424 147 10523876 1254197816
======================
   8      16 sdb 13707990 213903 1520018004 32016076 26103681 271984676 8400009480 1222354728 159 10524880 1254331536
======================
   8      16 sdb 13707990 213903 1520018004 32016076 26105636 271984693 8401009064 1222498536 156 10525880 1254472716
======================
   8      16 sdb 13707990 213903 1520018004 32016076 26107537 271984693 8401982376 1222640164 143 10526884 1254614724
======================
   8      16 sdb 13707990 213903 1520018004 32016076 26109438 271984693 8402955688 1222782240 130 10527884 1254756384
======================
   8      16 sdb 13707991 213903 1520018012 32016160 26111365 271984717 8403941496 1222911448 128 10528888 1254885852
======================
   8      16 sdb 13707991 213903 1520018012 32016160 26113293 271984734 8404927256 1223053296 152 10529892 1255027868
======================
   8      16 sdb 13707991 213903 1520018012 32016160 26115218 271984734 8405912856 1223195096 147 10530892 1255169296
======================
   8      16 sdb 13707991 213903 1520018012 32016160 26117145 271984734 8406899480 1223337056 140 10531896 1255311452
======================
   8      16 sdb 13707992 213903 1520018020 32016236 26119072 271984734 8407886104 1223471532 156 10532900 1255445964
======================
   8      16 sdb 13707992 213903 1520018020 32016236 26120980 271984756 8408862672 1223607524 129 10533904 1255582044
======================
   8      16 sdb 13707992 213903 1520018020 32016236 26122890 271984756 8409841104 1223749088 139 10534908 1255723804
======================
   8      16 sdb 13707992 213903 1520018020 32016236 26124814 271984756 8410825680 1223890796 135 10535908 1255865244
======================
   8      16 sdb 13707993 213903 1520018028 32016316 26126740 271984756 8411811288 1224025504 144 10536912 1256000204
======================
   8      16 sdb 13707993 213903 1520018028 32016316 26128672 271984771 8412799080 1224167660 146 10537916 1256142344
======================
   8      16 sdb 13707993 213903 1520018028 32016316 26130639 271984794 8413805864 1224307712 139 10538944 1256282328
======================
   8      16 sdb 13707993 213903 1520018028 32016316 26132567 271984794 8414793000 1224449904 131 10539948 1256424452
======================
   8      16 sdb 13707994 213903 1520018036 32016396 26134485 271984794 8415774512 1224586172 151 10540960 1256561016
======================
   8      16 sdb 13707994 213903 1520018036 32016396 26136359 271984811 8416733128 1224728916 133 10541960 1256703080
======================
   8      16 sdb 13707994 213903 1520018036 32016396 26138290 271984811 8417721800 1224871100 154 10542964 1256845696
======================
   8      16 sdb 13707994 213903 1520018036 32016396 26140215 271984835 8418707088 1225007912 128 10543968 1256982768
======================
   8      16 sdb 13707995 213903 1520018044 32016484 26142140 271984835 8419692184 1225142484 145 10544968 1257117004
======================
   8      16 sdb 13707995 213903 1520018044 32016484 26144065 271984852 8420676408 1225285340 153 10545972 1257259788
======================
   8      16 sdb 13707995 213903 1520018044 32016484 26145992 271984852 8421663032 1225428520 136 10546972 1257402972
======================
   8      16 sdb 13707995 213903 1520018044 32016484 26147906 271984852 8422643000 1225570584 133 10547976 1257545308
======================
   8      16 sdb 13707996 213903 1520018052 32016580 26149803 271984874 8423613432 1225699504 135 10548980 1257674360
======================
   8      16 sdb 13707996 213903 1520018052 32016580 26151701 271984874 8424585208 1225841824 157 10549980 1257816200
======================
   8      16 sdb 13707996 213903 1520018052 32016580 26153612 271984874 8425563640 1225984404 135 10550984 1257959148
======================
   8      16 sdb 13707996 213903 1520018052 32016580 26155518 271984874 8426539512 1226126596 148 10551988 1258101304
======================
   8      16 sdb 13707997 213903 1520018060 32016656 26157437 271984874 8427522040 1226261844 131 10552992 1258236308
======================
   8      16 sdb 13707997 213903 1520018060 32016656 26159353 271984897 8428502208 1226398188 142 10553996 1258372868
======================
   8      16 sdb 13707997 213903 1520018060 32016656 26161262 271984897 8429479616 1226540460 153 10555000 1258515308
======================
   8      16 sdb 13707997 213903 1520018060 32016656 26163169 271984897 8430456000 1226682452 134 10556004 1258657340
======================
   8      16 sdb 13707998 213903 1520018068 32016744 26165026 271984897 8431406784 1226814268 133 10557004 1258791392
======================
   8      16 sdb 13707998 213903 1520018068 32016744 26165193 271984963 8431486248 1226828948 0 10557268 1258798476
======================
   8      16 sdb 13707998 213903 1520018068 32016744 26165193 271984963 8431486248 1226828948 0 10557268 1258798476
======================
   8      16 sdb 13707998 213903 1520018068 32016744 26165193 271984963 8431486248 1226828948 0 10557268 1258798476
======================
   8      16 sdb 13707998 213903 1520018068 32016744 26165193 271984963 8431486248 1226828948 0 10557268 1258798476
======================
   8      16 sdb 13707998 213903 1520018068 32016744 26165193 271984963 8431486248 1226828948 0 10557268 1258798476
started
======================
   8      16 sdb 13709229 213903 1520301158 32017544 26165208 271984963 8431486304 1226828952 2 10557548 1258799288
======================
   8      16 sdb 13713229 213905 1521374318 32019292 26165208 271984963 8431486304 1226828952 4 10558640 1258801128
======================
   8      16 sdb 13716055 213910 1522313838 32022236 26165208 271984963 8431486304 1226828952 4 10559648 1258804072
======================
   8      16 sdb 13718912 213915 1523262318 32025092 26165208 271984963 8431486304 1226828952 4 10560660 1258806920
======================
   8      16 sdb 13721728 213920 1524195438 32028028 26165208 271984963 8431486304 1226828952 4 10561672 1258809856
======================
   8      16 sdb 13724539 213924 1525123950 32031132 26165208 271984963 8431486304 1226828952 4 10562676 1258812944
======================
   8      16 sdb 13727438 213929 1526047854 32034096 26165211 271984965 8431486344 1226829040 4 10563680 1258816096
======================
   8      16 sdb 13730227 213934 1526972782 32036988 26165211 271984965 8431486344 1226829040 4 10564684 1258818984
======================
   8      16 sdb 13732958 213938 1527886446 32039956 26165211 271984965 8431486344 1226829040 4 10565684 1258821912
======================
   8      16 sdb 13735738 213943 1528804206 32043024 26165211 271984965 8431486344 1226829040 4 10566688 1258824960
======================
   8      16 sdb 13738475 213948 1529707886 32046080 26165211 271984965 8431486344 1226829040 4 10567692 1258828012
======================
   8      16 sdb 13741265 213953 1530634606 32049176 26165211 271984965 8431486344 1226829040 3 10568692 1258831080
======================
   8      16 sdb 13744023 213958 1531552110 32051988 26165211 271984965 8431486344 1226829040 2 10569696 1258833876
======================
   8      16 sdb 13746855 213963 1532495982 32055060 26165211 271984965 8431486344 1226829040 4 10570700 1258836936
======================
   8      16 sdb 13749659 213967 1533432430 32058056 26165211 271984965 8431486344 1226829040 3 10571704 1258839920
======================
   8      16 sdb 13752276 213971 1534347374 32060816 26165211 271984965 8431486344 1226829040 2 10572696 1258842612
======================
   8      16 sdb 13753887 213971 1535172206 32062444 26165211 271984965 8431486344 1226829040 2 10573668 1258844236
======================
   8      16 sdb 13755519 213971 1536007790 32063944 26165211 271984965 8431486344 1226829040 2 10574632 1258845736
======================
   8      16 sdb 13757140 213971 1536837742 32065452 26165211 271984965 8431486344 1226829040 1 10575552 1258847240
======================
   8      16 sdb 13758778 213971 1537676398 32066928 26165211 271984965 8431486344 1226829040 2 10576492 1258848712
======================
   8      16 sdb 13760416 213971 1538515054 32068492 26165211 271984965 8431486344 1226829040 2 10577468 1258850276
======================
   8      16 sdb 13762104 213971 1539379310 32070052 26165211 271984965 8431486344 1226829040 2 10578452 1258851836
======================
   8      16 sdb 13763753 213971 1540223598 32071592 26165211 271984965 8431486344 1226829040 1 10579392 1258853372
======================
   8      16 sdb 13765369 213971 1541050990 32073148 26165211 271984965 8431486344 1226829040 2 10580352 1258854936
======================
   8      16 sdb 13767016 213971 1541894254 32074704 26165211 271984965 8431486344 1226829040 1 10581304 1258856492
======================
   8      16 sdb 13768679 213971 1542745454 32076256 26165211 271984965 8431486344 1226829040 2 10582260 1258858040
======================
   8      16 sdb 13770306 213971 1543578478 32077740 26165211 271984965 8431486344 1226829040 2 10583208 1258859524
======================
   8      16 sdb 13771967 213971 1544428910 32079332 26165211 271984965 8431486344 1226829040 3 10584176 1258861116
======================
   8      16 sdb 13773576 213971 1545252718 32080852 26165211 271984965 8431486344 1226829040 1 10585152 1258862632
======================
   8      16 sdb 13775243 213971 1546106222 32082460 26165211 271984965 8431486344 1226829040 2 10586132 1258864236
======================
   8      16 sdb 13776834 213971 1546920814 32083948 26165211 271984965 8431486344 1226829040 0 10587072 1258865724
======================
   8      16 sdb 13778461 213971 1547753838 32085512 26165211 271984965 8431486344 1226829040 1 10588044 1258867292
======================
   8      16 sdb 13780108 213971 1548597102 32087068 26165211 271984965 8431486344 1226829040 1 10589004 1258868844
======================
   8      16 sdb 13781771 213971 1549448558 32088612 26165211 271984965 8431486344 1226829040 2 10589964 1258870388
======================
   8      16 sdb 13783465 213971 1550315886 32090148 26165211 271984965 8431486344 1226829040 2 10590904 1258871924
======================
   8      16 sdb 13785104 213971 1551155054 32091672 26165211 271984965 8431486344 1226829040 2 10591856 1258873448
======================
   8      16 sdb 13786768 213971 1552007022 32093188 26165211 271984965 8431486344 1226829040 2 10592796 1258874964
======================
   8      16 sdb 13788395 213971 1552840046 32094712 26165211 271984965 8431486344 1226829040 1 10593732 1258876488
======================
   8      16 sdb 13790042 213971 1553683310 32096208 26165211 271984965 8431486344 1226829040 2 10594684 1258877984
======================
   8      16 sdb 13791687 213971 1554525550 32097720 26165211 271984965 8431486344 1226829040 1 10595632 1258879496
======================
   8      16 sdb 13793320 213971 1555361646 32099232 26165211 271984965 8431486344 1226829040 1 10596560 1258881008
======================
   8      16 sdb 13794957 213971 1556199790 32100768 26165213 271984965 8431486360 1226829048 2 10597536 1258882552
======================
   8      16 sdb 13796591 213971 1557036398 32102308 26165213 271984965 8431486360 1226829048 2 10598492 1258884088
======================
   8      16 sdb 13798212 213971 1557866350 32103804 26165213 271984965 8431486360 1226829048 1 10599444 1258885584
======================
   8      16 sdb 13799814 213971 1558686574 32105360 26165213 271984965 8431486360 1226829048 2 10600392 1258887140
======================
   8      16 sdb 13801398 213971 1559497582 32106888 26165213 271984965 8431486360 1226829048 2 10601356 1258888668
======================
   8      16 sdb 13803018 213971 1560327022 32108356 26165213 271984965 8431486360 1226829048 2 10602280 1258890144
======================
   8      16 sdb 13804625 213971 1561149806 32109864 26165213 271984965 8431486360 1226829048 2 10603204 1258891644
======================
   8      16 sdb 13806243 213971 1561978222 32111392 26165213 271984965 8431486360 1226829048 2 10604164 1258893172
======================
   8      16 sdb 13807855 213971 1562803566 32112844 26165213 271984965 8431486360 1226829048 1 10605108 1258894624
======================
   8      16 sdb 13809463 213971 1563626862 32114376 26165213 271984965 8431486360 1226829048 2 10606068 1258896152
======================
   8      16 sdb 13811046 213971 1564437358 32115920 26165213 271984965 8431486360 1226829048 1 10606992 1258897696
======================
   8      16 sdb 13812649 213971 1565258094 32117372 26165213 271984965 8431486360 1226829048 1 10607916 1258899148
======================
   8      16 sdb 13814290 213971 1566098286 32118880 26165213 271984965 8431486360 1226829048 2 10608864 1258900656
======================
   8      16 sdb 13815883 213971 1566913902 32120332 26165213 271984965 8431486360 1226829048 2 10609772 1258902104
======================
   8      16 sdb 13817461 213971 1567721838 32121768 26165213 271984965 8431486360 1226829048 1 10610676 1258903540
======================
   8      16 sdb 13819047 213971 1568533870 32123176 26165213 271984965 8431486360 1226829048 1 10611584 1258904952
======================
   8      16 sdb 13820636 213971 1569347438 32124700 26165213 271984965 8431486360 1226829048 1 10612544 1258906472
======================
   8      16 sdb 13822208 213971 1570152302 32126140 26165213 271984965 8431486360 1226829048 2 10613496 1258907916
======================
   8      16 sdb 13823782 213971 1570958190 32127612 26165213 271984965 8431486360 1226829048 2 10614416 1258909384
======================
   8      16 sdb 13825362 213971 1571767150 32129088 26165213 271984965 8431486360 1226829048 2 10615356 1258910860
======================
   8      16 sdb 13826931 213971 1572570478 32130492 26165213 271984965 8431486360 1226829048 2 10616292 1258912264
======================
   8      16 sdb 13827663 213971 1572945262 32131144 26165213 271984965 8431486360 1226829048 0 10616692 1258912912
