======================
   8      16 sdb 19424764 215197 1822929076 41821844 37113756 321728317 10743973096 1562605636 0 13323536 1604390524
======================
   8      16 sdb 19424795 215197 1822930204 41821848 37113756 321728317 10743973096 1562605636 0 13323540 1604390528
======================
   8      16 sdb 19424796 215197 1822930212 41821848 37113756 321728317 10743973096 1562605636 0 13323540 1604390528
======================
   8      16 sdb 19424798 215197 1822930228 41821852 37113756 321728317 10743973096 1562605636 0 13323544 1604390532
======================
   8      16 sdb 19424798 215197 1822930228 41821852 37113756 321728317 10743973096 1562605636 0 13323544 1604390532
======================
   8      16 sdb 19424798 215197 1822930228 41821852 37113756 321728317 10743973096 1562605636 0 13323544 1604390532
======================
   8      16 sdb 19424798 215197 1822930228 41821852 37113756 321728317 10743973096 1562605636 0 13323544 1604390532
======================
   8      16 sdb 19424798 215197 1822930228 41821852 37113756 321728317 10743973096 1562605636 0 13323544 1604390532
======================
   8      16 sdb 19424798 215197 1822930228 41821852 37113928 321739017 10744060072 1562606248 0 13323576 1604391144
======================
   8      16 sdb 19424798 215197 1822930228 41821852 37113928 321739017 10744060072 1562606248 0 13323576 1604391144
======================
   8      16 sdb 19424798 215197 1822930228 41821852 37113928 321739017 10744060072 1562606248 0 13323576 1604391144
======================
   8      16 sdb 19424798 215197 1822930228 41821852 37113928 321739017 10744060072 1562606248 0 13323576 1604391144
======================
   8      16 sdb 19424798 215197 1822930228 41821852 37113928 321739017 10744060072 1562606248 0 13323576 1604391144
======================
   8      16 sdb 19424798 215197 1822930228 41821852 37114107 321750206 10744151016 1562606332 0 13323608 1604391228
======================
   8      16 sdb 19424798 215197 1822930228 41821852 37115380 321822363 10744738456 1562608288 0 13324472 1604393180
======================
   8      16 sdb 19424798 215197 1822930228 41821852 37115380 321822363 10744738456 1562608288 0 13324472 1604393180
======================
   8      16 sdb 19424798 215197 1822930228 41821852 37115380 321822363 10744738456 1562608288 0 13324472 1604393180
======================
   8      16 sdb 19424798 215197 1822930228 41821852 37115380 321822363 10744738456 1562608288 0 13324472 1604393180
======================
   8      16 sdb 19424798 215197 1822930228 41821852 37115588 321835361 10744844104 1562608400 0 13324536 1604393292
======================
   8      16 sdb 19424798 215197 1822930228 41821852 37115588 321835361 10744844104 1562608400 0 13324536 1604393292
======================
   8      16 sdb 19424798 215197 1822930228 41821852 37116687 321895969 10745337424 1562610580 2 13325456 1604395448
======================
   8      16 sdb 19424798 215197 1822930228 41821852 37118281 321984182 10746055544 1562612892 2 13326456 1604397748
======================
   8      16 sdb 19424798 215197 1822930228 41821852 37119839 322073664 10746784304 1562614764 1 13327460 1604399616
======================
   8      16 sdb 19424798 215197 1822930228 41821852 37120433 322110387 10747083072 1562615152 0 13327720 1604400004
======================
   8      16 sdb 19424798 215197 1822930228 41821852 37120433 322110387 10747083072 1562615152 0 13327720 1604400004
======================
   8      16 sdb 19424798 215197 1822930228 41821852 37120433 322110387 10747083072 1562615152 0 13327720 1604400004
======================
   8      16 sdb 19424798 215197 1822930228 41821852 37120433 322110387 10747083072 1562615152 0 13327720 1604400004
======================
   8      16 sdb 19424798 215197 1822930228 41821852 37120433 322110387 10747083072 1562615152 0 13327720 1604400004
======================
   8      16 sdb 19424798 215197 1822930228 41821852 37120636 322123074 10747186192 1562615224 0 13327760 1604400072
======================
   8      16 sdb 19424798 215197 1822930228 41821852 37120636 322123074 10747186192 1562615224 0 13327760 1604400072
======================
   8      16 sdb 19424798 215197 1822930228 41821852 37120636 322123074 10747186192 1562615224 0 13327760 1604400072
======================
   8      16 sdb 19424798 215197 1822930228 41821852 37120636 322123074 10747186192 1562615224 0 13327760 1604400072
======================
   8      16 sdb 19424798 215197 1822930228 41821852 37120636 322123074 10747186192 1562615224 0 13327760 1604400072
======================
   8      16 sdb 19424798 215197 1822930228 41821852 37120831 322135238 10747285064 1562615324 0 13327796 1604400172
======================
   8      16 sdb 19424798 215197 1822930228 41821852 37120831 322135238 10747285064 1562615324 0 13327796 1604400172
======================
   8      16 sdb 19424798 215197 1822930228 41821852 37120831 322135238 10747285064 1562615324 0 13327796 1604400172
======================
   8      16 sdb 19424798 215197 1822930228 41821852 37120831 322135238 10747285064 1562615324 0 13327796 1604400172
======================
   8      16 sdb 19424798 215197 1822930228 41821852 37120831 322135238 10747285064 1562615324 0 13327796 1604400172
======================
   8      16 sdb 19424798 215197 1822930228 41821852 37121036 322148078 10747389424 1562615400 0 13327836 1604400248
======================
   8      16 sdb 19424798 215197 1822930228 41821852 37121036 322148078 10747389424 1562615400 0 13327836 1604400248
======================
   8      16 sdb 19424798 215197 1822930228 41821852 37121472 322174577 10747604736 1562616088 1 13328104 1604400936
======================
   8      16 sdb 19424798 215197 1822930228 41821852 37123270 322285226 10748503336 1562617656 3 13328928 1604402488
======================
   8      16 sdb 19424798 215197 1822930228 41821852 37125253 322392433 10749377656 1562619084 1 13329932 1604403912
======================
   8      16 sdb 19424798 215197 1822930228 41821852 37127221 322513587 10750362792 1562628348 1 13330924 1604413164
======================
   8      16 sdb 19424798 215197 1822930228 41821852 37128888 322615097 10751188240 1562629664 2 13331928 1604414468
======================
   8      16 sdb 19424798 215197 1822930228 41821852 37130557 322716599 10752013464 1562631036 1 13332932 1604415820
======================
   8      16 sdb 19424798 215197 1822930228 41821852 37132221 322817986 10752837688 1562632716 1 13333932 1604417480
======================
   8      16 sdb 19424798 215197 1822930228 41821852 37134692 322957063 10753970120 1562634336 1 13334904 1604419104
======================
   8      16 sdb 19424798 215197 1822930228 41821852 37135164 322986290 10754208144 1562634680 0 13335100 1604419428
======================
   8      16 sdb 19424798 215197 1822930228 41821852 37135165 322986290 10754208144 1562634680 0 13335100 1604419428
======================
   8      16 sdb 19424798 215197 1822930228 41821852 37135165 322986290 10754208144 1562634680 0 13335100 1604419428
======================
   8      16 sdb 19424798 215197 1822930228 41821852 37135165 322986290 10754208144 1562634680 0 13335100 1604419428
======================
started
   8      16 sdb 19424920 215197 1822931198 41822908 37135186 322986290 10754208224 1562634684 0 13335136 1604420488
======================
   8      16 sdb 19424920 215197 1822931198 41822908 37135186 322986290 10754208224 1562634684 0 13335136 1604420488
======================
   8      16 sdb 19466504 215197 1823263870 41830988 37135186 322986290 10754208224 1562634684 26 13335904 1604428560
======================
   8      16 sdb 19485264 215197 1823413950 41833316 37135186 322986290 10754208224 1562634684 0 13336624 1604430888
======================
   8      16 sdb 19492911 215197 1823475126 41834204 37135186 322986290 10754208224 1562634684 1 13337252 1604431768
======================
   8      16 sdb 19499726 215197 1823529646 41834900 37135186 322986290 10754208224 1562634684 0 13337944 1604432460
======================
   8      16 sdb 19506430 215197 1823583278 41835604 37135186 322986290 10754208224 1562634684 1 13338644 1604433160
======================
   8      16 sdb 19512640 215197 1823632958 41836288 37135524 323007450 10754380208 1562634748 0 13339316 1604433892
======================
   8      16 sdb 19519233 215197 1823685702 41836928 37135524 323007450 10754380208 1562634748 1 13339956 1604434532
======================
   8      16 sdb 19525800 215197 1823738238 41837608 37135524 323007450 10754380208 1562634748 1 13340632 1604435208
======================
   8      16 sdb 19532387 215197 1823790934 41838308 37135524 323007450 10754380208 1562634748 1 13341324 1604435900
======================
   8      16 sdb 19538969 215197 1823843590 41839060 37135524 323007450 10754380208 1562634748 0 13342072 1604436648
======================
   8      16 sdb 19539102 215197 1823844654 41839076 37135898 323030938 10754571104 1562634872 1 13342140 1604436788
======================
   8      16 sdb 19545713 215197 1823897542 41839816 37135898 323030938 10754571104 1562634872 1 13342872 1604437520
======================
   8      16 sdb 19552236 215197 1823949726 41840484 37135898 323030938 10754571104 1562634872 1 13343536 1604438184
======================
   8      16 sdb 19558863 215197 1824002742 41841232 37135898 323030938 10754571104 1562634872 1 13344276 1604438924
======================
   8      16 sdb 19565134 215197 1824052910 41841912 37135898 323030938 10754571104 1562634872 0 13344952 1604439600
======================
   8      16 sdb 19571532 215197 1824104094 41842584 37136137 323046189 10754693472 1562634968 5 13345660 1604440400
======================
   8      16 sdb 19577700 215197 1824153438 41843324 37136278 323054761 10754764728 1562635016 1 13346364 1604441152
======================
   8      16 sdb 19584477 215197 1824207662 41844016 37136278 323054761 10754764728 1562635016 1 13347052 1604441840
======================
   8      16 sdb 19590695 215197 1824257398 41844724 37136278 323054761 10754764728 1562635016 1 13347760 1604442548
======================
   8      16 sdb 19596572 215197 1824304414 41845368 37136278 323054761 10754764728 1562635016 0 13348404 1604443192
======================
   8      16 sdb 19596576 215197 1824304446 41845368 37136588 323074230 10754922960 1562635144 1 13348448 1604443360
======================
   8      16 sdb 19603040 215197 1824356158 41846108 37136589 323074230 10754922968 1562635144 1 13349136 1604444048
======================
   8      16 sdb 19609502 215197 1824407854 41846808 37136589 323074230 10754922968 1562635144 1 13349836 1604444748
======================
   8      16 sdb 19616026 215197 1824460046 41847552 37136589 323074230 10754922968 1562635144 1 13350580 1604445492
======================
   8      16 sdb 19622596 215197 1824512606 41848228 37136589 323074230 10754922968 1562635144 0 13351252 1604446164
======================
   8      16 sdb 19628810 215197 1824562318 41848976 37136964 323097853 10755114952 1562635264 1 13352056 1604447084
======================
   8      16 sdb 19634785 215197 1824610118 41849760 37136965 323097853 10755114960 1562635264 1 13352776 1604447804
======================
   8      16 sdb 19641532 215197 1824664094 41850476 37136965 323097853 10755114960 1562635264 1 13353488 1604448516
======================
   8      16 sdb 19647968 215197 1824715582 41851172 37136965 323097853 10755114960 1562635264 1 13354184 1604449212
======================
   8      16 sdb 19653873 215197 1824762822 41851820 37136965 323097853 10755114960 1562635264 0 13354832 1604449860
======================
   8      16 sdb 19653880 215197 1824762878 41851908 37150028 323136477 10755528456 1562649148 1 13355116 1604463808
======================
   8      16 sdb 19659573 215197 1824808422 41852672 37150028 323136477 10755528456 1562649148 1 13355876 1604464568
======================
   8      16 sdb 19666135 215197 1824860918 41853392 37150028 323136477 10755528456 1562649148 0 13356592 1604465284
======================
   8      16 sdb 19672832 215197 1824914494 41854144 37150028 323136477 10755528456 1562649148 0 13357336 1604466028
======================
   8      16 sdb 19679034 215197 1824964110 41854756 37150028 323136477 10755528456 1562649148 0 13357948 1604466640
======================
   8      16 sdb 19685052 215197 1825012254 41855540 37150397 323159630 10755716632 1562649352 1 13358736 1604467632
======================
   8      16 sdb 19690922 215197 1825059214 41856280 37150397 323159630 10755716632 1562649352 1 13359472 1604468368
======================
   8      16 sdb 19697556 215197 1825112286 41857044 37150397 323159630 10755716632 1562649352 0 13360236 1604469132
======================
   8      16 sdb 19704188 215197 1825165342 41857732 37150397 323159630 10755716632 1562649352 0 13360924 1604469820
======================
   8      16 sdb 19710160 215197 1825213118 41858400 37150397 323159630 10755716632 1562649352 0 13361588 1604470484
======================
   8      16 sdb 19710185 215197 1825213318 41858516 37150706 323179006 10755874112 1562649496 1 13361708 1604470748
======================
   8      16 sdb 19716650 215197 1825265038 41859272 37150706 323179006 10755874112 1562649496 0 13362460 1604471500
======================
   8      16 sdb 19723348 215197 1825318622 41860016 37150706 323179006 10755874112 1562649496 0 13363200 1604472240
======================
   8      16 sdb 19729942 215197 1825371374 41860808 37150706 323179006 10755874112 1562649496 1 13363988 1604473028
======================
   8      16 sdb 19736355 215197 1825422678 41861576 37150706 323179006 10755874112 1562649496 1 13364756 1604473796
======================
   8      16 sdb 19742095 215197 1825468598 41862244 37151080 323202358 10756063912 1562649668 1 13365504 1604474632
======================
   8      16 sdb 19748547 215197 1825520214 41862952 37151080 323202358 10756063912 1562649668 0 13366208 1604475336
======================
   8      16 sdb 19755368 215197 1825574782 41863756 37151080 323202358 10756063912 1562649668 0 13367008 1604476136
======================
   8      16 sdb 19762031 215197 1825628086 41864520 37151080 323202358 10756063912 1562649668 1 13367768 1604476896
======================
   8      16 sdb 19768735 215197 1825681718 41865308 37151080 323202358 10756063912 1562649668 0 13368552 1604477680
======================
   8      16 sdb 19774127 215197 1825724854 41865948 37151455 323225786 10756254328 1562649816 1 13369264 1604478460
======================
   8      16 sdb 19780257 215197 1825773894 41866732 37151455 323225786 10756254328 1562649816 1 13370044 1604479240
======================
   8      16 sdb 19786729 215197 1825825670 41867476 37151455 323225786 10756254328 1562649816 0 13370788 1604479984
======================
   8      16 sdb 19793399 215197 1825879030 41868200 37151455 323225786 10756254328 1562649816 1 13371512 1604480708
======================
   8      16 sdb 19800139 215197 1825932950 41868904 37151455 323225786 10756254328 1562649816 0 13372216 1604481412
======================
   8      16 sdb 19805708 215197 1825977502 41869596 37151826 323248915 10756442320 1562649996 1 13372984 1604482276
======================
   8      16 sdb 19811482 215197 1826023694 41870384 37155371 323295455 10756843000 1562653232 0 13373800 1604486276
======================
   8      16 sdb 19818072 215197 1826076414 41871112 37155371 323295455 10756843000 1562653232 1 13374524 1604487000
======================
   8      16 sdb 19824576 215197 1826128446 41871904 37155371 323295455 10756843000 1562653232 1 13375316 1604487792
======================
   8      16 sdb 19829729 215197 1826169670 41872516 37155371 323295455 10756843000 1562653232 0 13375928 1604488404
======================
   8      16 sdb 19829729 215197 1826169670 41872516 37155371 323295455 10756843000 1562653232 0 13375928 1604488404
