======================
   8      32 sdc 620656 8 155001122 1919508 3486914 7795642 1780115192 769246836 61 5977308 771734636
======================
   8      32 sdc 620656 8 155001122 1919508 3486973 7795642 1780145400 769260316 2 5978312 771739804
======================
   8      32 sdc 620656 8 155001122 1919508 3486975 7795642 1780146424 769263172 0 5978592 771740364
======================
   8      32 sdc 620656 8 155001122 1919508 3486975 7795642 1780146424 769263172 0 5978592 771740364
======================
   8      32 sdc 620656 8 155001122 1919508 3486975 7795642 1780146424 769263172 0 5978592 771740364
======================
   8      32 sdc 620666 8 155001202 1919812 3488158 7795660 1780749720 769335256 155 5979392 771823540
======================
   8      32 sdc 620669 8 155001226 1919892 3488932 7795660 1781144984 769443404 138 5980396 771964352
======================
   8      32 sdc 620671 8 155001242 1920788 3489450 7795660 1781409176 769613336 135 5981400 772100832
======================
   8      32 sdc 620673 8 155001258 1921156 3489963 7795660 1781671320 769698764 137 5982404 772238920
======================
   8      32 sdc 620675 8 155001274 1922204 3490687 7795660 1782040984 769866776 142 5983408 772379908
======================
   8      32 sdc 620681 8 155001322 1923116 3492438 7795694 1782933688 770024388 126 5984408 772511628
======================
   8      32 sdc 620682 8 155001330 1924096 3492652 7795694 1783043256 770155264 138 5985412 772638524
======================
   8      32 sdc 620685 8 155001354 1924172 3493978 7795694 1783720120 770281304 134 5986416 772780676
======================
   8      32 sdc 620686 8 155001362 1924200 3494626 7795694 1784050872 770426288 142 5987420 772923844
======================
   8      32 sdc 620688 8 155001378 1924384 3495207 7795694 1784347320 770564412 135 5988424 773062476
======================
   8      32 sdc 620690 8 155001394 1924448 3495825 7795728 1784662848 770704456 137 5989428 773205352
======================
   8      32 sdc 620690 8 155001394 1924448 3496464 7795728 1784988632 770850176 139 5990432 773348812
======================
   8      32 sdc 620692 8 155001410 1924644 3497092 7795728 1785309144 770988880 153 5991436 773486996
======================
   8      32 sdc 620693 8 155001418 1924676 3497721 7795728 1785630680 771131584 154 5992440 773630592
======================
   8      32 sdc 620694 8 155001426 1924724 3498339 7795728 1785947096 771275924 144 5993444 773774628
======================
   8      32 sdc 620695 8 155001434 1924768 3498977 7795754 1786272944 771419436 146 5994448 773917340
======================
   8      32 sdc 620696 8 155001442 1924800 3499624 7795754 1786603448 771562368 128 5995452 774060556
======================
   8      32 sdc 620696 8 155001442 1924800 3499733 7795754 1786659256 771587460 95 5996452 774162440
======================
   8      32 sdc 620699 8 155001466 1926360 3500870 7795754 1787240120 771774356 157 5997456 774275096
======================
   8      32 sdc 620700 8 155001474 1926384 3501496 7795754 1787560120 771918636 129 5998460 774418488
======================
   8      32 sdc 620701 8 155001482 1926408 3502123 7795782 1787881144 772061588 147 5999464 774561600
======================
   8      32 sdc 620703 8 155001498 1926748 3502754 7795782 1788202664 772202144 157 6000468 774702076
======================
   8      32 sdc 620703 8 155001498 1926748 3503394 7795782 1788529832 772345704 157 6001472 774845576
======================
   8      32 sdc 620704 8 155001506 1926792 3504033 7795782 1788856488 772487984 152 6002476 774988336
======================
   8      32 sdc 620705 8 155001514 1926840 3504668 7795782 1789181352 772629848 155 6003480 775131076
======================
   8      32 sdc 620706 8 155001522 1926892 3505136 7795882 1789411920 772730884 0 6004228 775215432
======================
   8      32 sdc 620706 8 155001522 1926892 3505136 7795882 1789411920 772730884 0 6004228 775215432
======================
   8      32 sdc 620706 8 155001522 1926892 3505136 7795882 1789411920 772730884 0 6004228 775215432
started
======================
   8      32 sdc 620707 8 155001530 1926904 3505136 7795882 1789411920 772730884 0 6004240 775215444
======================
   8      32 sdc 620737 8 155001770 1926940 3505136 7795882 1789411920 772730884 0 6004268 775215480
======================
   8      32 sdc 620737 8 155001770 1926940 3505136 7795882 1789411920 772730884 0 6004268 775215480
======================
   8      32 sdc 620737 8 155001770 1926940 3505136 7795882 1789411920 772730884 0 6004268 775215480
======================
   8      32 sdc 620737 8 155001770 1926940 3506367 7795882 1790042192 772740840 129 6004360 775226172
======================
   8      32 sdc 620737 8 155001770 1926940 3507315 7795882 1790527568 772809612 130 6004952 775310360
======================
   8      32 sdc 620737 8 155001770 1926940 3507746 7795882 1790748240 772911960 148 6005956 775455656
======================
   8      32 sdc 620738 8 155001778 1927752 3508528 7795885 1791147640 773097168 135 6006960 775600108
======================
   8      32 sdc 620738 8 155001778 1927752 3509188 7795885 1791485560 773240916 147 6007964 775743080
======================
   8      32 sdc 620738 8 155001778 1927752 3509844 7795885 1791821432 773383860 131 6008968 775886396
======================
   8      32 sdc 620738 8 155001778 1927752 3510469 7795885 1792141432 773526840 146 6009972 776030012
======================
   8      32 sdc 620738 8 155001778 1927752 3510964 7795888 1792393888 773654524 133 6010972 776171396
======================
   8      32 sdc 620738 8 155001778 1927752 3511648 7795888 1792744096 773810780 138 6011980 776312704
======================
   8      32 sdc 620738 8 155001778 1927752 3512263 7795888 1793058976 773954632 131 6012984 776455836
======================
   8      32 sdc 620738 8 155001778 1927752 3512921 7795888 1793395872 774097964 145 6013988 776599340
======================
   8      32 sdc 620738 8 155001778 1927752 3513555 7795888 1793720480 774241036 151 6014988 776742112
======================
   8      32 sdc 620738 8 155001778 1927752 3514178 7795891 1794038472 774381348 138 6015992 776885432
======================
   8      32 sdc 620738 8 155001778 1927752 3514821 7795891 1794367688 774527048 135 6017004 777028400
======================
   8      32 sdc 620738 8 155001778 1927752 3515459 7795891 1794694344 774668752 137 6018008 777171648
======================
   8      32 sdc 620738 8 155001778 1927752 3515962 7795891 1794951880 774813004 146 6019008 777315112
======================
   8      32 sdc 620738 8 155001778 1927752 3516580 7795891 1795268296 774956292 136 6020012 777458216
======================
   8      32 sdc 620738 8 155001778 1927752 3517210 7795894 1795589872 775098960 148 6021016 777601900
======================
   8      32 sdc 620738 8 155001778 1927752 3517752 7795894 1795867376 775222124 150 6022020 777746252
======================
   8      32 sdc 620738 8 155001778 1927752 3518501 7795894 1796250864 775389088 137 6023024 777891192
======================
   8      32 sdc 620738 8 155001778 1927752 3519136 7795894 1796575984 775531776 142 6024028 778034692
======================
   8      32 sdc 620738 8 155001778 1927752 3519765 7795894 1796898032 775675720 153 6025032 778178060
======================
   8      32 sdc 620738 8 155001778 1927752 3520410 7795897 1797227288 775818532 150 6026036 778321776
======================
   8      32 sdc 620738 8 155001778 1927752 3521006 7795897 1797532440 775954804 130 6027040 778464704
======================
   8      32 sdc 620738 8 155001778 1927752 3521670 7795897 1797872408 776102848 138 6028044 778605460
======================
   8      32 sdc 620738 8 155001778 1927752 3522290 7795897 1798189848 776244440 158 6029048 778748804
======================
   8      32 sdc 620738 8 155001778 1927752 3522927 7795897 1798515992 776389248 129 6030052 778892056
======================
   8      32 sdc 620738 8 155001778 1927752 3523576 7795900 1798847296 776533548 154 6031056 779035696
======================
   8      32 sdc 620738 8 155001778 1927752 3524062 7795900 1799096128 776680096 148 6032060 779182356
======================
   8      32 sdc 620738 8 155001778 1927752 3524701 7795900 1799423296 776823576 149 6033064 779325804
======================
   8      32 sdc 620738 8 155001778 1927752 3525332 7795900 1799746368 776966172 158 6034064 779468464
======================
   8      32 sdc 620738 8 155001778 1927752 3525966 7795900 1800070976 777110968 132 6035068 779612148
======================
   8      32 sdc 620738 8 155001778 1927752 3526612 7795903 1800400744 777255036 128 6036072 779755800
======================
   8      32 sdc 620738 8 155001778 1927752 3527263 7795903 1800734056 777397616 149 6037076 779899232
======================
   8      32 sdc 620738 8 155001778 1927752 3527865 7795903 1801042280 777533440 155 6038080 780043252
======================
   8      32 sdc 620738 8 155001778 1927752 3528478 7795903 1801356136 777683492 150 6039084 780186832
======================
   8      32 sdc 620738 8 155001778 1927752 3529115 7795903 1801682792 777826884 153 6040088 780330192
======================
   8      32 sdc 620738 8 155001778 1927752 3529758 7795906 1802010512 777971212 152 6041088 780473240
======================
   8      32 sdc 620738 8 155001778 1927752 3530390 7795906 1802334096 778109640 152 6042092 780613136
======================
   8      32 sdc 620738 8 155001778 1927752 3531017 7795906 1802655120 778255060 133 6043096 780756856
======================
   8      32 sdc 620738 8 155001778 1927752 3531665 7795906 1802986896 778398680 157 6044100 780900452
======================
   8      32 sdc 620738 8 155001778 1927752 3532298 7795906 1803310992 778540436 132 6045104 781044128
======================
   8      32 sdc 620738 8 155001778 1927752 3532616 7795909 1803473808 778617532 135 6046108 781184132
======================
   8      32 sdc 620738 8 155001778 1927752 3532641 7795909 1803486136 778658252 143 6047108 781319124
======================
   8      32 sdc 620738 8 155001778 1927752 3534013 7795909 1804188088 778960060 147 6048112 781461932
======================
   8      32 sdc 620738 8 155001778 1927752 3534651 7795909 1804514744 779103728 149 6049116 781605528
======================
   8      32 sdc 620738 8 155001778 1927752 3535280 7795909 1804836792 779246796 128 6050120 781748944
======================
   8      32 sdc 620738 8 155001778 1927752 3535910 7795912 1805158368 779390400 140 6051120 781892352
======================
   8      32 sdc 620738 8 155001778 1927752 3536544 7795912 1805482976 779533716 146 6052124 782035856
======================
   8      32 sdc 620738 8 155001778 1927752 3537141 7795912 1805788640 779677276 157 6053128 782180936
======================
   8      32 sdc 620738 8 155001778 1927752 3537799 7795912 1806125536 779821520 139 6054132 782324928
======================
   8      32 sdc 620738 8 155001778 1927752 3538378 7795912 1806421984 779965308 136 6055136 782468976
======================
   8      32 sdc 620738 8 155001778 1927752 3538987 7795915 1806732808 780112252 137 6056136 782612632
======================
   8      32 sdc 620738 8 155001778 1927752 3539653 7795915 1807074312 780254244 143 6057140 782756168
======================
   8      32 sdc 620738 8 155001778 1927752 3540224 7795915 1807366152 780392024 148 6058144 782902240
======================
   8      32 sdc 620738 8 155001778 1927752 3540937 7795915 1807731208 780542968 146 6059148 783045188
======================
   8      32 sdc 620738 8 155001778 1927752 3541585 7795915 1808062984 780686092 138 6060152 783188556
======================
   8      32 sdc 620738 8 155001778 1927752 3542078 7795918 1808314416 780830036 138 6061156 783332400
