======================
   8      32 sdc 1874972 73981 221496794 14653484 13560716 35494114 4223803424 2395274980 0 19222244 2411328800
======================
   8      32 sdc 1874972 73981 221496794 14653484 13560716 35494114 4223803424 2395274980 0 19222244 2411328800
======================
   8      32 sdc 1875368 73981 221499962 14657068 13560716 35494114 4223803424 2395274980 33 19222524 2411332516
======================
   8      32 sdc 1877942 73981 221520554 14679728 13560716 35494114 4223803424 2395274980 32 19223524 2411355172
======================
   8      32 sdc 1880723 73981 221542802 14704888 13560716 35494114 4223803424 2395274980 32 19224524 2411380460
======================
   8      32 sdc 1883638 73981 221566122 14730200 13560716 35494114 4223803424 2395274980 3 19225520 2411405516
======================
   8      32 sdc 1886475 73981 221588818 14754624 13560716 35494114 4223803424 2395274980 32 19226520 2411430068
======================
   8      32 sdc 1889127 74011 221610282 14779212 13560903 35494788 4223810072 2395277036 177 19227516 2411458444
======================
   8      32 sdc 1892017 74073 221633914 14802568 13561225 35494816 4223813112 2395286556 32 19228520 2411489844
======================
   8      32 sdc 1894869 74073 221656730 14826116 13561225 35494816 4223813112 2395286556 27 19229520 2411513008
======================
   8      32 sdc 1897672 74073 221679154 14850532 13561225 35494816 4223813112 2395286556 32 19230516 2411537676
======================
   8      32 sdc 1900517 74073 221701914 14874940 13561225 35494816 4223813112 2395286556 1 19231512 2411561844
======================
   8      32 sdc 1900742 74073 221703714 14896372 13561238 35495560 4223819168 2395286652 1 19232516 2411583476
======================
   8      32 sdc 1903240 74073 221723698 14917424 13561238 35495560 4223819168 2395286652 33 19233504 2411604408
======================
   8      32 sdc 1906025 74073 221745978 14940692 13561238 35495560 4223819168 2395286652 1 19234500 2411627688
======================
   8      32 sdc 1908887 74073 221768874 14964784 13561238 35495560 4223819168 2395286652 31 19235484 2411651892
======================
   8      32 sdc 1911391 74347 221791162 14988704 13561823 35495587 4223824064 2395341284 32 19236480 2411730320
======================
   8      32 sdc 1914157 74347 221813290 15011252 13561823 35495587 4223824064 2395341284 32 19237468 2411753120
======================
   8      32 sdc 1917000 74347 221836034 15035440 13561842 35496672 4223832896 2395341404 1 19238464 2411777176
======================
   8      32 sdc 1919879 74347 221859066 15059460 13561842 35496672 4223832896 2395341404 31 19239444 2411801188
======================
   8      32 sdc 1922729 74347 221881866 15082136 13561842 35496672 4223832896 2395341404 30 19240436 2411824104
======================
   8      32 sdc 1925562 74347 221904530 15105980 13561842 35496672 4223832896 2395341404 1 19241416 2411847728
======================
   8      32 sdc 1928473 74347 221927818 15129696 13561842 35496672 4223832896 2395341404 32 19242388 2411871552
======================
   8      32 sdc 1931198 74347 221949618 15151292 13561875 35498652 4223849000 2395341568 31 19243372 2411893556
======================
   8      32 sdc 1933854 74347 221970866 15173596 13561875 35498652 4223849000 2395341568 1 19244316 2411915488
======================
   8      32 sdc 1934982 74347 221979890 15195496 13561875 35498652 4223849000 2395341568 30 19245284 2411939664
======================
   8      32 sdc 1935677 74347 221985450 15216836 13561875 35498652 4223849000 2395341568 30 19246272 2411958964
======================
   8      32 sdc 1937111 74347 221996922 15230052 13562383 35498688 4223853312 2395350068 132 19247112 2411987608
======================
   8      32 sdc 1937151 74381 221997522 15231396 13563975 35507465 4223936000 2395472348 149 19248116 2412130232
======================
   8      32 sdc 1937195 74439 221998354 15232792 13565085 35507676 4223946680 2395623040 159 19249120 2412278376
======================
   8      32 sdc 1937239 74470 221998962 15233932 13565162 35507688 4223947432 2395693724 145 19250124 2412427144
======================
   8      32 sdc 1937256 74470 221999098 15234720 13567979 35508208 4223974032 2395894668 145 19251128 2412562964
======================
   8      32 sdc 1937270 74470 221999210 15235732 13568397 35508279 4223978192 2395991512 0 19252120 2412627560
======================
   8      32 sdc 1937426 74470 222000458 15237036 13568635 35523205 4224099504 2395991604 0 19252832 2412628952
======================
   8      32 sdc 1937615 74470 222001970 15237800 13568635 35523205 4224099504 2395991604 1 19253188 2412629724
======================
   8      32 sdc 1937833 74470 222003714 15238572 13568635 35523205 4224099504 2395991604 0 19253472 2412630488
======================
   8      32 sdc 1938034 74470 222005322 15238732 13568635 35523205 4224099504 2395991604 1 19253676 2412630692
======================
   8      32 sdc 1938154 74470 222006282 15239356 13568635 35523205 4224099504 2395991604 1 19254260 2412631276
======================
   8      32 sdc 1938238 74470 222006954 15239536 13569449 35574367 4224515312 2395992920 0 19254928 2412632764
======================
   8      32 sdc 1938458 74470 222008714 15239832 13569449 35574367 4224515312 2395992920 0 19255224 2412633060
======================
   8      32 sdc 1938656 74470 222010298 15240016 13569449 35574367 4224515312 2395992920 0 19255408 2412633244
======================
   8      32 sdc 1938862 74470 222011946 15240244 13569449 35574367 4224515312 2395992920 1 19255692 2412633528
======================
   8      32 sdc 1938862 74470 222011946 15240244 13569449 35574459 4224515312 2395992920 160 19256696 2412684140
======================
   8      32 sdc 1938961 74470 222012738 15242008 13570420 35621957 4224903800 2396099824 1 19257420 2412742136
======================
   8      32 sdc 1939153 74470 222014274 15242300 13570420 35621957 4224903800 2396099824 1 19257708 2412742424
======================
   8      32 sdc 1939365 74470 222015970 15242620 13570420 35621957 4224903800 2396099824 1 19258032 2412742748
======================
   8      32 sdc 1939528 74470 222017274 15242908 13570420 35621957 4224903800 2396099824 1 19258388 2412743104
======================
   8      32 sdc 1939528 74470 222017274 15242908 13570420 35621957 4224903800 2396099824 1 19259392 2412744108
======================
   8      32 sdc 1939567 74470 222017586 15244832 13574567 35710876 4225646832 2396159788 15 19260392 2412804908
======================
   8      32 sdc 1939670 74470 222018410 15245460 13576738 35722727 4225760504 2396240944 1 19261120 2412886696
======================
   8      32 sdc 1939861 74470 222019938 15245800 13576738 35722727 4225760504 2396240944 1 19261460 2412887036
======================
   8      32 sdc 1940072 74470 222021626 15246092 13576738 35722727 4225760504 2396240944 0 19261748 2412887324
======================
   8      32 sdc 1940259 74470 222023122 15246468 13576738 35722727 4225760504 2396240944 0 19262124 2412887700
======================
   8      32 sdc 1940394 74470 222024202 15246592 13577597 35776112 4226194416 2396241328 1 19262488 2412888280
======================
   8      32 sdc 1940394 74470 222024202 15246592 13577597 35776112 4226194416 2396241328 1 19263492 2412889284
======================
   8      32 sdc 1940538 74470 222025354 15248260 13577597 35776112 4226194416 2396241328 0 19264072 2412889864
======================
   8      32 sdc 1940725 74470 222026850 15248516 13577597 35776112 4226194416 2396241328 0 19264328 2412890120
======================
   8      32 sdc 1940951 74470 222028658 15248740 13577597 35776112 4226194416 2396241328 0 19264552 2412890344
======================
   8      32 sdc 1941095 74470 222029810 15248904 13578376 35824976 4226591552 2396241636 1 19264984 2412890944
======================
   8      32 sdc 1941106 74470 222029898 15249936 13578376 35824976 4226591552 2396241636 1 19265968 2412891928
======================
   8      32 sdc 1941112 74470 222029946 15250840 13578376 35824976 4226591552 2396241636 1 19266948 2412892908
======================
   8      32 sdc 1941115 74470 222029970 15251956 13578376 35824976 4226591552 2396241636 1 19267952 2412893912
======================
   8      32 sdc 1941116 74470 222029978 15252528 13578376 35824976 4226591552 2396241636 1 19268956 2412894916
======================
   8      32 sdc 1941127 74470 222030066 15253980 13578392 35826227 4226599744 2396241640 4 19269936 2412895896
======================
   8      32 sdc 1941130 74470 222030090 15254440 13578430 35828268 4226618320 2396241660 1 19270924 2412896900
======================
   8      32 sdc 1941131 74470 222030098 15254980 13578430 35828268 4226618320 2396241660 1 19271928 2412897904
======================
   8      32 sdc 1941134 74470 222030122 15256508 13578430 35828268 4226618320 2396241660 1 19272932 2412898908
======================
   8      32 sdc 1941134 74470 222030122 15256508 13578430 35828268 4226618320 2396241660 1 19273936 2412899912
======================
   8      32 sdc 1941135 74470 222030130 15258920 13578430 35828268 4226618320 2396241660 1 19274920 2412900896
======================
   8      32 sdc 1941299 74470 222031442 15259460 13578465 35830381 4226635504 2396241676 0 19275428 2412901412
======================
   8      32 sdc 1941521 74470 222033218 15259724 13578465 35830381 4226635504 2396241676 0 19275692 2412901676
======================
   8      32 sdc 1941762 74470 222035146 15259952 13578465 35830381 4226635504 2396241676 0 19275920 2412901904
======================
   8      32 sdc 1941977 74470 222036866 15260120 13578465 35830381 4226635504 2396241676 0 19276088 2412902072
======================
   8      32 sdc 1942186 74470 222038538 15260368 13578465 35830381 4226635504 2396241676 0 19276336 2412902320
======================
   8      32 sdc 1942318 74470 222039594 15260608 13579366 35886913 4227094960 2396241976 0 19276744 2412902860
======================
   8      32 sdc 1942564 74470 222041562 15260820 13579712 35888150 4227107624 2396242028 1 19276960 2412903124
======================
   8      32 sdc 1942742 74470 222042986 15261100 13579712 35888150 4227107624 2396242028 0 19277240 2412903404
======================
   8      32 sdc 1942951 74470 222044658 15261352 13579712 35888150 4227107624 2396242028 0 19277492 2412903656
======================
   8      32 sdc 1943130 74470 222046090 15261556 13579712 35888150 4227107624 2396242028 0 19277696 2412903860
======================
   8      32 sdc 1943188 74470 222046554 15262072 13580638 35942970 4227553584 2396242392 0 19278376 2412904732
======================
   8      32 sdc 1943246 74470 222047018 15262596 13583815 35958156 4227695960 2396328728 155 19279248 2413029508
======================
   8      32 sdc 1943277 74470 222047266 15263608 13587673 35971036 4227831416 2396509612 137 19280252 2413175696
======================
   8      32 sdc 1943313 74470 222047554 15264452 13591545 35979972 4227936856 2396648644 1 19281236 2413313352
======================
   8      32 sdc 1943489 74470 222048962 15264764 13591545 35979972 4227936856 2396648644 0 19281544 2413313660
======================
   8      32 sdc 1943497 74470 222049026 15264796 13592082 36013592 4228210104 2396648848 1 19282408 2413314628
======================
   8      32 sdc 1943646 74470 222050218 15266008 13592082 36013592 4228210104 2396648848 1 19282888 2413315108
======================
   8      32 sdc 1943839 74470 222051762 15266348 13592082 36013592 4228210104 2396648848 0 19283224 2413315444
======================
   8      32 sdc 1944040 74470 222053370 15266660 13592082 36013592 4228210104 2396648848 0 19283536 2413315756
======================
   8      32 sdc 1944193 74470 222054594 15267120 13592082 36013592 4228210104 2396648848 1 19283996 2413316216
======================
   8      32 sdc 1944206 74470 222054698 15267152 13592882 36063506 4228615792 2396651220 1 19284816 2413319248
======================
   8      32 sdc 1944274 74470 222055242 15268480 13592882 36063506 4228615792 2396651220 1 19285524 2413319956
======================
   8      32 sdc 1944467 74470 222056786 15268884 13592882 36063506 4228615792 2396651220 0 19285920 2413320352
======================
   8      32 sdc 1944646 74470 222058218 15269240 13592882 36063506 4228615792 2396651220 0 19286276 2413320708
======================
   8      32 sdc 1944679 74470 222058482 15269512 13592882 36063506 4228615792 2396651220 0 19286292 2413320980
======================
   8      32 sdc 1944679 74470 222058482 15269512 13593512 36103112 4228937680 2396651476 0 19286416 2413321232
======================
   8      32 sdc 1944679 74470 222058482 15269512 13593668 36109098 4228986616 2396651548 2 19286664 2413321784
======================
   8      32 sdc 1944679 74470 222058482 15269512 13593668 36109098 4228986616 2396651548 2 19287668 2413323792
======================
   8      32 sdc 1944680 74470 222058490 15270824 13594934 36135862 4229399784 2396760672 155 19288632 2413449932
======================
   8      32 sdc 1944680 74470 222058490 15270824 13595164 36141790 4229467144 2396775340 117 19289644 2413570684
======================
   8      32 sdc 1944681 74470 222058498 15271860 13596340 36162262 4229879496 2397024952 142 19290648 2413711896
======================
   8      32 sdc 1944681 74470 222058498 15271860 13596346 36162262 4229881608 2397028504 136 19291652 2413849856
======================
   8      32 sdc 1944682 74470 222058506 15273800 13596841 36162262 4230135048 2397303340 153 19292656 2413987680
======================
   8      32 sdc 1944683 74470 222058514 15273908 13597362 36162262 4230401800 2397328628 144 19293660 2414132560
======================
   8      32 sdc 1944686 74470 222058538 15275372 13598558 36162262 4231014152 2397585256 131 19294660 2414276044
======================
   8      32 sdc 1944687 74470 222058546 15275396 13599155 36162273 4231319400 2397721824 143 19295664 2414419368
======================
   8      32 sdc 1944687 74470 222058546 15275396 13599412 36162273 4231450984 2397778364 143 19296668 2414563120
======================
   8      32 sdc 1944688 74470 222058554 15276840 13599914 36162273 4231708008 2398005024 153 19297672 2414707928
======================
   8      32 sdc 1944691 74470 222058578 15277564 13601084 36162273 4232307048 2398152788 134 19298672 2414855308
======================
   8      32 sdc 1944692 74470 222058586 15277608 13601479 36162273 4232509288 2398234948 124 19299676 2414985436
======================
   8      32 sdc 1944692 74470 222058586 15277608 13601479 36162273 4232509288 2398234948 124 19300680 2415109932
======================
   8      32 sdc 1944696 74470 222058618 15279180 13603003 36162273 4233289576 2398555628 135 19301684 2415252676
======================
   8      32 sdc 1944697 74470 222058626 15279388 13603526 36162273 4233557352 2398676240 156 19302716 2415402720
======================
   8      32 sdc 1944698 74470 222058634 15279420 13604202 36162273 4233903464 2398848284 152 19303724 2415547212
======================
   8      32 sdc 1944699 74470 222058642 15279452 13604841 36162273 4234230632 2398993408 153 19304748 2415693892
======================
   8      32 sdc 1944700 74470 222058650 15279492 13605462 36162273 4234548584 2399138496 140 19305760 2415838820
======================
   8      32 sdc 1944702 74470 222058666 15279616 13606121 36162273 4234885992 2399282340 137 19306768 2415981940
======================
   8      32 sdc 1944703 74470 222058674 15279664 13606756 36162273 4235211112 2399417536 143 19307768 2416123888
======================
   8      32 sdc 1944704 74470 222058682 15279728 13607421 36162273 4235551592 2399565436 147 19308772 2416265988
======================
   8      32 sdc 1944704 74470 222058682 15279728 13607664 36162273 4235676008 2399620356 83 19309772 2416369120
======================
   8      32 sdc 1944705 74470 222058690 15281232 13608133 36162273 4235916136 2399757456 126 19310776 2416462572
======================
   8      32 sdc 1944708 74470 222058714 15281936 13609141 36162273 4236432232 2399867744 142 19311780 2416596360
======================
   8      32 sdc 1944708 74470 222058714 15281936 13609141 36162273 4236432232 2399867744 142 19312780 2416738360
======================
   8      32 sdc 1944711 74470 222058738 15283436 13610578 36162273 4237167976 2400177684 144 19313784 2416881708
======================
   8      32 sdc 1944712 74470 222058746 15283464 13611179 36162273 4237475688 2400313528 152 19314788 2417025984
======================
   8      32 sdc 1944712 74470 222058746 15283464 13611190 36162273 4237481320 2400321448 141 19315788 2417171956
======================
   8      32 sdc 1944714 74470 222058762 15285144 13612207 36162273 4238002024 2400592712 148 19316792 2417315312
======================
   8      32 sdc 1944714 74470 222058762 15285144 13612207 36162273 4238002024 2400592712 148 19317792 2417463312
======================
   8      32 sdc 1944717 74470 222058786 15286644 13613607 36162273 4238718824 2400901040 155 19318796 2417607912
======================
   8      32 sdc 1944718 74470 222058794 15286672 13614245 36162273 4239045480 2401044136 158 19319800 2417751808
======================
   8      32 sdc 1944720 74470 222058810 15286756 13614861 36162273 4239360872 2401188968 149 19320816 2417897364
======================
   8      32 sdc 1944721 74470 222058818 15286796 13615507 36162273 4239691624 2401333984 143 19321816 2418040480
======================
   8      32 sdc 1944722 74470 222058826 15286848 13616177 36162273 4240034664 2401477464 145 19322820 2418184044
======================
   8      32 sdc 1944723 74470 222058834 15286960 13616831 36162273 4240369512 2401620832 132 19323820 2418328604
======================
   8      32 sdc 1944723 74470 222058834 15286960 13616860 36162273 4240384360 2401627736 103 19324824 2418433092
======================
   8      32 sdc 1944723 74470 222058834 15286960 13616860 36162273 4240384360 2401627736 103 19325828 2418536504
======================
   8      32 sdc 1944724 74470 222058842 15289296 13616862 36162273 4240385384 2401632708 101 19326828 2418638068
======================
   8      32 sdc 1944726 74470 222058858 15290264 13617852 36162273 4240892264 2401988360 135 19327832 2418765484
======================
   8      32 sdc 1944726 74470 222058858 15290264 13617852 36162273 4240892264 2401988360 135 19328836 2418901024
======================
   8      32 sdc 1944729 74470 222058882 15292516 13619093 36162273 4241527656 2402318440 141 19329844 2419039840
======================
   8      32 sdc 1944729 74470 222058882 15292516 13619256 36162273 4241611112 2402421912 138 19330856 2419184336
======================
   8      32 sdc 1944730 74470 222058890 15292632 13619625 36162273 4241800040 2402616804 157 19331868 2419329292
======================
   8      32 sdc 1944731 74470 222058898 15292664 13620237 36162273 4242113384 2402760200 149 19332876 2419473300
======================
   8      32 sdc 1944732 74470 222058906 15292732 13620872 36162273 4242438504 2402904508 128 19333888 2419617516
======================
   8      32 sdc 1944734 74470 222058922 15292860 13621523 36162273 4242771816 2403046944 136 19334888 2419758744
======================
   8      32 sdc 1944735 74470 222058930 15292904 13622175 36162273 4243105640 2403188256 150 19335896 2419901788
======================
   8      32 sdc 1944736 74470 222058938 15293008 13622810 36162273 4243430760 2403327208 157 19336896 2420040560
======================
   8      32 sdc 1944737 74470 222058946 15293100 13623422 36162273 4243744104 2403461492 146 19337900 2420180780
======================
   8      32 sdc 1944738 74470 222058954 15293172 13624085 36162273 4244083560 2403609692 46 19338900 2420315576
======================
   8      32 sdc 1944740 74470 222058970 15293368 13624520 36162273 4244306280 2403698772 123 19339904 2420450548
======================
   8      32 sdc 1944740 74470 222058970 15293368 13624520 36162273 4244306280 2403698772 123 19340908 2420574040
======================
   8      32 sdc 1944743 74470 222058994 15294832 13625966 36162273 4245046632 2403998428 148 19341908 2420714180
======================
   8      32 sdc 1944745 74470 222059010 15294896 13626619 36162273 4245380968 2404142396 135 19342912 2420857908
======================
   8      32 sdc 1944746 74470 222059018 15295148 13627136 36162273 4245645672 2404268712 130 19343916 2420998872
======================
   8      32 sdc 1944747 74470 222059026 15295180 13627751 36162273 4245960552 2404425988 155 19344916 2421141824
======================
   8      32 sdc 1944748 74470 222059034 15295220 13628361 36162273 4246272872 2404569348 153 19345920 2421285476
======================
   8      32 sdc 1944749 74470 222059042 15295264 13629008 36162273 4246604136 2404713652 146 19346924 2421429176
======================
   8      32 sdc 1944751 74470 222059058 15295352 13629649 36162273 4246932328 2404856008 145 19347924 2421572344
======================
   8      32 sdc 1944752 74470 222059066 15295412 13630289 36162273 4247260008 2405000008 151 19348928 2421715828
======================
   8      32 sdc 1944753 74470 222059074 15295468 13630935 36162273 4247590760 2405142132 156 19349932 2421857612
======================
   8      32 sdc 1944754 74470 222059082 15295576 13631582 36162273 4247922024 2405281252 154 19350936 2421997048
======================
   8      32 sdc 1944755 74470 222059090 15295628 13632210 36162273 4248243560 2405423236 81 19351936 2422136132
======================
   8      32 sdc 1944758 74470 222059114 15295820 13632819 36162273 4248555368 2405557260 143 19352940 2422273580
======================
   8      32 sdc 1944759 74470 222059122 15295852 13633449 36162273 4248877928 2405701052 153 19353944 2422417456
======================
   8      32 sdc 1944760 74470 222059130 15295896 13634081 36162273 4249201512 2405844292 129 19354948 2422560420
======================
   8      32 sdc 1944761 74470 222059138 15295928 13634706 36162273 4249521512 2405982960 145 19355948 2422703720
======================
   8      32 sdc 1944763 74470 222059154 15296168 13635227 36162273 4249788264 2406129972 135 19356952 2422847852
======================
   8      32 sdc 1944764 74470 222059162 15296208 13635863 36162273 4250113896 2406274760 139 19357956 2422991468
======================
   8      32 sdc 1944765 74470 222059170 15296256 13636519 36162273 4250449768 2406419384 155 19358964 2423135732
======================
   8      32 sdc 1944766 74470 222059178 15296288 13637147 36162273 4250771304 2406562636 135 19359972 2423280192
======================
   8      32 sdc 1944767 74470 222059186 15296324 13637758 36162273 4251084136 2406706540 132 19360976 2423423884
======================
   8      32 sdc 1944769 74470 222059202 15296488 13638383 36162273 4251404136 2406848360 149 19361980 2423564204
======================
   8      32 sdc 1944770 74470 222059210 15296556 13639046 36162273 4251743592 2406990548 136 19362980 2423706492
======================
   8      32 sdc 1944770 74470 222059210 15296556 13639383 36162273 4251916136 2407063000 76 19363984 2423813632
======================
   8      32 sdc 1944771 74470 222059218 15298052 13639826 36162273 4252142952 2407186976 145 19364988 2423897276
======================
   8      32 sdc 1944774 74470 222059242 15298816 13640853 36162273 4252668776 2407321944 142 19366000 2424042896
======================
   8      32 sdc 1944774 74470 222059242 15298816 13640853 36162273 4252668776 2407321944 142 19367004 2424185464
======================
   8      32 sdc 1944777 74470 222059266 15300476 13642205 36162273 4253361000 2407609980 133 19368008 2424330420
======================
   8      32 sdc 1944778 74470 222059274 15300696 13642710 36162273 4253619560 2407755340 140 19369012 2424476444
======================
   8      32 sdc 1944779 74470 222059282 15300724 13643353 36162273 4253948776 2407899280 137 19370016 2424620240
======================
   8      32 sdc 1944781 74470 222059298 15300780 13643998 36162273 4254279016 2408042008 132 19371016 2424763268
======================
   8      32 sdc 1944782 74470 222059306 15300836 13644640 36162273 4254607720 2408186860 132 19372020 2424908292
======================
   8      32 sdc 1944783 74470 222059314 15300900 13645269 36162273 4254929768 2408329624 150 19373024 2425051504
======================
   8      32 sdc 1944784 74470 222059322 15300952 13645899 36162273 4255252328 2408472924 128 19374024 2425194084
======================
   8      32 sdc 1944785 74470 222059330 15301032 13646528 36162273 4255574376 2408614600 99 19375028 2425334680
======================
   8      32 sdc 1944785 74470 222059330 15301032 13646557 36162273 4255589224 2408621204 70 19376028 2425405308
======================
   8      32 sdc 1944789 74470 222059362 15302596 13647790 36162273 4256220520 2408793376 148 19377032 2425514600
======================
   8      32 sdc 1944790 74470 222059370 15302620 13648430 36162273 4256548200 2408935364 148 19378036 2425658424
======================
   8      32 sdc 1944791 74470 222059378 15302656 13649051 36162273 4256866152 2409073036 136 19379040 2425800284
======================
   8      32 sdc 1944791 74470 222059378 15302656 13649051 36162273 4256866152 2409073036 136 19380044 2425936828
======================
   8      32 sdc 1944792 74470 222059386 15304292 13649546 36162273 4257119592 2409314544 153 19381048 2426079788
======================
   8      32 sdc 1944795 74470 222059410 15305084 13650800 36162273 4257761640 2409501140 146 19382052 2426227152
======================
   8      32 sdc 1944796 74470 222059418 15305120 13651462 36162273 4258100584 2409645824 156 19383052 2426370568
======================
   8      32 sdc 1944797 74470 222059426 15305160 13652124 36162273 4258439528 2409790500 135 19384056 2426515712
======================
   8      32 sdc 1944799 74470 222059442 15305240 13652783 36162273 4258776936 2409934316 147 19385060 2426659352
======================
   8      32 sdc 1944800 74470 222059450 15305284 13653400 36162273 4259092840 2410075980 138 19386064 2426802704
======================
   8      32 sdc 1944801 74470 222059458 15305320 13654005 36162273 4259402600 2410219288 141 19387064 2426945648
======================
   8      32 sdc 1944802 74470 222059466 15305352 13654645 36162273 4259730280 2410362696 141 19388068 2427089132
======================
   8      32 sdc 1944805 74470 222059490 15305572 13655255 36162273 4260042600 2410497520 159 19389072 2427226484
======================
   8      32 sdc 1944806 74470 222059498 15305596 13655898 36162273 4260371816 2410640408 136 19390072 2427370596
======================
   8      32 sdc 1944807 74470 222059506 15305620 13656562 36162273 4260711784 2410788628 144 19391076 2427514424
======================
   8      32 sdc 1944808 74470 222059514 15305652 13657208 36162273 4261042536 2410932120 138 19392080 2427658180
======================
   8      32 sdc 1944809 74470 222059522 15305700 13657770 36162273 4261330280 2411058300 121 19393080 2427798208
======================
   8      32 sdc 1944810 74470 222059530 15305980 13658264 36162273 4261583208 2411199324 139 19394084 2427939160
======================
   8      32 sdc 1944810 74470 222059530 15305980 13658264 36162273 4261583208 2411199324 139 19395096 2428079828
======================
   8      32 sdc 1944813 74470 222059554 15307516 13659565 36162273 4262249320 2411496200 149 19396112 2428223764
======================
   8      32 sdc 1944813 74470 222059554 15307516 13659790 36162273 4262364520 2411551812 149 19397120 2428372796
======================
   8      32 sdc 1944815 74470 222059570 15308952 13660805 36162273 4262884200 2411798712 158 19398124 2428520708
======================
   8      32 sdc 1944817 74470 222059586 15309004 13661466 36162273 4263222632 2411933560 136 19399128 2428663308
======================
   8      32 sdc 1944818 74470 222059594 15309044 13662119 36162273 4263556968 2412077828 155 19400132 2428807012
======================
   8      32 sdc 1944819 74470 222059602 15309096 13662761 36162273 4263886184 2412220872 153 19401140 2428951372
======================
   8      32 sdc 1944820 74470 222059610 15309184 13662895 36162273 4263954280 2412252284 116 19402144 2429073476
======================
   8      32 sdc 1944822 74470 222059626 15310720 13663878 36162273 4264457576 2412469096 157 19403160 2429198320
======================
   8      32 sdc 1944824 74470 222059642 15310992 13664568 36162273 4264810856 2412602372 138 19404168 2429344888
======================
   8      32 sdc 1944825 74470 222059650 15311020 13665287 36162273 4265178984 2412758872 155 19405180 2429489880
======================
   8      32 sdc 1944826 74470 222059658 15311252 13665782 36162273 4265432424 2412900640 140 19406184 2429633228
======================
   8      32 sdc 1944827 74470 222059666 15311288 13666387 36162273 4265742184 2413044560 143 19407188 2429777268
======================
   8      32 sdc 1944829 74470 222059682 15311368 13667019 36162273 4266065768 2413188436 151 19408192 2429920796
======================
   8      32 sdc 1944830 74470 222059690 15311412 13667670 36162273 4266399080 2413332180 140 19409192 2430063708
======================
   8      32 sdc 1944831 74470 222059698 15311488 13668311 36162273 4266727272 2413476288 155 19410196 2430207868
======================
   8      32 sdc 1944832 74470 222059706 15311540 13668949 36162273 4267053928 2413618788 141 19411196 2430350116
======================
   8      32 sdc 1944833 74470 222059714 15311632 13669580 36162273 4267377000 2413757788 87 19412200 2430488048
======================
   8      32 sdc 1944833 74470 222059714 15311632 13669580 36162273 4267377000 2413757788 87 19413204 2430575396
======================
   8      32 sdc 1944836 74470 222059738 15313236 13670544 36162273 4267870568 2413918920 147 19414204 2430694296
======================
   8      32 sdc 1944836 74470 222059738 15313236 13670544 36162273 4267870568 2413918920 147 19415208 2430841884
======================
   8      32 sdc 1944839 74470 222059762 15314668 13672056 36162273 4268644712 2414250600 138 19416212 2430985440
======================
   8      32 sdc 1944841 74470 222059778 15314732 13672703 36162273 4268975976 2414393176 131 19417216 2431128132
======================
   8      32 sdc 1944842 74470 222059786 15314764 13673208 36162273 4269234536 2414516088 138 19418220 2431274720
======================
   8      32 sdc 1944843 74470 222059794 15314796 13673846 36162273 4269561192 2414684744 140 19419232 2431419624
======================
   8      32 sdc 1944844 74470 222059802 15314824 13674502 36162273 4269897064 2414830780 156 19420244 2431565848
======================
   8      32 sdc 1944844 74470 222059802 15314824 13674678 36162273 4269987176 2414869184 109 19421248 2431683644
======================
   8      32 sdc 1944847 74470 222059826 15316436 13675709 36162273 4270515048 2415070888 133 19422256 2431801160
======================
   8      32 sdc 1944848 74470 222059834 15316476 13676312 36162273 4270823784 2415201600 138 19423264 2431945440
======================
   8      32 sdc 1944849 74470 222059842 15316504 13676988 36162273 4271169896 2415347248 134 19424268 2432087276
======================
   8      32 sdc 1944850 74470 222059850 15316552 13677659 36162273 4271513448 2415493900 135 19425272 2432230228
======================
   8      32 sdc 1944852 74470 222059866 15316684 13678295 36162273 4271839080 2415633340 76 19426276 2432369032
======================
   8      32 sdc 1944854 74470 222059882 15316792 13678904 36162273 4272150888 2415773032 138 19427276 2432511212
======================
   8      32 sdc 1944855 74470 222059890 15316908 13679517 36162273 4272464744 2415915800 136 19428280 2432652708
======================
   8      32 sdc 1944856 74470 222059898 15317020 13680131 36162273 4272779112 2416048112 137 19429280 2432792868
======================
   8      32 sdc 1944857 74470 222059906 15317040 13680814 36162273 4273128808 2416193168 117 19430284 2432929960
======================
   8      32 sdc 1944857 74470 222059906 15317040 13680883 36162273 4273164136 2416208620 48 19431288 2432982012
======================
   8      32 sdc 1944860 74470 222059930 15318620 13682070 36162273 4273771880 2416335456 140 19432288 2433074048
======================
   8      32 sdc 1944861 74470 222059938 15318648 13682707 36162273 4274098024 2416478348 143 19433292 2433217796
======================
   8      32 sdc 1944862 74470 222059946 15318680 13683337 36162273 4274420584 2416621712 154 19434292 2433360740
======================
   8      32 sdc 1944864 74470 222059962 15318772 13683956 36162273 4274737512 2416764828 142 19435296 2433505056
======================
   8      32 sdc 1944865 74470 222059970 15318800 13684585 36162273 4275059560 2416909012 153 19436300 2433648604
======================
   8      32 sdc 1944866 74470 222059978 15318892 13685236 36162273 4275392872 2417051572 136 19437300 2433790288
======================
   8      32 sdc 1944867 74470 222059986 15318924 13685880 36162273 4275722600 2417194180 147 19438304 2433933396
======================
   8      32 sdc 1944868 74470 222059994 15319056 13685967 36162273 4275767144 2417213604 84 19439308 2434022916
======================
   8      32 sdc 1944871 74470 222060018 15320524 13687091 36162273 4276342632 2417382896 143 19440316 2434131704
======================
   8      32 sdc 1944872 74470 222060026 15320548 13687801 36162273 4276706152 2417536512 137 19441332 2434277184
======================
   8      32 sdc 1944872 74470 222060026 15320548 13687955 36162273 4276785000 2417570068 144 19442340 2434422188
======================
   8      32 sdc 1944873 74470 222060034 15322280 13688336 36162273 4276980072 2417838608 146 19443348 2434567104
======================
   8      32 sdc 1944876 74470 222060058 15322364 13689583 36162273 4277618536 2417971176 147 19444372 2434714060
======================
   8      32 sdc 1944877 74470 222060066 15322396 13690230 36162273 4277949800 2418113072 140 19445440 2434866640
======================
   8      32 sdc 1944878 74470 222060074 15322440 13690941 36162273 4278313832 2418267424 133 19446448 2435010232
======================
   8      32 sdc 1944879 74470 222060082 15322472 13691553 36162273 4278627176 2418410704 130 19447452 2435153944
======================
   8      32 sdc 1944881 74470 222060098 15322720 13692159 36162273 4278937448 2418551624 131 19448456 2435294460
======================
   8      32 sdc 1944882 74470 222060106 15322748 13692806 36162273 4279268712 2418695372 156 19449460 2435438040
======================
   8      32 sdc 1944882 74470 222060106 15322748 13693082 36162273 4279410024 2418755692 137 19450460 2435577852
======================
   8      32 sdc 1944885 74470 222060130 15324240 13693824 36162273 4279789928 2418986428 130 19451468 2435716720
======================
   8      32 sdc 1944887 74470 222060146 15324288 13694712 36162273 4280244584 2419116120 138 19452476 2435860828
======================
   8      32 sdc 1944888 74470 222060154 15324324 13695361 36162273 4280576872 2419258936 129 19453484 2436003068
======================
   8      32 sdc 1944889 74470 222060162 15324364 13695991 36162273 4280899432 2419401872 139 19454488 2436146888
======================
   8      32 sdc 1944890 74470 222060170 15324632 13696482 36162273 4281150824 2419542772 132 19455496 2436287732
======================
   8      32 sdc 1944891 74470 222060178 15324668 13697113 36162273 4281473896 2419686460 137 19456504 2436432016
======================
   8      32 sdc 1944893 74470 222060194 15324736 13697753 36162273 4281801576 2419829824 137 19457508 2436575864
======================
   8      32 sdc 1944894 74470 222060202 15324764 13698401 36162273 4282133352 2419973728 129 19458508 2436718132
======================
   8      32 sdc 1944894 74470 222060202 15324764 13698731 36162273 4282302312 2420046752 120 19459512 2436850348
======================
   8      32 sdc 1944895 74470 222060210 15326268 13699035 36162273 4282457960 2420239276 147 19460512 2436971196
======================
   8      32 sdc 1944897 74470 222060226 15326312 13700237 36162273 4283073384 2420353072 150 19461516 2437115348
======================
   8      32 sdc 1944898 74470 222060234 15326444 13700745 36162273 4283333480 2420467108 154 19462520 2437262340
======================
   8      32 sdc 1944898 74470 222060234 15326444 13700745 36162273 4283333480 2420467108 154 19463520 2437416340
======================
   8      32 sdc 1944901 74470 222060258 15328040 13701779 36162273 4283862888 2420748732 144 19464524 2437562484
======================
   8      32 sdc 1944903 74470 222060274 15329440 13702651 36162273 4284309352 2420970864 135 19465532 2437706988
======================
   8      32 sdc 1944905 74470 222060290 15329500 13703456 36162273 4284721512 2421102288 130 19466544 2437851464
======================
   8      32 sdc 1944906 74470 222060298 15329732 13703968 36162273 4284983656 2421243560 130 19467548 2437994976
======================
   8      32 sdc 1944907 74470 222060306 15329760 13704587 36162273 4285300584 2421388900 151 19468552 2438138936
======================
   8      32 sdc 1944908 74470 222060314 15329800 13705233 36162273 4285631336 2421533144 145 19469552 2438283036
======================
   8      32 sdc 1944909 74470 222060322 15329852 13705878 36162273 4285961576 2421676324 141 19470556 2438426836
======================
   8      32 sdc 1944911 74470 222060338 15329972 13706508 36162273 4286284136 2421819036 157 19471556 2438569364
======================
   8      32 sdc 1944912 74470 222060346 15330036 13707155 36162273 4286615400 2421961804 157 19472560 2438711684
======================
   8      32 sdc 1944913 74470 222060354 15330108 13707801 36162273 4286946152 2422103576 130 19473564 2438853772
======================
   8      32 sdc 1944914 74470 222060362 15330224 13708422 36162273 4287264104 2422238492 157 19474564 2438991804
======================
   8      32 sdc 1944917 74470 222060386 15330792 13709041 36162273 4287581032 2422387664 145 19475568 2439140408
======================
   8      32 sdc 1944918 74470 222060394 15330824 13709665 36162273 4287900520 2422532396 129 19476568 2439283432
======================
   8      32 sdc 1944919 74470 222060402 15330864 13710299 36162273 4288225128 2422676148 135 19477572 2439427032
======================
   8      32 sdc 1944920 74470 222060410 15330904 13710945 36162273 4288555880 2422819564 129 19478576 2439570452
======================
   8      32 sdc 1944922 74470 222060426 15330960 13711584 36162273 4288883048 2422961636 130 19479576 2439713544
======================
   8      32 sdc 1944923 74470 222060434 15331028 13712228 36162273 4289212776 2423105072 137 19480580 2439856204
======================
   8      32 sdc 1944924 74470 222060442 15331060 13712874 36162273 4289543528 2423247904 152 19481580 2439998704
======================
   8      32 sdc 1944925 74470 222060450 15331164 13713492 36162273 4289859944 2423388400 141 19482584 2440140692
======================
   8      32 sdc 1944926 74470 222060458 15331204 13714102 36162273 4290172264 2423530552 109 19483584 2440281272
======================
   8      32 sdc 1944928 74470 222060474 15331520 13714613 36162273 4290433896 2423644800 144 19484588 2440418836
======================
   8      32 sdc 1944929 74470 222060482 15331552 13715246 36162273 4290757992 2423805576 148 19485592 2440562356
======================
   8      32 sdc 1944930 74470 222060490 15331580 13715933 36162273 4291109736 2423956136 139 19486592 2440707228
======================
   8      32 sdc 1944931 74470 222060498 15331624 13716580 36162273 4291441000 2424098136 129 19487596 2440850484
======================
   8      32 sdc 1944932 74470 222060506 15331708 13716657 36162273 4291480424 2424116120 114 19488600 2440968244
======================
   8      32 sdc 1944935 74470 222060530 15333264 13717779 36162273 4292054888 2424339988 143 19489600 2441092192
======================
   8      32 sdc 1944936 74470 222060538 15333296 13718426 36162273 4292386152 2424482400 136 19490604 2441236084
======================
   8      32 sdc 1944937 74470 222060546 15333336 13719064 36162273 4292712808 2424626612 138 19491608 2441380868
======================
   8      32 sdc 1944939 74470 222060562 15333424 13719697 36162273 4293036904 2424767436 145 19492612 2441524428
======================
   8      32 sdc 1944940 74470 222060570 15333484 13720360 36162273 4293376360 2424914784 159 19493620 2441668512
======================
   8      32 sdc 1944941 74470 222060578 15333560 13720997 36162273 4293702504 2425056576 146 19494624 2441811108
======================
   8      32 sdc 1944942 74470 222060586 15333636 13721622 36162273 4294022504 2425197628 141 19495628 2441952340
======================
   8      32 sdc 1944943 74470 222060594 15333724 13722246 36162273 4294341992 2425339528 146 19496632 2442094428
======================
   8      32 sdc 1944945 74470 222060610 15333900 13722867 36162273 4294659944 2425475808 143 19497636 2442230852
======================
   8      32 sdc 1944946 74470 222060618 15333928 13723518 36162273 4294993256 2425619456 132 19498640 2442374220
======================
   8      32 sdc 1944947 74470 222060626 15333976 13724165 36162273 4295324520 2425762308 157 19499644 2442517756
======================
   8      32 sdc 1944949 74470 222060642 15334060 13724790 36162273 4295644520 2425905220 151 19500644 2442660376
======================
   8      32 sdc 1944951 74470 222060658 15334144 13725429 36162273 4295971688 2426047876 141 19501648 2442803512
======================
   8      32 sdc 1944952 74470 222060666 15334196 13726074 36162273 4296301928 2426191260 136 19502652 2442946984
======================
   8      32 sdc 1944953 74470 222060674 15334300 13726696 36162273 4296620392 2426331952 151 19503652 2443088332
======================
   8      32 sdc 1944954 74470 222060682 15334384 13727323 36162273 4296941416 2426472096 155 19504656 2443227500
======================
   8      32 sdc 1944956 74470 222060698 15335100 13727974 36162273 4297274728 2426563544 156 19505656 2443317568
======================
   8      32 sdc 1944957 74470 222060706 15335132 13728636 36162273 4297613672 2426705336 134 19506660 2443461608
======================
   8      32 sdc 1944957 74470 222060706 15335132 13728916 36162273 4297757032 2426765568 143 19507660 2443604944
======================
   8      32 sdc 1944958 74470 222060714 15336636 13729421 36162273 4298015592 2427001976 150 19508664 2443748436
======================
   8      32 sdc 1944961 74470 222060738 15336720 13730447 36162273 4298540904 2427126600 147 19509668 2443892584
======================
   8      32 sdc 1944962 74470 222060746 15336756 13731129 36162273 4298890600 2427278968 137 19510672 2444037040
======================
   8      32 sdc 1944963 74470 222060754 15336804 13731770 36162273 4299218280 2427422116 136 19511676 2444180584
======================
   8      32 sdc 1944965 74470 222060770 15336920 13732394 36162273 4299537768 2427564044 147 19512680 2444322236
======================
   8      32 sdc 1944966 74470 222060778 15336972 13733043 36162273 4299870056 2427705768 112 19513684 2444463304
======================
   8      32 sdc 1944966 74470 222060778 15336972 13733072 36162273 4299884904 2427712224 83 19514688 2444547392
======================
   8      32 sdc 1944967 74470 222060786 15338476 13733538 36162273 4300123496 2427850724 129 19515692 2444656208
======================
   8      32 sdc 1944970 74470 222060810 15339196 13734929 36162273 4300835688 2428035996 145 19516700 2444796888
======================
   8      32 sdc 1944971 74470 222060818 15339232 13735557 36162273 4301157224 2428180388 158 19517704 2444940524
======================
   8      32 sdc 1944973 74470 222060834 15339300 13736204 36162273 4301488488 2428324032 150 19518708 2445084052
======================
   8      32 sdc 1944974 74470 222060842 15339348 13736852 36162273 4301820264 2428467128 142 19519712 2445227304
======================
   8      32 sdc 1944974 74470 222060842 15339348 13737133 36162273 4301964136 2428529256 118 19520716 2445356480
======================
   8      32 sdc 1944976 74470 222060858 15340864 13737791 36162273 4302301032 2428730004 131 19521724 2445478448
======================
   8      32 sdc 1944978 74470 222060874 15340908 13738714 36162273 4302773608 2428851796 136 19522732 2445622452
======================
   8      32 sdc 1944979 74470 222060882 15340940 13739375 36162273 4303112040 2429000040 156 19523736 2445762880
======================
   8      32 sdc 1944980 74470 222060890 15341016 13739700 36162273 4303278440 2429075860 111 19524744 2445891160
======================
   8      32 sdc 1944980 74470 222060890 15341016 13739700 36162273 4303278440 2429075860 111 19525756 2446003492
======================
   8      32 sdc 1944983 74470 222060914 15342716 13741140 36162273 4304015720 2429376560 142 19526760 2446140052
======================
   8      32 sdc 1944985 74470 222060930 15342788 13741786 36162273 4304346472 2429518368 136 19527764 2446283280
======================
   8      32 sdc 1944986 74470 222060938 15342836 13742431 36162273 4304676712 2429662132 136 19528764 2446426848
======================
   8      32 sdc 1944987 74470 222060946 15342904 13743047 36162273 4304992104 2429805488 138 19529768 2446569584
======================
   8      32 sdc 1944987 74470 222060946 15342904 13743291 36162273 4305117032 2429858832 104 19530768 2446686748
======================
   8      32 sdc 1944988 74470 222060954 15344384 13743765 36162273 4305359720 2430028012 142 19531772 2446799072
======================
   8      32 sdc 1944989 74470 222060962 15345064 13744270 36162273 4305618280 2430137128 149 19532776 2446943700
======================
   8      32 sdc 1944992 74470 222060986 15345800 13745600 36162273 4306299240 2430322268 130 19533780 2447089100
======================
   8      32 sdc 1944993 74470 222060994 15345836 13746252 36162273 4306633064 2430465788 150 19534780 2447232308
======================
   8      32 sdc 1944994 74470 222061002 15345864 13746844 36162273 4306936168 2430599324 135 19535784 2447375592
======================
   8      32 sdc 1944994 74470 222061002 15345864 13746844 36162273 4306936168 2430599324 135 19536788 2447511132
======================
   8      32 sdc 1944995 74470 222061010 15347364 13747341 36162273 4307190632 2430821204 150 19537788 2447654456
======================
   8      32 sdc 1944999 74470 222061042 15348184 13748734 36162273 4307903848 2431029696 132 19538792 2447798936
======================
   8      32 sdc 1945000 74470 222061050 15348212 13749381 36162273 4308235112 2431173608 158 19539796 2447942696
======================
   8      32 sdc 1945001 74470 222061058 15348260 13749910 36162273 4308505960 2431292196 141 19540800 2448085692
======================
   8      32 sdc 1945003 74470 222061074 15348524 13750506 36162273 4308811112 2431458252 152 19541800 2448228664
======================
   8      32 sdc 1945004 74470 222061082 15348552 13751151 36162273 4309141352 2431602552 147 19542804 2448372392
======================
   8      32 sdc 1945005 74470 222061090 15348596 13751784 36162273 4309465448 2431745456 154 19543804 2448515792
======================
   8      32 sdc 1945005 74470 222061090 15348596 13751971 36162273 4309561192 2431789204 128 19544808 2448649252
======================
   8      32 sdc 1945007 74470 222061106 15350156 13752970 36162273 4310072680 2432020288 153 19545812 2448780764
======================
   8      32 sdc 1945009 74470 222061122 15350204 13753653 36162273 4310422376 2432150488 141 19546816 2448924732
======================
   8      32 sdc 1945010 74470 222061130 15350244 13754325 36162273 4310766440 2432296692 141 19547820 2449067912
======================
   8      32 sdc 1945011 74470 222061138 15350272 13754983 36162273 4311103336 2432440380 155 19548820 2449211040
======================
   8      32 sdc 1945011 74470 222061138 15350272 13755043 36162273 4311134056 2432453676 128 19549836 2449342672
======================
   8      32 sdc 1945015 74470 222061170 15351960 13756101 36162273 4311675752 2432703292 157 19550840 2449475924
======================
   8      32 sdc 1945016 74470 222061178 15351988 13756755 36162273 4312010600 2432846940 143 19551848 2449620204
======================
   8      32 sdc 1945017 74470 222061186 15352020 13757395 36162273 4312338280 2432988588 143 19552852 2449763104
======================
   8      32 sdc 1945018 74470 222061194 15352268 13757906 36162273 4312599912 2433131376 144 19553860 2449905100
======================
   8      32 sdc 1945019 74470 222061202 15352292 13758554 36162273 4312931688 2433275708 136 19554864 2450048944
======================
   8      32 sdc 1945021 74470 222061218 15352380 13759129 36162273 4313226088 2433403384 137 19555868 2450191672
======================
   8      32 sdc 1945022 74470 222061226 15352412 13759805 36162273 4313572200 2433555624 133 19556872 2450332784
======================
   8      32 sdc 1945023 74470 222061234 15352472 13760449 36162273 4313901928 2433701388 134 19557872 2450475292
======================
   8      32 sdc 1945024 74470 222061242 15352532 13761079 36162273 4314224488 2433844380 148 19558876 2450618444
======================
   8      32 sdc 1945025 74470 222061250 15352604 13761721 36162273 4314553192 2433987048 106 19559880 2450759592
======================
   8      32 sdc 1945025 74470 222061250 15352604 13761753 36162273 4314569576 2433994012 74 19560880 2450834332
======================
   8      32 sdc 1945027 74470 222061266 15354144 13762698 36162273 4315053416 2434133668 153 19561884 2450948592
======================
   8      32 sdc 1945029 74470 222061282 15355492 13762746 36162273 4315077992 2434199372 136 19562888 2451102044
======================
   8      32 sdc 1945032 74470 222061306 15355556 13764251 36162273 4315848552 2434467488 135 19563888 2451245148
======================
   8      32 sdc 1945032 74470 222061306 15355556 13764757 36162273 4316107624 2434579156 142 19564892 2451388660
======================
   8      32 sdc 1945032 74470 222061306 15355556 13764757 36162273 4316107624 2434579156 142 19565892 2451530660
======================
   8      32 sdc 1945035 74470 222061330 15357092 13766162 36162273 4316826984 2434896028 144 19566896 2451674152
======================
   8      32 sdc 1945037 74470 222061346 15357156 13766816 36162273 4317161832 2435038140 130 19567904 2451818364
======================
   8      32 sdc 1945038 74470 222061354 15357188 13767474 36162273 4317498728 2435182932 144 19568904 2451960928
======================
   8      32 sdc 1945039 74470 222061362 15357228 13768061 36162273 4317799272 2435316908 133 19569912 2452103940
======================
   8      32 sdc 1945040 74470 222061370 15357276 13768709 36162273 4318131048 2435467116 158 19570916 2452246416
======================
   8      32 sdc 1945041 74470 222061378 15357304 13769357 36162273 4318462824 2435612048 150 19571920 2452390312
======================
   8      32 sdc 1945042 74470 222061386 15357404 13769893 36162273 4318737256 2435728872 94 19572924 2452522004
======================
   8      32 sdc 1945042 74470 222061386 15357404 13769893 36162273 4318737256 2435728872 94 19573928 2452616380
======================
   8      32 sdc 1945046 74470 222061418 15358988 13771260 36162273 4319437160 2435966708 134 19574932 2452746644
======================
   8      32 sdc 1945048 74470 222061434 15359048 13771901 36162273 4319765352 2436108124 133 19575936 2452890004
======================
   8      32 sdc 1945049 74470 222061442 15359088 13772531 36162273 4320087912 2436252548 143 19576940 2453033604
======================
   8      32 sdc 1945050 74470 222061450 15359148 13773155 36162273 4320407400 2436396580 129 19577940 2453176828
======================
   8      32 sdc 1945050 74470 222061450 15359148 13773455 36162273 4320561000 2436468228 116 19578948 2453306548
======================
   8      32 sdc 1945052 74470 222061466 15360424 13774271 36162273 4320978792 2436654008 131 19579952 2453435700
======================
   8      32 sdc 1945052 74470 222061466 15360424 13774439 36162273 4321064808 2436690416 156 19580956 2453589096
======================
   8      32 sdc 1945055 74470 222061490 15361912 13775513 36162273 4321614696 2436958460 137 19581956 2453741048
======================
   8      32 sdc 1945056 74470 222061498 15361944 13776153 36162273 4321942376 2437100984 137 19582960 2453884876
======================
   8      32 sdc 1945057 74470 222061506 15361984 13776737 36162273 4322241384 2437230752 129 19583964 2454026980
======================
   8      32 sdc 1945058 74470 222061514 15362008 13777446 36162273 4322604392 2437378260 138 19584968 2454162580
======================
   8      32 sdc 1945058 74470 222061514 15362008 13777555 36162273 4322660200 2437403248 112 19585968 2454279140
======================
   8      32 sdc 1945059 74470 222061522 15363572 13778050 36162273 4322913640 2437596296 129 19586972 2454397672
======================
   8      32 sdc 1945063 74470 222061554 15364316 13779278 36162273 4323542376 2437747948 148 19587976 2454533388
======================
   8      32 sdc 1945064 74470 222061562 15364344 13779941 36162273 4323881832 2437891476 157 19588980 2454677040
======================
   8      32 sdc 1945065 74470 222061570 15364384 13780598 36162273 4324218216 2438035948 141 19589980 2454821576
======================
   8      32 sdc 1945067 74470 222061586 15364500 13781200 36162273 4324526440 2438177332 152 19590984 2454964848
======================
   8      32 sdc 1945068 74470 222061594 15364548 13781831 36162273 4324849512 2438322028 155 19591984 2455107580
======================
   8      32 sdc 1945069 74470 222061602 15364584 13782477 36162273 4325180264 2438465228 149 19592988 2455250984
======================
   8      32 sdc 1945070 74470 222061610 15364692 13783118 36162273 4325508456 2438606064 153 19593992 2455392616
======================
   8      32 sdc 1945070 74470 222061610 15364692 13783209 36162273 4325555048 2438626608 90 19595004 2455489232
======================
   8      32 sdc 1945072 74470 222061626 15366436 13784173 36162273 4326048616 2438818192 150 19596008 2455601756
======================
   8      32 sdc 1945072 74470 222061626 15366436 13784173 36162273 4326048616 2438818192 150 19597012 2455752356
======================
   8      32 sdc 1945073 74470 222061634 15367776 13784685 36162273 4326310760 2439030476 150 19598016 2455901908
======================
   8      32 sdc 1945076 74470 222061658 15368560 13785724 36162273 4326842728 2439170988 135 19599020 2456039824
======================
   8      32 sdc 1945078 74470 222061674 15370036 13786699 36162273 4327341928 2439395948 151 19600020 2456175868
======================
   8      32 sdc 1945080 74470 222061690 15370092 13787395 36162273 4327698280 2439528148 159 19601024 2456319620
======================
   8      32 sdc 1945081 74470 222061698 15370120 13788047 36162273 4328032104 2439671592 147 19602024 2456462932
======================
   8      32 sdc 1945082 74470 222061706 15370164 13788689 36162273 4328360808 2439814684 145 19603028 2456606548
======================
   8      32 sdc 1945084 74470 222061722 15370240 13789330 36162273 4328689000 2439957208 144 19604032 2456750016
======================
   8      32 sdc 1945085 74470 222061730 15370332 13789981 36162273 4329022312 2440100132 129 19605032 2456891384
======================
   8      32 sdc 1945086 74470 222061738 15370432 13790590 36162273 4329334120 2440236752 155 19606036 2457029320
======================
   8      32 sdc 1945087 74470 222061746 15370512 13791201 36162273 4329646952 2440376964 138 19607040 2457170232
======================
   8      32 sdc 1945088 74470 222061754 15370596 13791862 36162273 4329985384 2440519460 141 19608040 2457311144
======================
   8      32 sdc 1945090 74470 222061770 15370780 13792478 36162273 4330300776 2440653144 157 19609044 2457450540
======================
   8      32 sdc 1945091 74470 222061778 15370804 13793168 36162273 4330654056 2440800920 152 19610048 2457593944
======================
   8      32 sdc 1945093 74470 222061794 15370864 13793792 36162273 4330973544 2440943692 133 19611048 2457736716
======================
   8      32 sdc 1945094 74470 222061802 15370904 13794401 36162273 4331285352 2441086808 129 19612052 2457880180
======================
   8      32 sdc 1945096 74470 222061818 15370984 13795030 36162273 4331607400 2441230508 140 19613056 2458023828
======================
   8      32 sdc 1945097 74470 222061826 15371036 13795675 36162273 4331937640 2441373740 135 19614056 2458166616
======================
   8      32 sdc 1945097 74470 222061826 15371036 13795995 36162273 4332101480 2441445272 104 19615060 2458289536
======================
   8      32 sdc 1945098 74470 222061834 15372544 13796460 36162273 4332339560 2441616324 128 19616064 2458396916
======================
   8      32 sdc 1945101 74470 222061858 15372628 13797590 36162273 4332918120 2441744888 140 19617064 2458539992
======================
   8      32 sdc 1945102 74470 222061866 15372660 13798194 36162273 4333227368 2441882880 144 19618068 2458683680
======================
   8      32 sdc 1945103 74470 222061874 15372692 13798845 36162273 4333560680 2442032480 133 19619072 2458827248
======================
   8      32 sdc 1945104 74470 222061882 15372752 13799470 36162273 4333880680 2442175868 152 19620076 2458970788
======================
   8      32 sdc 1945105 74470 222061890 15372812 13800090 36162273 4334198120 2442316632 105 19621080 2459112392
======================
   8      32 sdc 1945107 74470 222061906 15373032 13800746 36162273 4334533992 2442457580 133 19622084 2459252080
======================
   8      32 sdc 1945109 74470 222061922 15373172 13801373 36162273 4334855016 2442594352 129 19623088 2459389600
======================
   8      32 sdc 1945110 74470 222061930 15373204 13802000 36162273 4335176040 2442732976 152 19624096 2459531524
======================
   8      32 sdc 1945112 74470 222061946 15373276 13802658 36162273 4335512936 2442878140 128 19625104 2459674864
======================
   8      32 sdc 1945113 74470 222061954 15373308 13803296 36162273 4335839592 2443020332 130 19626108 2459817248
======================
   8      32 sdc 1945114 74470 222061962 15373520 13803793 36162273 4336094056 2443164720 145 19627116 2459961092
======================
   8      32 sdc 1945115 74470 222061970 15373548 13804445 36162273 4336427880 2443310680 133 19628120 2460105160
======================
   8      32 sdc 1945116 74470 222061978 15373584 13805104 36162273 4336765288 2443454048 146 19629128 2460249000
======================
   8      32 sdc 1945118 74470 222061994 15373692 13805758 36162273 4337100136 2443597372 137 19630132 2460392632
======================
   8      32 sdc 1945119 74470 222062002 15373748 13806396 36162273 4337426792 2443739560 141 19631136 2460536340
======================
   8      32 sdc 1945120 74470 222062010 15373808 13807000 36162273 4337736040 2443882672 149 19632140 2460679856
======================
   8      32 sdc 1945121 74470 222062018 15373884 13807635 36162273 4338061160 2444025576 135 19633144 2460821784
======================
   8      32 sdc 1945122 74470 222062026 15374000 13808281 36162273 4338391912 2444163396 106 19634144 2460958184
======================
   8      32 sdc 1945124 74470 222062042 15374240 13808840 36162273 4338678120 2444284504 59 19635148 2461082880
======================
   8      32 sdc 1945126 74470 222062058 15374612 13809494 36162273 4339012968 2444397532 140 19636148 2461203336
======================
   8      32 sdc 1945127 74470 222062066 15374644 13810156 36162273 4339351912 2444543168 150 19637152 2461346888
======================
   8      32 sdc 1945129 74470 222062082 15374728 13810823 36162273 4339693416 2444691996 155 19638156 2461490540
======================
   8      32 sdc 1945130 74470 222062090 15374948 13811326 36162273 4339950952 2444808524 132 19639160 2461633616
======================
   8      32 sdc 1945130 74470 222062090 15374948 13811820 36162273 4340203880 2444948800 151 19640164 2461779128
======================
   8      32 sdc 1945130 74470 222062090 15374948 13811820 36162273 4340203880 2444948800 151 19641164 2461930128
======================
   8      32 sdc 1945133 74470 222062114 15376460 13813187 36162273 4340903784 2445276260 159 19642168 2462074616
======================
   8      32 sdc 1945134 74470 222062122 15376508 13813824 36162273 4341229928 2445420564 130 19643184 2462221128
======================
   8      32 sdc 1945136 74470 222062138 15376568 13814466 36162273 4341558632 2445565632 128 19644192 2462365376
======================
   8      32 sdc 1945137 74470 222062146 15376608 13815117 36162273 4341891944 2445710180 149 19645196 2462509072
======================
   8      32 sdc 1945138 74470 222062154 15376668 13815753 36162273 4342217576 2445852548 157 19646200 2462652240
======================
   8      32 sdc 1945139 74470 222062162 15376704 13816363 36162273 4342529896 2445995428 151 19647200 2462795088
======================
   8      32 sdc 1945140 74470 222062170 15376832 13816479 36162273 4342589288 2446022700 100 19648204 2462902440
======================
   8      32 sdc 1945141 74470 222062178 15378052 13816957 36162273 4342834024 2446170900 134 19649208 2463022336
======================
   8      32 sdc 1945144 74470 222062202 15378968 13818272 36162273 4343507304 2446360656 130 19650208 2463161312
======================
   8      32 sdc 1945144 74470 222062202 15378968 13818476 36162273 4343611752 2446404412 151 19651212 2463310700
======================
   8      32 sdc 1945147 74470 222062226 15380480 13819513 36162273 4344142696 2446664484 137 19652216 2463459896
======================
   8      32 sdc 1945148 74470 222062234 15380508 13820151 36162273 4344469352 2446800400 139 19653220 2463603504
======================
   8      32 sdc 1945149 74470 222062242 15380552 13820288 36162273 4344539496 2446830584 131 19654220 2463736916
======================
   8      32 sdc 1945153 74470 222062274 15382092 13821372 36162273 4345094504 2447057876 262 19655224 2463891660
======================
   8      32 sdc 1945154 74470 222062282 15382260 13822015 36162273 4345423720 2447255624 172 19656224 2464089672
======================
   8      32 sdc 1945155 74470 222062290 15382404 13822661 36162273 4345754472 2447429388 62 19657228 2464228816
======================
   8      32 sdc 1945157 74470 222062306 15382688 13823296 36162273 4346079592 2447557948 155 19658232 2464363176
======================
   8      32 sdc 1945157 74470 222062306 15382688 13823748 36162273 4346310008 2447659912 1 19659236 2464449464
======================
   8      32 sdc 1945157 74470 222062306 15382688 13823748 36162273 4346310008 2447659912 1 19660240 2464450468
======================
   8      32 sdc 1945159 74470 222062322 15384408 13824269 36162720 4346575800 2447663404 1 19661240 2464454904
======================
   8      32 sdc 1945161 74470 222062338 15385964 13825293 36162720 4347100088 2447669116 1 19662244 2464461560
======================
   8      32 sdc 1945162 74470 222062346 15386748 13825805 36162720 4347362232 2447671628 1 19663248 2464465044
======================
   8      32 sdc 1945165 74470 222062370 15387764 13827045 36162720 4347997112 2447697112 130 19664260 2464507096
======================
   8      32 sdc 1945166 74470 222062378 15387888 13827684 36162720 4348324280 2447834532 142 19665264 2464644528
======================
   8      32 sdc 1945167 74470 222062386 15387952 13828315 36162732 4348646440 2447964252 53 19666276 2464768652
======================
   8      32 sdc 1945169 74470 222062402 15388260 13828915 36162732 4348953640 2448092416 149 19667284 2464904384
======================
   8      32 sdc 1945170 74470 222062410 15388328 13829564 36162732 4349285928 2448236124 151 19668288 2465046148
======================
   8      32 sdc 1945171 74470 222062418 15388400 13830230 36162732 4349626920 2448379484 136 19669296 2465189332
======================
   8      32 sdc 1945173 74470 222062434 15388532 13830890 36162732 4349964840 2448521000 138 19670304 2465329800
======================
   8      32 sdc 1945174 74470 222062442 15388756 13831540 36162742 4350296712 2448634980 138 19671320 2465446752
======================
   8      32 sdc 1945175 74470 222062450 15389028 13831953 36162742 4350508168 2448730888 1 19672328 2465526552
======================
   8      32 sdc 1945175 74470 222062450 15389028 13831953 36162742 4350508168 2448730888 1 19673340 2465527564
======================
   8      32 sdc 1945177 74470 222062466 15391256 13832977 36162742 4351032456 2448736168 1 19674344 2465533780
======================
   8      32 sdc 1945180 74470 222062490 15392164 13834016 36162742 4351564424 2448746308 155 19675352 2465553128
======================
   8      32 sdc 1945181 74470 222062498 15392196 13834659 36162753 4351892720 2448869944 144 19676356 2465684200
======================
   8      32 sdc 1945182 74470 222062506 15392412 13835311 36162753 4352226544 2448993992 146 19677360 2465808436
======================
   8      32 sdc 1945183 74470 222062514 15392584 13835939 36162753 4352548080 2449127392 113 19678364 2465941880
======================
   8      32 sdc 1945185 74470 222062530 15392728 13836564 36162753 4352868080 2449268440 142 19679368 2466083372
======================
   8      32 sdc 1945186 74470 222062538 15392800 13837193 36162753 4353190128 2449409512 132 19680368 2466224680
======================
   8      32 sdc 1945187 74470 222062546 15392840 13837829 36162763 4353514832 2449531512 138 19681372 2466346396
======================
   8      32 sdc 1945188 74470 222062554 15392908 13838482 36162763 4353849168 2449672808 132 19682376 2466487448
======================
   8      32 sdc 1945189 74470 222062562 15392972 13839025 36162763 4354127184 2449792088 101 19683380 2466622096
======================
   8      32 sdc 1945190 74470 222062570 15393236 13839636 36162763 4354440016 2449948852 2 19684384 2466748788
======================
   8      32 sdc 1945192 74470 222062586 15394408 13840092 36162763 4354674000 2449951832 58 19685388 2466753044
======================
   8      32 sdc 1945192 74470 222062586 15394408 13840149 36162763 4354702672 2449952408 1 19686392 2466754116
======================
   8      32 sdc 1945194 74470 222062602 15395448 13841175 36162773 4355227056 2449997380 1 19687388 2466799816
======================
   8      32 sdc 1945195 74470 222062610 15397080 13841284 36163232 4355263848 2449997920 0 19688336 2466801284
======================
   8      32 sdc 1945195 74470 222062610 15397080 13841285 36163232 4355263848 2449997920 0 19688336 2466801284
======================
   8      32 sdc 1945195 74470 222062610 15397080 13841285 36163232 4355263848 2449997920 0 19688336 2466801284
======================
   8      32 sdc 1945195 74470 222062610 15397080 13841285 36163232 4355263848 2449997920 0 19688336 2466801284
======================
   8      32 sdc 1945195 74470 222062610 15397080 13841285 36163232 4355263848 2449997920 0 19688336 2466801284
======================
   8      32 sdc 1945195 74470 222062610 15397080 13841285 36163232 4355263848 2449997920 0 19688336 2466801284
started
======================
   8      32 sdc 1945195 74470 222062610 15397080 13841285 36163232 4355263848 2449997920 0 19688336 2466801284
======================
   8      32 sdc 1945302 74470 222063466 15398376 13841285 36163232 4355263848 2449997920 1 19688620 2466802584
======================
   8      32 sdc 1945303 74470 222063474 15398384 13841285 36163232 4355263848 2449997920 0 19688624 2466802588
======================
   8      32 sdc 1945303 74470 222063474 15398384 13841285 36163232 4355263848 2449997920 0 19688624 2466802588
======================
   8      32 sdc 1945303 74470 222063474 15398384 13841285 36163232 4355263848 2449997920 0 19688624 2466802588
======================
   8      32 sdc 1945303 74470 222063474 15398384 13841285 36163232 4355263848 2449997920 0 19688624 2466802588
======================
   8      32 sdc 1945303 74470 222063474 15398384 13841285 36163232 4355263848 2449997920 0 19688624 2466802588
======================
   8      32 sdc 1945303 74470 222063474 15398384 13841285 36163232 4355263848 2449997920 0 19688624 2466802588
======================
   8      32 sdc 1945303 74470 222063474 15398384 13841285 36163232 4355263848 2449997920 0 19688624 2466802588
======================
   8      32 sdc 1945303 74470 222063474 15398384 13841285 36163232 4355263848 2449997920 0 19688624 2466802588
