======================
   8      16 sdb 1304698 9 330469538 680336 3431581 4035230 1753720184 227584268 0 2094596 228254616
======================
   8      16 sdb 1304698 9 330469538 680336 3431581 4035230 1753720184 227584268 0 2094596 228254616
======================
   8      16 sdb 1304698 9 330469538 680336 3431583 4035231 1753720208 227584268 0 2094596 228254616
======================
   8      16 sdb 1304698 9 330469538 680336 3431583 4035231 1753720208 227584268 0 2094596 228254616
======================
   8      16 sdb 1304698 9 330469538 680336 3432888 4035231 1754388368 227630456 151 2094968 228304948
======================
   8      16 sdb 1304698 9 330469538 680336 3435427 4035231 1755688336 227772000 146 2095972 228446568
======================
   8      16 sdb 1304704 9 330469586 680680 3437636 4035231 1756818832 227891052 153 2096976 228566016
======================
   8      16 sdb 1305259 9 330474026 681280 3439911 4035231 1757983632 228019496 133 2097976 228694416
======================
   8      16 sdb 1305263 9 330474058 681316 3441896 4035231 1758999952 228132776 128 2098980 228833760
======================
   8      16 sdb 1305267 9 330474090 681404 3443705 4035777 1759925992 228280676 106 2099984 228986852
======================
   8      16 sdb 1305267 9 330474090 681404 3443862 4036286 1759984744 228318072 0 2100040 228989452
======================
   8      16 sdb 1305267 9 330474090 681404 3443862 4036286 1759984744 228318072 0 2100040 228989452
======================
   8      16 sdb 1305267 9 330474090 681404 3443862 4036286 1759984744 228318072 0 2100040 228989452
started
======================
   8      16 sdb 1305269 9 330474106 681404 3443862 4036286 1759984744 228318072 0 2100040 228989452
======================
   8      16 sdb 1305271 9 330474122 681408 3443862 4036286 1759984744 228318072 0 2100044 228989456
======================
   8      16 sdb 1305271 9 330474122 681408 3443862 4036286 1759984744 228318072 0 2100044 228989456
======================
   8      16 sdb 1305271 9 330474122 681408 3443862 4036286 1759984744 228318072 0 2100044 228989456
======================
   8      16 sdb 1305271 9 330474122 681408 3443862 4036286 1759984744 228318072 0 2100044 228989456
======================
   8      16 sdb 1305271 9 330474122 681408 3443862 4036286 1759984744 228318072 0 2100044 228989456
======================
   8      16 sdb 1305271 9 330474122 681408 3443864 4036292 1759984808 228318072 0 2100044 228989456
======================
   8      16 sdb 1305271 9 330474122 681408 3443864 4036292 1759984808 228318072 0 2100044 228989456
======================
   8      16 sdb 1305271 9 330474122 681408 3443864 4036292 1759984808 228318072 0 2100044 228989456
======================
   8      16 sdb 1305271 9 330474122 681408 3443864 4036292 1759984808 228318072 0 2100044 228989456
======================
   8      16 sdb 1305273 9 330474138 681420 3445442 4036296 1760790464 228328968 0 2100184 229000356
======================
   8      16 sdb 1305273 9 330474138 681420 3445444 4036303 1760790536 228328968 0 2100184 229000356
======================
   8      16 sdb 1305276 9 330474162 681428 3446767 4036306 1761466832 228345668 0 2100392 229017044
======================
   8      16 sdb 1305281 9 330474202 681652 3449098 4036309 1762659272 228420476 154 2101124 229097020
======================
   8      16 sdb 1305285 9 330474234 681952 3451020 4036312 1763642328 228540848 143 2102128 229216876
======================
   8      16 sdb 1305290 9 330474274 682264 3452942 4036314 1764625480 228659288 68 2103132 229331584
======================
   8      16 sdb 1305293 9 330474298 682492 3454864 4036339 1765608096 228772976 55 2104136 229448660
======================
   8      16 sdb 1305297 9 330474330 682788 3456771 4036340 1766584248 228892416 134 2105140 229570120
======================
   8      16 sdb 1305301 9 330474362 683084 3458673 4036341 1767556512 229010972 153 2106144 229689116
======================
   8      16 sdb 1305304 9 330474386 683252 3459605 4036342 1768033528 229065084 0 2106632 229738184
======================
   8      16 sdb 1305304 9 330474386 683252 3459605 4036342 1768033528 229065084 0 2106632 229738184
======================
   8      16 sdb 1305304 9 330474386 683252 3459607 4036360 1768033688 229065084 0 2106632 229738184
======================
   8      16 sdb 1305304 9 330474386 683252 3459607 4036360 1768033688 229065084 0 2106632 229738184
======================
   8      16 sdb 1305304 9 330474386 683252 3459607 4036360 1768033688 229065084 0 2106632 229738184
======================
   8      16 sdb 1305308 9 330474418 683384 3461471 4036363 1768987352 229104100 155 2107084 229779828
======================
   8      16 sdb 1305308 9 330474418 683384 3461626 4036363 1769066344 229112804 0 2107164 229786028
======================
   8      16 sdb 1305310 9 330474434 683396 3463280 4036373 1769911288 229121456 0 2107292 229794668
======================
   8      16 sdb 1305310 9 330474434 683396 3463280 4036373 1769911288 229121456 0 2107292 229794668
======================
   8      16 sdb 1305313 9 330474458 683480 3465002 4036404 1770789736 229160600 0 2107700 229833880
======================
   8      16 sdb 1305316 9 330474482 683512 3466527 4036406 1771569640 229189468 125 2108020 229867992
======================
   8      16 sdb 1305321 9 330474522 683836 3468446 4036411 1772550896 229303008 131 2109020 229981988
======================
   8      16 sdb 1305325 9 330474554 684148 3470351 4036444 1773523176 229417208 148 2110024 230095540
======================
   8      16 sdb 1305329 9 330474586 684412 3472254 4036446 1774495568 229534324 135 2111024 230215192
======================
   8      16 sdb 1305332 9 330474610 684424 3474175 4036448 1775477312 229678040 130 2112028 230357280
======================
   8      16 sdb 1305338 9 330474658 684504 3476075 4036451 1776448264 229819408 154 2113032 230499080
======================
   8      16 sdb 1305341 9 330474682 684548 3477796 4036453 1777328152 229945788 0 2113928 230620076
======================
   8      16 sdb 1305341 9 330474682 684548 3477798 4036494 1777328496 229945788 0 2113928 230620076
======================
   8      16 sdb 1305341 9 330474682 684548 3477798 4036494 1777328496 229945788 0 2113928 230620076
======================
   8      16 sdb 1305341 9 330474682 684548 3477798 4036494 1777328496 229945788 0 2113928 230620076
======================
   8      16 sdb 1305341 9 330474682 684548 3477798 4036494 1777328496 229945788 0 2113928 230620076
======================
   8      16 sdb 1305343 9 330474698 684552 3479019 4036494 1777953272 229949580 2 2114044 230623920
======================
   8      16 sdb 1305347 9 330474730 684716 3480587 4036512 1778752880 230052664 0 2114872 230727112
======================
   8      16 sdb 1305347 9 330474730 684716 3480587 4036512 1778752880 230052664 0 2114872 230727112
======================
   8      16 sdb 1305347 9 330474730 684716 3480587 4036512 1778752880 230052664 0 2114872 230727112
======================
   8      16 sdb 1305349 9 330474746 684784 3482368 4036513 1779662840 230098592 0 2115316 230773104
======================
   8      16 sdb 1305352 9 330474770 684804 3483650 4036514 1780317568 230109644 67 2115512 230788104
======================
   8      16 sdb 1305353 9 330474778 684880 3484148 4036542 1780571400 230139756 0 2115768 230814340
======================
   8      16 sdb 1305357 9 330474810 684980 3486199 4036545 1781620344 230203444 77 2116364 230882280
======================
   8      16 sdb 1305361 9 330474842 685296 3488105 4036546 1782594336 230322052 142 2117364 231002224
======================
   8      16 sdb 1305365 9 330474874 685568 3490055 4036605 1783585384 230440032 150 2118368 231120396
======================
   8      16 sdb 1305370 9 330474914 685868 3491980 4036607 1784568728 230555684 133 2119368 231234672
======================
   8      16 sdb 1305373 9 330474938 686092 3493910 4036662 1785555488 230677196 28 2120372 231354828
======================
   8      16 sdb 1305377 9 330474970 686384 3495835 4036665 1786539784 230795460 142 2121376 231476868
======================
   8      16 sdb 1305379 9 330474986 686540 3496882 4036667 1787074480 230858480 0 2121920 231534644
======================
   8      16 sdb 1305379 9 330474986 686540 3496882 4036667 1787074480 230858480 0 2121920 231534644
======================
   8      16 sdb 1305379 9 330474986 686540 3496882 4036667 1787074480 230858480 0 2121920 231534644
======================
   8      16 sdb 1305379 9 330474986 686540 3496884 4036700 1787074760 230858480 0 2121920 231534644
======================
   8      16 sdb 1305379 9 330474986 686540 3496884 4036700 1787074760 230858480 0 2121920 231534644
======================
   8      16 sdb 1305383 9 330475018 686608 3498466 4036703 1787883440 230888952 57 2122256 231568608
======================
   8      16 sdb 1305386 9 330475042 686720 3499620 4036705 1788473432 230965848 0 2122856 231642188
======================
   8      16 sdb 1305386 9 330475042 686720 3499620 4036705 1788473432 230965848 0 2122856 231642188
======================
   8      16 sdb 1305387 9 330475050 686724 3500229 4036729 1788784528 230967864 33 2122904 231644276
