======================
   8      32 sdc 748174 9 175846352 4426140 9322731 7825409 3785250096 1909927876 89 14803620 1915185664
======================
   8      32 sdc 748174 9 175846352 4426140 9322820 7825409 3785274160 1909977800 0 14804120 1915212176
======================
   8      32 sdc 748174 9 175846352 4426140 9322820 7825409 3785274160 1909977800 0 14804120 1915212176
======================
   8      32 sdc 748174 9 175846352 4426140 9322820 7825409 3785274160 1909977800 0 14804120 1915212176
======================
   8      32 sdc 748174 9 175846352 4426140 9322820 7825409 3785274160 1909977800 1 14804968 1915213024
======================
   8      32 sdc 748174 9 175846352 4426140 9322820 7825409 3785274160 1909977800 1 14805972 1915214028
======================
   8      32 sdc 748175 9 175846360 4428360 9323573 7825411 3785492792 1910098908 144 14806976 1915360768
======================
   8      32 sdc 748175 9 175846360 4428360 9323576 7825411 3785493560 1910101880 141 14807980 1915504536
======================
   8      32 sdc 748175 9 175846360 4428360 9323576 7825411 3785493560 1910101880 141 14808984 1915646100
======================
   8      32 sdc 748176 9 175846368 4431412 9323576 7825411 3785493560 1910101880 141 14809988 1915787664
======================
   8      32 sdc 748176 9 175846368 4431412 9323576 7825411 3785493560 1910101880 141 14810992 1915929228
======================
   8      32 sdc 748176 9 175846368 4431412 9323577 7825412 3785493816 1910106524 141 14811996 1916071048
======================
   8      32 sdc 748177 9 175846376 4433688 9323582 7825412 3785494608 1910124152 137 14812996 1916208960
======================
   8      32 sdc 748192 9 175846496 4435172 9323694 7825412 3785525840 1910897708 153 14814000 1916351284
======================
   8      32 sdc 748193 9 175846504 4435896 9323806 7825412 3785556304 1911144556 137 14815004 1916495776
======================
   8      32 sdc 748252 9 175846976 4437052 9323934 7825412 3785593168 1911322876 137 14816008 1916633372
======================
   8      32 sdc 748341 9 175847688 4438248 9324158 7825412 3785659216 1911481324 137 14817012 1916779944
======================
   8      32 sdc 748403 9 175848184 4439200 9324333 7825584 3785712592 1911630072 160 14818016 1916926156
======================
   8      32 sdc 748463 9 175848664 4440332 9324445 7825584 3785745360 1911725252 144 14819020 1917079064
======================
   8      32 sdc 748484 9 175848832 4441156 9324685 7825584 3785813200 1911908492 160 14820024 1917228424
======================
   8      32 sdc 748537 9 175849256 4441824 9324813 7825584 3785850064 1912015904 160 14821028 1917388892
======================
   8      32 sdc 748582 9 175849616 4442700 9324925 7825584 3785883600 1912135224 144 14822032 1917537228
======================
   8      32 sdc 748600 9 175849760 4444388 9325172 7825845 3785955112 1912411708 138 14823032 1917678304
======================
   8      32 sdc 748644 9 175850112 4444996 9325284 7825845 3785986344 1912486352 154 14824036 1917823828
======================
   8      32 sdc 748663 9 175850264 4445704 9327097 7825848 3786502696 1912667588 132 14825040 1917969128
======================
   8      32 sdc 748663 9 175850264 4445704 9327312 7825848 3786564904 1912809564 141 14826044 1918113972
======================
   8      32 sdc 748663 9 175850264 4445704 9327556 7825848 3786635816 1912958112 153 14827048 1918258236
======================
   8      32 sdc 748663 9 175850264 4445704 9327750 7825920 3786691624 1913097224 153 14828048 1918401960
======================
   8      32 sdc 748663 9 175850264 4445704 9328001 7825920 3786764672 1913245900 159 14829052 1918546192
======================
   8      32 sdc 748663 9 175850264 4445704 9328280 7825920 3786846592 1913397420 143 14830056 1918694796
======================
   8      32 sdc 748663 9 175850264 4445704 9328503 7825921 3786910592 1913539440 144 14831060 1918838400
======================
   8      32 sdc 748663 9 175850264 4445704 9328713 7825921 3786970752 1913671880 158 14832060 1918980772
======================
   8      32 sdc 748663 9 175850264 4445704 9328889 7825922 3787020928 1913819764 143 14833064 1919124192
======================
   8      32 sdc 748663 9 175850264 4445704 9329049 7825923 3787067032 1913939220 144 14834068 1919268824
======================
   8      32 sdc 748663 9 175850264 4445704 9329227 7825923 3787116952 1914092832 158 14835072 1919409284
======================
   8      32 sdc 748663 9 175850264 4445704 9329364 7825924 3787156120 1914229488 149 14836076 1919556000
======================
   8      32 sdc 748663 9 175850264 4445704 9329584 7825924 3787220376 1914399644 153 14837076 1919699568
======================
   8      32 sdc 748663 9 175850264 4445704 9329807 7825925 3787283864 1914540684 155 14838080 1919842664
======================
   8      32 sdc 748663 9 175850264 4445704 9330022 7825925 3787346352 1914686276 133 14839084 1919986228
======================
   8      32 sdc 748663 9 175850264 4445704 9330213 7825925 3787401136 1914809152 134 14840088 1920130540
======================
   8      32 sdc 748663 9 175850264 4445704 9330378 7825925 3787448752 1914955296 129 14841092 1920272896
======================
   8      32 sdc 748663 9 175850264 4445704 9330568 7825926 3787503024 1915099308 131 14842092 1920413488
======================
   8      32 sdc 748663 9 175850264 4445704 9330700 7825927 3787542192 1915233992 160 14843096 1920556716
======================
   8      32 sdc 748663 9 175850264 4445704 9330906 7825927 3787601352 1915400212 147 14844100 1920701940
======================
   8      32 sdc 748663 9 175850264 4445704 9331053 7825927 3787644360 1915510156 128 14845100 1920845020
======================
   8      32 sdc 748663 9 175850264 4445704 9331136 7825928 3787668168 1915608056 141 14846104 1920989896
======================
   8      32 sdc 748663 9 175850264 4445704 9331388 7825929 3787739336 1915844816 145 14847108 1921133496
======================
   8      32 sdc 748663 9 175850264 4445704 9331632 7826094 3787810248 1915970784 158 14848112 1921278652
======================
   8      32 sdc 748663 9 175850264 4445704 9331879 7826386 3787872384 1916127024 136 14849116 1921422236
======================
   8      32 sdc 748663 9 175850264 4445704 9332104 7826386 3787937408 1916262820 135 14850120 1921566760
======================
   8      32 sdc 748663 9 175850264 4445704 9332353 7826388 3788007552 1916415752 142 14851124 1921710704
======================
   8      32 sdc 748663 9 175850264 4445704 9332557 7826388 3788067712 1916541504 130 14852132 1921853800
======================
   8      32 sdc 748663 9 175850264 4445704 9332799 7826389 3788136320 1916698800 145 14853152 1922000764
======================
   8      32 sdc 748663 9 175850264 4445704 9332998 7826389 3788194712 1916822684 139 14854156 1922143876
======================
   8      32 sdc 748663 9 175850264 4445704 9333152 7826389 3788241304 1916930068 134 14855160 1922283264
======================
   8      32 sdc 748663 9 175850264 4445704 9333152 7826389 3788241304 1916930068 134 14856164 1922417800
======================
   8      32 sdc 748664 9 175850272 4448000 9333152 7826389 3788241304 1916930068 134 14857176 1922553408
======================
   8      32 sdc 748664 9 175850272 4448000 9333152 7826389 3788241304 1916930068 134 14858180 1922687944
======================
   8      32 sdc 748665 9 175850280 4450220 9333285 7826389 3788280728 1917561372 1 14859188 1922820384
======================
   8      32 sdc 748666 9 175850288 4450400 9333285 7826389 3788280728 1917561372 1 14860192 1922821388
======================
   8      32 sdc 748666 9 175850288 4450400 9333285 7826389 3788280728 1917561372 1 14861196 1922822392
======================
   8      32 sdc 748669 9 175850312 4453156 9333285 7826389 3788280728 1917561372 1 14862196 1922823392
======================
   8      32 sdc 748698 9 175850544 4453924 9334666 7826392 3788803264 1917629784 147 14863200 1922915260
======================
   8      32 sdc 748699 9 175850552 4453980 9334862 7826392 3788865728 1917734980 151 14864204 1923057676
======================
   8      32 sdc 748699 9 175850552 4453980 9335057 7826392 3788931520 1917882036 147 14865204 1923205636
======================
   8      32 sdc 748699 9 175850552 4453980 9335219 7826392 3788994752 1918021328 145 14866208 1923349832
======================
   8      32 sdc 748699 9 175850552 4453980 9335379 7826392 3789059520 1918184080 145 14867212 1923494580
======================
   8      32 sdc 748699 9 175850552 4453980 9335545 7826397 3789124848 1918308808 140 14868212 1923639920
======================
   8      32 sdc 748699 9 175850552 4453980 9335721 7826397 3789183472 1918462132 156 14869216 1923783544
======================
   8      32 sdc 748699 9 175850552 4453980 9335886 7826397 3789241840 1918600596 151 14870224 1923931284
======================
   8      32 sdc 748699 9 175850552 4453980 9336105 7826397 3789322736 1918776480 156 14871228 1924074276
======================
   8      32 sdc 748699 9 175850552 4453980 9336182 7826397 3789356528 1918837548 143 14872240 1924223072
======================
   8      32 sdc 748700 9 175850560 4454548 9336385 7826397 3789427184 1919053108 148 14873244 1924339700
======================
   8      32 sdc 748700 9 175850560 4454548 9336573 7826397 3789495536 1919177452 152 14874260 1924485128
======================
   8      32 sdc 748700 9 175850560 4454548 9336716 7826397 3789552112 1919297888 137 14875264 1924628212
======================
   8      32 sdc 748700 9 175850560 4454548 9336899 7826397 3789619440 1919432244 146 14876272 1924771600
======================
   8      32 sdc 748700 9 175850560 4454548 9337082 7826397 3789684464 1919576704 155 14877276 1924915240
======================
   8      32 sdc 748700 9 175850560 4454548 9337276 7826397 3789752048 1919742428 153 14878280 1925058400
======================
   8      32 sdc 748700 9 175850560 4454548 9337438 7826397 3789810928 1919883064 151 14879284 1925203112
======================
   8      32 sdc 748700 9 175850560 4454548 9337629 7826397 3789883120 1920026440 115 14880288 1925345316
======================
   8      32 sdc 748700 9 175850560 4454548 9337665 7826397 3789894384 1920052020 79 14881292 1925426784
======================
   8      32 sdc 748701 9 175850568 4455988 9337967 7826397 3790009328 1920205924 144 14882292 1925554796
======================
   8      32 sdc 748701 9 175850568 4455988 9338061 7826397 3790043632 1920330304 146 14883296 1925699308
======================
   8      32 sdc 748701 9 175850568 4455988 9338161 7826397 3790074864 1920470856 142 14884300 1925843812
======================
   8      32 sdc 748701 9 175850568 4455988 9338329 7826397 3790138608 1920675148 134 14885304 1925987164
======================
   8      32 sdc 748701 9 175850568 4455988 9338486 7826397 3790199536 1920804756 145 14886308 1926126044
======================
   8      32 sdc 748701 9 175850568 4455988 9338672 7826397 3790265840 1920949996 151 14887312 1926269044
======================
   8      32 sdc 748701 9 175850568 4455988 9338881 7826398 3790338800 1921095664 134 14888312 1926412844
======================
   8      32 sdc 748701 9 175850568 4455988 9339043 7826398 3790400240 1921228460 132 14889320 1926555548
======================
   8      32 sdc 748702 9 175850576 4456336 9339247 7826407 3790472264 1921381104 143 14890332 1926668168
======================
   8      32 sdc 748702 9 175850576 4456336 9339388 7826407 3790528584 1921484888 130 14891336 1926811112
======================
   8      32 sdc 748702 9 175850576 4456336 9339575 7826407 3790595656 1921636516 135 14892340 1926955692
======================
   8      32 sdc 748702 9 175850576 4456336 9339703 7826407 3790646856 1921749056 135 14893348 1927100584
======================
   8      32 sdc 748702 9 175850576 4456336 9339832 7826407 3790692168 1921875464 134 14894352 1927245312
======================
   8      32 sdc 748702 9 175850576 4456336 9339993 7826407 3790747208 1922064372 133 14895356 1927387456
======================
   8      32 sdc 748703 9 175850584 4456412 9340657 7826407 3790987336 1922249096 148 14896364 1927526824
======================
   8      32 sdc 748703 9 175850584 4456412 9341533 7826407 3791320136 1922393668 136 14897372 1927670832
======================
   8      32 sdc 748703 9 175850584 4456412 9342003 7826407 3791490896 1922476564 68 14898376 1927778672
======================
   8      32 sdc 748704 9 175850592 4457880 9342399 7826413 3791644296 1922582164 151 14899380 1927850628
======================
   8      32 sdc 748705 9 175850600 4457908 9344190 7826413 3792298896 1922717464 144 14900384 1927993024
======================
   8      32 sdc 748706 9 175850608 4457948 9345060 7826413 3792626576 1922863356 144 14901384 1928140812
======================
   8      32 sdc 748706 9 175850608 4457948 9345920 7826413 3792946832 1922992416 148 14902388 1928284020
======================
   8      32 sdc 748707 9 175850616 4457992 9346836 7826413 3793281680 1923144960 130 14903392 1928425180
======================
   8      32 sdc 748707 9 175850616 4457992 9346957 7826420 3793315472 1923211728 138 14904392 1928567300
======================
   8      32 sdc 748707 9 175850616 4457992 9347006 7826420 3793328784 1923265404 109 14905396 1928684072
======================
   8      32 sdc 748707 9 175850616 4457992 9347220 7826420 3793413336 1923469244 151 14906400 1928820236
======================
   8      32 sdc 748707 9 175850616 4457992 9347328 7826420 3793468632 1923595464 139 14907404 1928964084
======================
   8      32 sdc 748707 9 175850616 4457992 9347417 7826420 3793503704 1923728904 146 14908404 1929107456
======================
   8      32 sdc 748707 9 175850616 4457992 9347569 7826424 3793546712 1923933156 155 14909408 1929252136
======================
   8      32 sdc 748708 9 175850624 4458076 9347772 7826424 3793605640 1924072528 133 14910412 1929395776
======================
   8      32 sdc 748708 9 175850624 4458076 9347875 7826424 3793644808 1924165880 158 14911420 1929539640
======================
   8      32 sdc 748708 9 175850624 4458076 9347992 7826424 3793703688 1924323200 137 14912424 1929684864
======================
   8      32 sdc 748708 9 175850624 4458076 9348173 7826424 3793755912 1924514352 148 14913428 1929826152
======================
   8      32 sdc 748708 9 175850624 4458076 9348347 7826429 3793826056 1924633820 135 14914432 1929969664
======================
   8      32 sdc 748708 9 175850624 4458076 9348500 7826429 3793874752 1924774148 143 14915436 1930113228
======================
   8      32 sdc 748708 9 175850624 4458076 9348644 7826429 3793937728 1924912520 142 14916440 1930256940
======================
   8      32 sdc 748708 9 175850624 4458076 9348822 7826430 3793994048 1925078340 141 14917444 1930401628
======================
   8      32 sdc 748708 9 175850624 4458076 9348933 7826430 3794040384 1925180552 158 14918444 1930548172
======================
   8      32 sdc 748708 9 175850624 4458076 9349107 7826434 3794098240 1925351880 140 14919448 1930699544
======================
   8      32 sdc 748708 9 175850624 4458076 9349164 7826434 3794123120 1925423480 101 14920452 1930812876
======================
   8      32 sdc 748709 9 175850632 4459316 9349328 7826434 3794169456 1925622868 155 14921452 1930917284
======================
   8      32 sdc 748709 9 175850632 4459316 9349397 7826444 3794203352 1925676892 150 14922456 1931060752
======================
   8      32 sdc 748709 9 175850632 4459316 9349507 7826444 3794249176 1925840792 136 14923456 1931204688
======================
   8      32 sdc 748709 9 175850632 4459316 9349671 7826449 3794307288 1926005532 133 14924460 1931348392
======================
   8      32 sdc 748709 9 175850632 4459316 9349827 7826449 3794361608 1926151308 152 14925464 1931489320
======================
   8      32 sdc 748709 9 175850632 4459316 9349974 7826449 3794417160 1926299884 133 14926468 1931633264
======================
   8      32 sdc 748709 9 175850632 4459316 9350126 7826449 3794472456 1926440636 141 14927480 1931779360
======================
   8      32 sdc 748709 9 175850632 4459316 9350306 7826449 3794538504 1926593176 153 14928484 1931923080
======================
   8      32 sdc 748709 9 175850632 4459316 9350452 7826449 3794595336 1926725688 135 14929492 1932067516
======================
   8      32 sdc 748710 9 175850640 4459840 9350609 7826449 3794652936 1926852464 157 14930496 1932193536
======================
   8      32 sdc 748710 9 175850640 4459840 9350783 7826449 3794717448 1926993268 143 14931496 1932337616
======================
   8      32 sdc 748710 9 175850640 4459840 9350940 7826449 3794774792 1927144644 146 14932500 1932482476
======================
   8      32 sdc 748710 9 175850640 4459840 9351112 7826449 3794838536 1927291232 134 14933508 1932624876
======================
   8      32 sdc 748710 9 175850640 4459840 9351288 7826449 3794902024 1927442420 150 14934512 1932769348
======================
   8      32 sdc 748710 9 175850640 4459840 9351443 7826449 3794957832 1927578468 155 14935520 1932912984
======================
   8      32 sdc 748710 9 175850640 4459840 9351599 7826449 3795013384 1927729808 159 14936528 1933057428
======================
   8      32 sdc 748710 9 175850640 4459840 9351764 7826449 3795073032 1927886860 154 14937532 1933202536
======================
   8      32 sdc 748710 9 175850640 4459840 9351926 7826449 3795134984 1928019384 152 14938536 1933347816
======================
   8      32 sdc 748710 9 175850640 4459840 9352079 7826449 3795193360 1928159656 39 14939536 1933451864
======================
   8      32 sdc 748711 9 175850648 4461092 9352277 7826455 3795252296 1928213712 144 14940540 1933527128
======================
   8      32 sdc 748711 9 175850648 4461092 9352356 7826455 3795292744 1928282312 129 14941540 1933669580
======================
   8      32 sdc 748711 9 175850648 4461092 9352461 7826455 3795332168 1928434028 152 14942544 1933811592
======================
   8      32 sdc 748711 9 175850648 4461092 9352570 7826455 3795376968 1928596432 139 14943548 1933957248
======================
   8      32 sdc 748711 9 175850648 4461092 9352709 7826455 3795427656 1928741108 128 14944548 1934098724
======================
   8      32 sdc 748711 9 175850648 4461092 9352909 7826455 3795493704 1928910664 152 14945552 1934237852
======================
   8      32 sdc 748711 9 175850648 4461092 9353046 7826455 3795548744 1929020088 143 14946556 1934382260
======================
   8      32 sdc 748711 9 175850648 4461092 9353212 7826455 3795611720 1929200780 137 14947556 1934524424
======================
   8      32 sdc 748711 9 175850648 4461092 9353385 7826455 3795674696 1929334252 156 14948560 1934667268
======================
   8      32 sdc 748712 9 175850656 4461984 9353482 7826455 3795711312 1929422656 60 14949564 1934760984
======================
   8      32 sdc 748713 9 175850664 4462432 9353731 7826460 3795800704 1929545092 146 14950576 1934880128
======================
   8      32 sdc 748713 9 175850664 4462432 9354277 7826460 3795998344 1929740848 145 14951576 1935022992
======================
   8      32 sdc 748714 9 175850672 4462476 9355168 7826460 3796319112 1929877336 147 14952580 1935165988
======================
   8      32 sdc 748714 9 175850672 4462476 9356008 7826460 3796648840 1930025648 139 14953588 1935310088
======================
   8      32 sdc 748715 9 175850680 4463064 9356918 7826460 3796977800 1930153156 150 14954596 1935437332
======================
   8      32 sdc 748715 9 175850680 4463064 9357629 7826466 3797233864 1930300604 141 14955604 1935583668
======================
   8      32 sdc 748716 9 175850688 4463096 9358501 7826466 3797566664 1930447500 135 14956612 1935728264
======================
   8      32 sdc 748717 9 175850696 4463144 9359364 7826470 3797904888 1930584628 154 14957612 1935869648
======================
   8      32 sdc 748717 9 175850696 4463144 9360361 7826470 3798245880 1930731952 129 14958616 1936012792
======================
   8      32 sdc 748718 9 175850704 4463208 9360876 7826470 3798451704 1930839572 144 14959624 1936154928
======================
   8      32 sdc 748718 9 175850704 4463208 9360930 7826477 3798466552 1930889236 155 14960624 1936304748
======================
   8      32 sdc 748718 9 175850704 4463208 9361239 7826477 3798582080 1931167060 135 14961628 1936458088
======================
   8      32 sdc 748718 9 175850704 4463208 9361356 7826477 3798641984 1931242480 146 14962632 1936601540
======================
   8      32 sdc 748718 9 175850704 4463208 9361576 7826477 3798708032 1931429828 150 14963632 1936745332
======================
   8      32 sdc 748718 9 175850704 4463208 9361758 7826477 3798762048 1931539640 118 14964648 1936883196
======================
   8      32 sdc 748719 9 175850712 4463744 9361902 7826484 3798829448 1931669676 133 14965652 1937022816
======================
   8      32 sdc 748719 9 175850712 4463744 9362079 7826484 3798892176 1931846036 149 14966656 1937165508
======================
   8      32 sdc 748719 9 175850712 4463744 9362256 7826484 3798943632 1931990360 132 14967668 1937312212
======================
   8      32 sdc 748719 9 175850712 4463744 9362387 7826484 3799006864 1932108460 129 14968684 1937457744
======================
   8      32 sdc 748719 9 175850712 4463744 9362587 7826484 3799063440 1932263712 153 14969688 1937601384
======================
   8      32 sdc 748719 9 175850712 4463744 9362725 7826488 3799122120 1932406632 145 14970692 1937745864
======================
   8      32 sdc 748719 9 175850712 4463744 9362902 7826488 3799180744 1932548216 128 14971696 1937888340
======================
   8      32 sdc 748719 9 175850712 4463744 9363042 7826488 3799236040 1932686156 148 14972700 1938032124
======================
   8      32 sdc 748719 9 175850712 4463744 9363211 7826488 3799301832 1932838628 139 14973708 1938178348
======================
   8      32 sdc 748720 9 175850720 4463980 9363393 7826488 3799366088 1932970600 137 14974712 1938315116
======================
   8      32 sdc 748720 9 175850720 4463980 9363592 7826493 3799433720 1933121648 131 14975720 1938459924
======================
   8      32 sdc 748720 9 175850720 4463980 9363756 7826493 3799491064 1933270432 159 14976724 1938602868
======================
   8      32 sdc 748720 9 175850720 4463980 9363941 7826493 3799560952 1933424404 134 14977728 1938748380
======================
   8      32 sdc 748720 9 175850720 4463980 9364094 7826493 3799621624 1933543544 141 14978728 1938892344
======================
   8      32 sdc 748720 9 175850720 4463980 9364237 7826493 3799661304 1933701792 158 14979732 1939030528
======================
   8      32 sdc 748720 9 175850720 4463980 9364377 7826493 3799719160 1933819392 146 14980732 1939174212
======================
   8      32 sdc 748720 9 175850720 4463980 9364526 7826493 3799772920 1933979044 157 14981736 1939317156
======================
   8      32 sdc 748720 9 175850720 4463980 9364627 7826493 3799807480 1934084028 152 14982744 1939463004
======================
   8      32 sdc 748720 9 175850720 4463980 9364768 7826493 3799857400 1934263324 48 14983748 1939576920
======================
   8      32 sdc 748721 9 175850728 4464684 9364839 7826493 3799885560 1934326160 137 14984752 1939708560
======================
   8      32 sdc 748721 9 175850728 4464684 9365128 7826493 3799993080 1934555540 136 14985760 1939849276
======================
   8      32 sdc 748721 9 175850728 4464684 9366042 7826499 3800314440 1934707196 153 14986764 1939993124
======================
   8      32 sdc 748722 9 175850736 4464736 9367003 7826499 3800654152 1934849964 142 14987764 1940134936
======================
   8      32 sdc 748722 9 175850736 4464736 9367606 7826500 3800871240 1934940948 85 14988768 1940255464
======================
   8      32 sdc 748723 9 175850744 4465364 9368872 7826501 3801337416 1935093920 151 14989768 1940385364
======================
   8      32 sdc 748723 9 175850744 4465364 9369065 7826501 3801395272 1935124720 128 14990772 1940516128
======================
   8      32 sdc 748723 9 175850744 4465364 9369065 7826501 3801395272 1935124720 128 14991772 1940644128
======================
   8      32 sdc 748724 9 175850752 4467648 9369634 7826508 3801595024 1935437972 140 14992776 1940781852
======================
   8      32 sdc 748724 9 175850752 4467648 9369728 7826508 3801643152 1935545736 142 14993788 1940926872
======================
   8      32 sdc 748724 9 175850752 4467648 9369982 7826508 3801724816 1935754364 144 14994792 1941070340
======================
   8      32 sdc 748724 9 175850752 4467648 9370193 7826510 3801802408 1935869884 157 14995804 1941213812
======================
   8      32 sdc 748724 9 175850752 4467648 9370377 7826510 3801873576 1936025948 133 14996808 1941357124
======================
   8      32 sdc 748724 9 175850752 4467648 9370567 7826514 3801924048 1936138692 100 14997812 1941482180
======================
   8      32 sdc 748725 9 175850760 4469072 9370794 7826514 3802024408 1936295740 157 14998820 1941587092
======================
   8      32 sdc 748725 9 175850760 4469072 9371087 7826514 3802105560 1936415076 152 14999824 1941730748
======================
   8      32 sdc 748725 9 175850760 4469072 9371182 7826514 3802154200 1936504540 153 15000848 1941877152
======================
   8      32 sdc 748725 9 175850760 4469072 9371429 7826514 3802234584 1936704340 130 15001860 1942022316
======================
   8      32 sdc 748725 9 175850760 4469072 9371636 7826518 3802311944 1936814732 137 15002868 1942162676
======================
   8      32 sdc 748725 9 175850760 4469072 9371854 7826518 3802379536 1936992124 144 15003872 1942305040
======================
   8      32 sdc 748725 9 175850760 4469072 9372026 7826518 3802446864 1937090820 132 15004880 1942448464
======================
   8      32 sdc 748725 9 175850760 4469072 9372125 7826518 3802479120 1937186796 124 15005880 1942580808
======================
   8      32 sdc 748725 9 175850760 4469072 9372125 7826518 3802479120 1937186796 124 15006884 1942705304
======================
   8      32 sdc 748726 9 175850768 4471424 9372644 7826523 3802659648 1937523176 129 15007892 1942835552
======================
   8      32 sdc 748726 9 175850768 4471424 9372873 7826523 3802732104 1937649480 157 15008896 1942974576
======================
   8      32 sdc 748726 9 175850768 4471424 9373033 7826523 3802801992 1937765112 157 15009900 1943117916
======================
   8      32 sdc 748726 9 175850768 4471424 9373298 7826523 3802886736 1937926432 148 15010904 1943261788
======================
   8      32 sdc 748726 9 175850768 4471424 9373524 7826523 3802958928 1938073516 108 15011908 1943401936
======================
   8      32 sdc 748726 9 175850768 4471424 9373524 7826523 3802958928 1938073516 108 15012912 1943510368
======================
   8      32 sdc 748727 9 175850776 4473632 9373948 7826528 3803109248 1938331852 149 15013912 1943620520
======================
   8      32 sdc 748727 9 175850776 4473632 9374138 7826528 3803174792 1938422820 152 15014916 1943766572
======================
   8      32 sdc 748727 9 175850776 4473632 9374314 7826528 3803238792 1938561604 136 15015920 1943911420
======================
   8      32 sdc 748727 9 175850776 4473632 9374523 7826528 3803302024 1938731912 151 15016920 1944054772
======================
   8      32 sdc 748727 9 175850776 4473632 9374718 7826528 3803380880 1938857676 148 15017924 1944199092
======================
   8      32 sdc 748727 9 175850776 4473632 9374962 7826532 3803458448 1939003724 129 15018924 1944341108
======================
   8      32 sdc 748727 9 175850776 4473632 9375011 7826532 3803480512 1939047308 134 15019928 1944476768
======================
   8      32 sdc 748727 9 175850776 4473632 9375011 7826532 3803480512 1939047308 134 15020928 1944610768
======================
   8      32 sdc 748729 9 175850792 4475228 9375421 7826532 3803664576 1939390636 140 15021936 1944755044
======================
   8      32 sdc 748730 9 175850800 4475464 9375648 7826532 3803780800 1939594536 136 15022940 1944898864
======================
   8      32 sdc 748730 9 175850800 4475464 9376017 7826532 3803969728 1939680640 152 15023952 1945047256
======================
   8      32 sdc 748732 9 175850816 4476256 9376812 7826539 3804376320 1939890156 157 15024956 1945193564
======================
   8      32 sdc 748733 9 175850824 4476284 9377472 7826539 3804714240 1940034684 137 15025960 1945337568
======================
   8      32 sdc 748734 9 175850832 4476312 9378072 7826539 3805021440 1940169224 146 15026964 1945481740
======================
   8      32 sdc 748736 9 175850848 4476556 9378603 7826539 3805293312 1940319940 158 15027964 1945625184
======================
   8      32 sdc 748736 9 175850848 4476556 9379098 7826539 3805546752 1940429188 144 15028968 1945769356
======================
   8      32 sdc 748736 9 175850848 4476556 9379098 7826539 3805546752 1940429188 144 15029988 1945916236
======================
   8      32 sdc 748739 9 175850872 4478064 9380563 7826539 3806296832 1940756884 150 15031012 1946062640
======================
   8      32 sdc 748741 9 175850888 4478144 9381199 7826539 3806622464 1940901128 154 15032020 1946207088
======================
   8      32 sdc 748742 9 175850896 4478196 9381831 7826539 3806946048 1941046336 130 15033036 1946352444
======================
   8      32 sdc 748743 9 175850904 4478220 9382487 7826539 3807281920 1941191796 146 15034044 1946496796
======================
   8      32 sdc 748744 9 175850912 4478308 9382749 7826539 3807416064 1941249300 77 15035048 1946597760
======================
   8      32 sdc 748745 9 175850920 4479780 9383195 7826539 3807644416 1941379012 143 15036060 1946687360
======================
   8      32 sdc 748748 9 175850944 4480468 9384391 7826539 3808256768 1941523228 130 15037064 1946830704
======================
   8      32 sdc 748749 9 175850952 4480492 9385066 7826539 3808602368 1941668376 143 15038072 1946974712
======================
   8      32 sdc 748750 9 175850960 4480516 9385701 7826539 3808927488 1941810640 132 15039076 1947118308
======================
   8      32 sdc 748751 9 175850968 4480548 9386283 7826539 3809225472 1941944864 127 15040080 1947260848
======================
   8      32 sdc 748751 9 175850968 4480548 9386283 7826539 3809225472 1941944864 127 15041084 1947388356
======================
   8      32 sdc 748753 9 175850984 4481716 9387278 7826539 3809734912 1942141808 156 15042092 1947539280
======================
   8      32 sdc 748755 9 175851000 4483112 9388300 7826539 3810258176 1942394176 158 15043092 1947692680
======================
   8      32 sdc 748756 9 175851008 4483136 9388821 7826539 3810524928 1942499604 149 15044096 1947837452
======================
   8      32 sdc 748756 9 175851008 4483136 9388821 7826539 3810524928 1942499604 149 15045100 1947987048
======================
   8      32 sdc 748759 9 175851032 4484856 9390063 7826539 3811160832 1942822084 154 15046104 1948133352
======================
   8      32 sdc 748761 9 175851048 4484908 9390716 7826539 3811495168 1942965096 141 15047108 1948276528
======================
   8      32 sdc 748762 9 175851056 4484956 9391348 7826539 3811818752 1943107524 149 15048108 1948419708
======================
   8      32 sdc 748762 9 175851056 4484956 9391395 7826539 3811842816 1943118092 135 15049112 1948555828
======================
   8      32 sdc 748762 9 175851056 4484956 9391395 7826539 3811842816 1943118092 135 15050112 1948690828
======================
   8      32 sdc 748766 9 175851088 4487272 9393275 7826539 3812805376 1943517596 142 15051116 1948832000
======================
   8      32 sdc 748767 9 175851096 4487304 9393885 7826539 3813117696 1943655360 140 15052120 1948975748
======================
   8      32 sdc 748769 9 175851112 4487400 9394542 7826539 3813454080 1943804308 155 15053124 1949119488
======================
   8      32 sdc 748770 9 175851120 4487464 9395189 7826539 3813785344 1943948412 154 15054128 1949262932
======================
   8      32 sdc 748771 9 175851128 4487536 9395842 7826539 3814119680 1944090572 155 15055128 1949404640
======================
   8      32 sdc 748772 9 175851136 4487632 9396480 7826539 3814446336 1944229788 151 15056132 1949544724
======================
   8      32 sdc 748774 9 175851152 4487744 9397111 7826539 3814769408 1944371108 129 15057132 1949685560
======================
   8      32 sdc 748774 9 175851152 4487744 9397603 7826539 3815021312 1944478168 71 15058136 1949807076
======================
   8      32 sdc 748774 9 175851152 4487744 9397603 7826539 3815021312 1944478168 71 15059140 1949878360
======================
   8      32 sdc 748778 9 175851184 4489960 9398610 7826539 3815536896 1944702624 151 15060144 1950007796
======================
   8      32 sdc 748780 9 175851200 4490008 9399645 7826539 3816066816 1944833156 140 15061144 1950150760
======================
   8      32 sdc 748780 9 175851200 4490008 9400092 7826539 3816295680 1944930780 142 15062148 1950294216
======================
   8      32 sdc 748782 9 175851216 4491084 9400838 7826539 3816677632 1945119724 131 15063152 1950437004
======================
   8      32 sdc 748783 9 175851224 4491116 9401488 7826539 3817010432 1945261720 153 15064152 1950580240
======================
   8      32 sdc 748784 9 175851232 4491152 9402101 7826539 3817324288 1945405368 148 15065156 1950724332
======================
   8      32 sdc 748785 9 175851240 4491176 9402665 7826539 3817613056 1945533516 129 15066160 1950866348
======================
   8      32 sdc 748785 9 175851240 4491176 9402665 7826539 3817613056 1945533516 129 15067164 1950995864
======================
   8      32 sdc 748786 9 175851248 4492592 9403153 7826539 3817862912 1945733368 153 15068164 1951141952
======================
   8      32 sdc 748789 9 175851272 4494072 9404399 7826539 3818500864 1945986280 146 15069168 1951293092
======================
   8      32 sdc 748791 9 175851288 4494120 9405305 7826539 3818964736 1946115480 144 15070176 1951437508
======================
   8      32 sdc 748792 9 175851296 4494176 9405742 7826539 3819188480 1946210876 124 15071180 1951574740
======================
   8      32 sdc 748792 9 175851296 4494176 9405742 7826539 3819188480 1946210876 124 15072180 1951698740
======================
   8      32 sdc 748795 9 175851320 4496356 9406814 7826539 3819737344 1946533020 139 15073192 1951844756
======================
   8      32 sdc 748796 9 175851328 4496380 9407763 7826539 3820223232 1946646232 151 15074196 1951989392
======================
   8      32 sdc 748796 9 175851328 4496380 9407763 7826539 3820223232 1946646232 151 15075200 1952140996
======================
   8      32 sdc 748797 9 175851336 4498044 9408272 7826539 3820483840 1946919888 154 15076204 1952292920
======================
   8      32 sdc 748798 9 175851344 4498772 9408786 7826539 3820747008 1947042420 152 15077208 1952445196
======================
   8      32 sdc 748800 9 175851360 4499540 9409809 7826539 3821270784 1947181504 153 15078212 1952596580
======================
   8      32 sdc 748802 9 175851376 4500952 9410833 7826539 3821795072 1947419216 153 15079212 1952747576
======================
   8      32 sdc 748802 9 175851376 4500952 9410833 7826539 3821795072 1947419216 153 15080216 1952901188
======================
   8      32 sdc 748803 9 175851384 4502384 9411345 7826539 3822057216 1947648692 153 15081220 1953053664
======================
   8      32 sdc 748805 9 175851400 4503840 9412184 7826539 3822487296 1947888672 145 15082228 1953206184
======================
   8      32 sdc 748809 9 175851432 4503932 9413442 7826539 3823130880 1948015548 135 15083232 1953350244
======================
   8      32 sdc 748810 9 175851440 4503988 9414106 7826539 3823470848 1948162692 143 15084232 1953493588
======================
   8      32 sdc 748810 9 175851440 4503988 9414402 7826539 3823622400 1948226264 136 15085236 1953633300
======================
   8      32 sdc 748811 9 175851448 4505508 9414834 7826539 3823843584 1948451088 151 15086240 1953770156
======================
   8      32 sdc 748814 9 175851472 4505584 9415996 7826539 3824438528 1948580092 141 15087240 1953913500
======================
   8      32 sdc 748815 9 175851480 4505628 9416498 7826539 3824695552 1948725616 151 15088244 1954059904
======================
   8      32 sdc 748816 9 175851488 4505668 9417128 7826539 3825018624 1948869640 129 15089244 1954202844
======================
   8      32 sdc 748817 9 175851496 4505708 9417769 7826539 3825346304 1949010724 128 15090248 1954346172
======================
   8      32 sdc 748817 9 175851496 4505708 9418005 7826539 3825467136 1949063284 117 15091252 1954471020
======================
   8      32 sdc 748820 9 175851520 4507224 9419060 7826539 3826007296 1949267996 149 15092252 1954594152
======================
   8      32 sdc 748821 9 175851528 4507256 9419696 7826539 3826332928 1949402656 153 15093256 1954737976
======================
   8      32 sdc 748822 9 175851536 4507280 9420301 7826539 3826642688 1949539408 156 15094260 1954882380
======================
   8      32 sdc 748822 9 175851536 4507280 9420547 7826539 3826768640 1949596780 135 15095260 1955020184
======================
   8      32 sdc 748823 9 175851544 4508724 9421041 7826539 3827021568 1949809072 153 15096264 1955159464
======================
   8      32 sdc 748826 9 175851568 4509468 9422065 7826539 3827545856 1949945272 153 15097268 1955310840
======================
   8      32 sdc 748827 9 175851576 4510740 9422155 7826539 3827591936 1950061728 139 15098272 1955464336
======================
   8      32 sdc 748829 9 175851592 4510784 9423529 7826539 3828295424 1950270708 128 15099276 1955608064
======================
   8      32 sdc 748830 9 175851600 4511012 9424023 7826539 3828548352 1950413904 146 15100280 1955753184
======================
   8      32 sdc 748830 9 175851600 4511012 9424114 7826539 3828594944 1950434920 152 15101284 1955904392
======================
   8      32 sdc 748831 9 175851608 4512484 9424625 7826539 3828856576 1950681872 153 15102288 1956056352
======================
   8      32 sdc 748834 9 175851632 4513228 9425938 7826539 3829528832 1950863188 151 15103288 1956203072
======================
   8      32 sdc 748835 9 175851640 4513260 9426596 7826539 3829865728 1951004976 133 15104292 1956347524
======================
   8      32 sdc 748837 9 175851656 4513352 9427226 7826539 3830188288 1951143600 143 15105296 1956490852
======================
   8      32 sdc 748837 9 175851656 4513352 9427724 7826539 3830443264 1951259044 126 15106296 1956629952
======================
   8      32 sdc 748837 9 175851656 4513352 9427724 7826539 3830443264 1951259044 126 15107300 1956756456
======================
   8      32 sdc 748839 9 175851672 4515524 9428483 7826539 3830831872 1951571064 134 15108304 1956899952
======================
   8      32 sdc 748843 9 175851704 4516280 9429780 7826539 3831495936 1951712984 149 15109308 1957049764
======================
   8      32 sdc 748844 9 175851712 4516316 9430411 7826539 3831819008 1951849268 158 15110312 1957193404
======================
   8      32 sdc 748845 9 175851720 4516356 9431065 7826539 3832153856 1951993244 144 15111316 1957337156
======================
   8      32 sdc 748846 9 175851728 4516608 9431558 7826539 3832406272 1952134008 131 15112316 1957478168
======================
   8      32 sdc 748847 9 175851736 4516636 9432194 7826539 3832731904 1952277092 135 15113320 1957621640
======================
   8      32 sdc 748848 9 175851744 4516668 9432824 7826539 3833054464 1952419976 146 15114320 1957764448
======================
   8      32 sdc 748850 9 175851760 4516764 9433445 7826539 3833372416 1952562880 137 15115324 1957908068
======================
   8      32 sdc 748851 9 175851768 4516840 9434101 7826539 3833708288 1952706672 137 15116328 1958050836
======================
   8      32 sdc 748851 9 175851768 4516840 9434415 7826539 3833869056 1952774548 91 15117332 1958164780
======================
   8      32 sdc 748852 9 175851776 4518344 9434881 7826539 3834107648 1952925680 137 15118332 1958260416
======================
   8      32 sdc 748853 9 175851784 4518904 9435378 7826539 3834362112 1953012576 152 15119336 1958404108
======================
   8      32 sdc 748857 9 175851816 4519784 9436643 7826539 3835009792 1953204976 134 15120340 1958551692
======================
   8      32 sdc 748858 9 175851824 4519816 9437284 7826539 3835337984 1953347340 133 15121344 1958695428
======================
   8      32 sdc 748859 9 175851832 4519860 9437903 7826539 3835654912 1953490976 154 15122348 1958839232
======================
   8      32 sdc 748861 9 175851848 4519924 9438501 7826539 3835961088 1953625440 132 15123348 1958981616
======================
   8      32 sdc 748862 9 175851856 4520188 9439050 7826539 3836242176 1953751004 141 15124352 1959117464
======================
   8      32 sdc 748863 9 175851864 4520220 9439738 7826539 3836594432 1953913172 143 15125356 1959260820
======================
   8      32 sdc 748864 9 175851872 4520256 9440369 7826539 3836917504 1954055056 152 15126356 1959403500
======================
   8      32 sdc 748865 9 175851880 4520284 9440988 7826539 3837234432 1954198668 141 15127360 1959547328
======================
   8      32 sdc 748867 9 175851896 4520348 9441635 7826539 3837565696 1954343068 134 15128364 1959690844
======================
   8      32 sdc 748868 9 175851904 4520396 9442295 7826539 3837903616 1954485244 146 15129364 1959833924
======================
   8      32 sdc 748869 9 175851912 4520448 9442931 7826539 3838229248 1954630112 128 15130368 1959978092
======================
   8      32 sdc 748870 9 175851920 4520552 9443568 7826539 3838555392 1954771148 128 15131372 1960118844
======================
   8      32 sdc 748873 9 175851944 4520740 9444205 7826539 3838881536 1954911024 152 15132372 1960256728
======================
   8      32 sdc 748873 9 175851944 4520740 9444621 7826539 3839094528 1954998800 125 15133376 1960393176
======================
   8      32 sdc 748873 9 175851944 4520740 9444621 7826539 3839094528 1954998800 125 15134376 1960518176
======================
   8      32 sdc 748875 9 175851960 4522228 9445617 7826539 3839604480 1955219316 153 15135380 1960667200
======================
   8      32 sdc 748876 9 175851968 4523636 9446130 7826539 3839867136 1955444628 152 15136384 1960819496
======================
   8      32 sdc 748878 9 175851984 4524588 9447154 7826539 3840391424 1955612188 152 15137388 1960970156
======================
   8      32 sdc 748878 9 175851984 4524588 9447154 7826539 3840391424 1955612188 152 15138400 1961123980
======================
   8      32 sdc 748879 9 175851992 4526016 9447665 7826539 3840653056 1955839588 153 15139412 1961277408
======================
   8      32 sdc 748882 9 175852016 4526788 9449168 7826539 3841422592 1956068360 153 15140420 1961422356
======================
   8      32 sdc 748884 9 175852032 4526868 9449765 7826539 3841728256 1956202988 132 15141420 1961565352
======================
   8      32 sdc 748885 9 175852040 4526924 9450416 7826539 3842061568 1956353888 153 15142424 1961708668
======================
   8      32 sdc 748886 9 175852048 4526984 9451064 7826539 3842393344 1956497956 152 15143428 1961852728
======================
   8      32 sdc 748886 9 175852048 4526984 9451292 7826539 3842510080 1956557428 110 15144432 1961974848
======================
   8      32 sdc 748887 9 175852056 4528380 9451781 7826539 3842760448 1956721696 133 15145436 1962092604
======================
   8      32 sdc 748891 9 175852088 4529112 9453023 7826539 3843396352 1956873352 138 15146440 1962231516
======================
   8      32 sdc 748892 9 175852096 4529144 9453642 7826539 3843713280 1957017100 132 15147440 1962374524
======================
   8      32 sdc 748893 9 175852104 4529180 9454275 7826539 3844037376 1957161664 134 15148444 1962518368
======================
   8      32 sdc 748894 9 175852112 4529420 9454795 7826539 3844303616 1957302904 142 15149448 1962660252
======================
   8      32 sdc 748896 9 175852128 4529500 9455420 7826539 3844623616 1957445576 141 15150448 1962804608
======================
   8      32 sdc 748897 9 175852136 4529552 9456057 7826539 3844949760 1957590760 144 15151452 1962948284
======================
   8      32 sdc 748898 9 175852144 4529588 9456715 7826539 3845286656 1957734392 158 15152456 1963091940
======================
   8      32 sdc 748899 9 175852152 4529636 9457339 7826539 3845606144 1957871928 142 15153464 1963236164
======================
   8      32 sdc 748899 9 175852152 4529636 9458004 7826539 3845946624 1958020604 149 15154468 1963379776
======================
   8      32 sdc 748899 9 175852152 4529636 9458645 7826539 3846274816 1958163968 148 15155472 1963523516
======================
   8      32 sdc 748899 9 175852152 4529636 9459303 7826539 3846611712 1958308280 130 15156472 1963666716
======================
   8      32 sdc 748900 9 175852160 4529796 9459929 7826539 3846932224 1958445684 140 15157476 1963804832
======================
   8      32 sdc 748900 9 175852160 4529796 9460591 7826539 3847271168 1958588084 150 15158480 1963948316
======================
   8      32 sdc 748900 9 175852160 4529796 9461230 7826539 3847598336 1958732808 151 15159480 1964091192
======================
   8      32 sdc 748900 9 175852160 4529796 9461899 7826539 3847940864 1958875364 154 15160484 1964234268
======================
   8      32 sdc 748900 9 175852160 4529796 9462489 7826539 3848242944 1959010080 140 15161484 1964377592
======================
   8      32 sdc 748900 9 175852160 4529796 9463138 7826539 3848575232 1959161332 131 15162488 1964520984
======================
   8      32 sdc 748900 9 175852160 4529796 9463785 7826539 3848906496 1959305864 156 15163492 1964664560
======================
   8      32 sdc 748900 9 175852160 4529796 9464439 7826539 3849241344 1959448584 142 15164496 1964808192
======================
   8      32 sdc 748900 9 175852160 4529796 9465085 7826539 3849572096 1959591992 136 15165496 1964951088
======================
   8      32 sdc 748900 9 175852160 4529796 9465712 7826539 3849893120 1959730916 149 15166500 1965094656
======================
   8      32 sdc 748900 9 175852160 4529796 9466373 7826539 3850231552 1959881408 157 15167508 1965240108
======================
   8      32 sdc 748900 9 175852160 4529796 9467017 7826539 3850561280 1960024060 153 15168512 1965383664
======================
   8      32 sdc 748901 9 175852168 4530232 9467504 7826539 3850810624 1960122692 149 15169516 1965482988
======================
   8      32 sdc 748901 9 175852168 4530232 9468105 7826539 3851118336 1960258372 156 15170516 1965626320
======================
   8      32 sdc 748901 9 175852168 4530232 9468773 7826539 3851460352 1960412728 129 15171520 1965772380
======================
   8      32 sdc 748901 9 175852168 4530232 9469426 7826539 3851794688 1960556744 148 15172524 1965916224
======================
   8      32 sdc 748901 9 175852168 4530232 9470064 7826539 3852121344 1960699624 150 15173524 1966059088
======================
   8      32 sdc 748901 9 175852168 4530232 9470710 7826539 3852452096 1960842740 144 15174528 1966202420
======================
   8      32 sdc 748901 9 175852168 4530232 9471366 7826539 3852787968 1960986364 128 15175532 1966345480
======================
   8      32 sdc 748901 9 175852168 4530232 9472013 7826539 3853119232 1961128312 153 15176536 1966489032
======================
   8      32 sdc 748901 9 175852168 4530232 9472630 7826539 3853435136 1961272000 144 15177540 1966632076
======================
   8      32 sdc 748901 9 175852168 4530232 9473260 7826539 3853757696 1961416852 154 15178544 1966775992
======================
   8      32 sdc 748901 9 175852168 4530232 9473930 7826539 3854100736 1961560720 156 15179548 1966919544
======================
   8      32 sdc 748901 9 175852168 4530232 9474602 7826539 3854444800 1961704948 156 15180556 1967063864
======================
   8      32 sdc 748902 9 175852176 4530456 9475249 7826539 3854776064 1961829604 153 15181564 1967189376
======================
   8      32 sdc 748902 9 175852176 4530456 9475866 7826539 3855091968 1961972352 144 15182568 1967332960
======================
   8      32 sdc 748902 9 175852176 4530456 9476488 7826539 3855410432 1962118228 130 15183572 1967477612
======================
   8      32 sdc 748902 9 175852176 4530456 9477148 7826539 3855748352 1962262268 142 15184584 1967622592
======================
   8      32 sdc 748902 9 175852176 4530456 9477783 7826539 3856073472 1962406192 147 15185592 1967767096
======================
   8      32 sdc 748902 9 175852176 4530456 9478435 7826539 3856407296 1962550260 135 15186596 1967910544
======================
   8      32 sdc 748902 9 175852176 4530456 9479092 7826539 3856743680 1962693764 150 15187600 1968054248
======================
   8      32 sdc 748902 9 175852176 4530456 9479736 7826539 3857073408 1962837032 146 15188604 1968197928
======================
   8      32 sdc 748902 9 175852176 4530456 9480371 7826539 3857398528 1962983732 155 15189608 1968344496
======================
   8      32 sdc 748902 9 175852176 4530456 9481007 7826539 3857724160 1963127376 146 15190612 1968487968
======================
   8      32 sdc 748902 9 175852176 4530456 9481645 7826539 3858050816 1963271564 129 15191616 1968631616
======================
   8      32 sdc 748902 9 175852176 4530456 9482277 7826539 3858374400 1963409948 137 15192624 1968775392
======================
   8      32 sdc 748903 9 175852184 4530672 9482931 7826539 3858709248 1963544216 158 15193624 1968904388
======================
   8      32 sdc 748903 9 175852184 4530672 9483577 7826539 3859040000 1963687516 152 15194628 1969048024
======================
   8      32 sdc 748903 9 175852184 4530672 9484222 7826539 3859370240 1963831256 147 15195632 1969191820
======================
   8      32 sdc 748903 9 175852184 4530672 9484879 7826539 3859706624 1963974760 130 15196636 1969335236
======================
   8      32 sdc 748903 9 175852184 4530672 9485365 7826539 3859955456 1964114568 156 15197636 1969475732
======================
   8      32 sdc 748903 9 175852184 4530672 9486007 7826539 3860284160 1964259904 154 15198640 1969620040
======================
   8      32 sdc 748903 9 175852184 4530672 9486676 7826539 3860626688 1964404020 157 15199644 1969763972
======================
   8      32 sdc 748903 9 175852184 4530672 9487345 7826539 3860969216 1964548092 128 15200648 1969908056
======================
   8      32 sdc 748903 9 175852184 4530672 9488004 7826539 3861306624 1964690276 141 15201652 1970051984
======================
   8      32 sdc 748903 9 175852184 4530672 9488618 7826539 3861620992 1964833456 135 15202652 1970194976
======================
   8      32 sdc 748903 9 175852184 4530672 9489203 7826539 3861920512 1964968808 158 15203656 1970339432
======================
   8      32 sdc 748903 9 175852184 4530672 9489904 7826539 3862279936 1965127040 129 15204664 1970487820
======================
   8      32 sdc 748904 9 175852192 4530908 9490533 7826539 3862601472 1965254588 146 15205668 1970616012
======================
   8      32 sdc 748904 9 175852192 4530908 9491180 7826539 3862932736 1965398040 139 15206672 1970759464
======================
   8      32 sdc 748904 9 175852192 4530908 9491829 7826539 3863265024 1965541744 130 15207676 1970902732
======================
   8      32 sdc 748904 9 175852192 4530908 9492486 7826539 3863601408 1965684984 145 15208676 1971045912
======================
   8      32 sdc 748904 9 175852192 4530908 9492973 7826539 3863850752 1965827464 138 15209680 1971189112
======================
   8      32 sdc 748904 9 175852192 4530908 9493608 7826539 3864175872 1965970768 143 15210684 1971332500
======================
   8      32 sdc 748904 9 175852192 4530908 9494243 7826539 3864500992 1966113852 148 15211688 1971475628
======================
   8      32 sdc 748904 9 175852192 4530908 9494901 7826539 3864837888 1966258124 130 15212692 1971619076
======================
   8      32 sdc 748904 9 175852192 4530908 9495501 7826539 3865145088 1966391548 138 15213696 1971762256
======================
   8      32 sdc 748904 9 175852192 4530908 9496190 7826539 3865497856 1966542524 153 15214700 1971904144
======================
   8      32 sdc 748904 9 175852192 4530908 9496844 7826539 3865832704 1966686244 139 15215704 1972047552
======================
   8      32 sdc 748904 9 175852192 4530908 9497501 7826539 3866169088 1966829396 154 15216704 1972190152
======================
   8      32 sdc 748905 9 175852200 4531152 9498098 7826539 3866474752 1966954680 136 15217708 1972316960
======================
   8      32 sdc 748905 9 175852200 4531152 9498706 7826539 3866786048 1967096608 136 15218712 1972460552
======================
   8      32 sdc 748905 9 175852200 4531152 9499384 7826539 3867133696 1967242348 130 15219716 1972603364
======================
   8      32 sdc 748905 9 175852200 4531152 9500053 7826539 3867475712 1967385864 133 15220720 1972747124
======================
   8      32 sdc 748905 9 175852200 4531152 9500556 7826539 3867733248 1967524188 142 15221724 1972890476
======================
   8      32 sdc 748905 9 175852200 4531152 9501171 7826539 3868048128 1967670516 135 15222724 1973032344
======================
   8      32 sdc 748905 9 175852200 4531152 9501803 7826539 3868371712 1967814200 143 15223728 1973175772
======================
   8      32 sdc 748905 9 175852200 4531152 9502460 7826539 3868708096 1967957800 158 15224732 1973319220
======================
   8      32 sdc 748905 9 175852200 4531152 9503059 7826539 3869014784 1968089764 135 15225732 1973461672
======================
   8      32 sdc 748905 9 175852200 4531152 9503755 7826539 3869371136 1968243404 143 15226736 1973605032
======================
   8      32 sdc 748905 9 175852200 4531152 9504407 7826539 3869704960 1968387020 131 15227740 1973748396
======================
   8      32 sdc 748905 9 175852200 4531152 9505048 7826539 3870033152 1968529884 130 15228740 1973891528
======================
   8      32 sdc 748906 9 175852208 4531396 9505652 7826539 3870342400 1968665180 137 15229744 1974017024
======================
   8      32 sdc 748906 9 175852208 4531396 9506275 7826539 3870661376 1968794112 154 15230748 1974160444
======================
   8      32 sdc 748906 9 175852208 4531396 9506901 7826539 3870981888 1968936048 136 15231752 1974303972
======================
   8      32 sdc 748906 9 175852208 4531396 9507585 7826539 3871332096 1969085504 156 15232752 1974446400
======================
   8      32 sdc 748906 9 175852208 4531396 9508109 7826539 3871600384 1969199232 144 15233756 1974590148
======================
   8      32 sdc 748906 9 175852208 4531396 9508743 7826539 3871924992 1969371556 150 15234760 1974733584
======================
   8      32 sdc 748906 9 175852208 4531396 9509395 7826539 3872258816 1969514944 139 15235760 1974876516
======================
   8      32 sdc 748906 9 175852208 4531396 9510032 7826539 3872584960 1969657420 141 15236764 1975020060
======================
   8      32 sdc 748906 9 175852208 4531396 9510646 7826539 3872899328 1969799304 135 15237768 1975162064
======================
   8      32 sdc 748906 9 175852208 4531396 9511286 7826539 3873227008 1969944068 135 15238768 1975305488
======================
   8      32 sdc 748906 9 175852208 4531396 9511955 7826539 3873569536 1970088036 138 15239772 1975449548
======================
   8      32 sdc 748906 9 175852208 4531396 9512623 7826539 3873911552 1970231592 142 15240776 1975593140
======================
   8      32 sdc 748906 9 175852208 4531396 9513284 7826539 3874249984 1970374028 38 15241780 1975727532
======================
   8      32 sdc 748907 9 175852216 4531640 9513869 7826539 3874549504 1970496240 148 15242780 1975861364
======================
   8      32 sdc 748907 9 175852216 4531640 9514503 7826539 3874874112 1970643304 154 15243784 1976005316
======================
   8      32 sdc 748907 9 175852216 4531640 9515160 7826539 3875210496 1970786648 137 15244784 1976148320
======================
   8      32 sdc 748907 9 175852216 4531640 9515797 7826539 3875536640 1970926872 140 15245788 1976291996
======================
   8      32 sdc 748907 9 175852216 4531640 9516448 7826539 3875869952 1971073620 129 15246792 1976435500
======================
   8      32 sdc 748907 9 175852216 4531640 9517083 7826539 3876195072 1971212164 134 15247792 1976578424
======================
   8      32 sdc 748907 9 175852216 4531640 9517745 7826539 3876534016 1971359104 144 15248796 1976721764
======================
   8      32 sdc 748907 9 175852216 4531640 9518379 7826539 3876858624 1971502192 150 15249796 1976864580
======================
   8      32 sdc 748907 9 175852216 4531640 9519014 7826539 3877183744 1971645820 155 15250800 1977008304
======================
   8      32 sdc 748907 9 175852216 4531640 9519653 7826539 3877510912 1971790060 156 15251804 1977151904
======================
   8      32 sdc 748907 9 175852216 4531640 9520272 7826539 3877827840 1971925952 145 15252804 1977295988
======================
   8      32 sdc 748907 9 175852216 4531640 9520961 7826539 3878180608 1972077308 41 15253808 1977431188
======================
   8      32 sdc 748908 9 175852224 4531872 9521580 7826539 3878497536 1972201416 151 15254812 1977564184
======================
   8      32 sdc 748908 9 175852224 4531872 9522232 7826539 3878831360 1972345076 139 15255812 1977706976
======================
   8      32 sdc 748908 9 175852224 4531872 9522889 7826539 3879167744 1972488492 154 15256816 1977850488
======================
   8      32 sdc 748908 9 175852224 4531872 9523499 7826539 3879480064 1972632004 152 15257820 1977997368
======================
   8      32 sdc 748908 9 175852224 4531872 9524157 7826539 3879816960 1972778708 134 15258824 1978140656
======================
   8      32 sdc 748908 9 175852224 4531872 9524828 7826539 3880160512 1972922640 135 15259832 1978284684
======================
   8      32 sdc 748908 9 175852224 4531872 9525471 7826539 3880489728 1973060264 132 15260836 1978427368
======================
   8      32 sdc 748908 9 175852224 4531872 9526143 7826539 3880833792 1973207472 132 15261840 1978570480
======================
   8      32 sdc 748908 9 175852224 4531872 9526758 7826539 3881148672 1973350756 157 15262844 1978713864
======================
   8      32 sdc 748908 9 175852224 4531872 9527393 7826539 3881473792 1973494600 130 15263848 1978857744
======================
   8      32 sdc 748908 9 175852224 4531872 9528050 7826539 3881810176 1973638748 145 15264848 1979000732
======================
   8      32 sdc 748908 9 175852224 4531872 9528665 7826539 3882125056 1973775948 17 15265856 1979126768
======================
   8      32 sdc 748909 9 175852232 4532100 9529300 7826539 3882450176 1973903136 144 15266860 1979270060
======================
   8      32 sdc 748909 9 175852232 4532100 9529979 7826539 3882797824 1974051756 137 15267868 1979414024
======================
   8      32 sdc 748909 9 175852232 4532100 9530631 7826539 3883131648 1974194616 157 15268872 1979557280
======================
   8      32 sdc 748909 9 175852232 4532100 9531260 7826539 3883453696 1974338256 136 15269884 1979701968
======================
   8      32 sdc 748909 9 175852232 4532100 9531898 7826539 3883780352 1974482832 138 15270892 1979845996
======================
   8      32 sdc 748909 9 175852232 4532100 9532547 7826539 3884112640 1974627716 129 15271900 1979990048
======================
   8      32 sdc 748909 9 175852232 4532100 9533209 7826539 3884451584 1974775676 132 15272908 1980137784
======================
   8      32 sdc 748909 9 175852232 4532100 9533841 7826539 3884775168 1974915060 140 15273920 1980282528
======================
   8      32 sdc 748909 9 175852232 4532100 9534511 7826539 3885118208 1975063232 142 15274928 1980426164
======================
   8      32 sdc 748909 9 175852232 4532100 9535169 7826539 3885455104 1975207184 156 15275932 1980569324
======================
   8      32 sdc 748909 9 175852232 4532100 9535815 7826539 3885785856 1975349068 150 15276936 1980712616
======================
   8      32 sdc 748910 9 175852240 4532340 9536408 7826539 3886089472 1975476648 138 15277936 1980837616
======================
   8      32 sdc 748910 9 175852240 4532340 9537038 7826539 3886412032 1975618492 148 15278940 1980981056
======================
   8      32 sdc 748910 9 175852240 4532340 9537662 7826539 3886731520 1975753268 132 15279944 1981123412
======================
   8      32 sdc 748910 9 175852240 4532340 9538353 7826539 3887085312 1975900740 145 15280944 1981265612
======================
   8      32 sdc 748910 9 175852240 4532340 9539004 7826539 3887418624 1976045200 134 15281948 1981408916
======================
   8      32 sdc 748910 9 175852240 4532340 9539636 7826539 3887742208 1976189452 142 15282948 1981551816
======================
   8      32 sdc 748910 9 175852240 4532340 9540293 7826539 3888078592 1976332744 157 15283952 1981695180
======================
   8      32 sdc 748910 9 175852240 4532340 9540941 7826539 3888410368 1976475708 149 15284956 1981838868
======================
   8      32 sdc 748910 9 175852240 4532340 9541587 7826539 3888741120 1976619176 143 15285956 1981981960
======================
   8      32 sdc 748910 9 175852240 4532340 9542223 7826539 3889066752 1976758604 147 15286968 1982125564
======================
   8      32 sdc 748910 9 175852240 4532340 9542909 7826539 3889417984 1976908592 133 15287992 1982271776
======================
   8      32 sdc 748910 9 175852240 4532340 9543546 7826539 3889744128 1977052376 136 15288996 1982415312
======================
   8      32 sdc 748911 9 175852248 4532576 9544164 7826539 3890060544 1977177124 131 15290008 1982540424
======================
   8      32 sdc 748911 9 175852248 4532576 9544803 7826539 3890387712 1977320904 132 15291016 1982684184
======================
   8      32 sdc 748911 9 175852248 4532576 9545451 7826539 3890719488 1977464752 156 15292028 1982828480
======================
   8      32 sdc 748911 9 175852248 4532576 9546114 7826539 3891058944 1977612784 157 15293032 1982975416
======================
   8      32 sdc 748911 9 175852248 4532576 9546610 7826539 3891312896 1977753220 141 15294036 1983119536
======================
   8      32 sdc 748911 9 175852248 4532576 9547261 7826539 3891646208 1977899716 130 15295036 1983262136
======================
   8      32 sdc 748911 9 175852248 4532576 9547920 7826539 3891983616 1978043112 143 15296044 1983406028
======================
   8      32 sdc 748911 9 175852248 4532576 9548519 7826539 3892290304 1978180128 152 15297048 1983549568
======================
   8      32 sdc 748911 9 175852248 4532576 9549150 7826539 3892613376 1978327464 129 15298048 1983692080
======================
   8      32 sdc 748911 9 175852248 4532576 9549810 7826539 3892951296 1978468456 141 15299052 1983834000
======================
   8      32 sdc 748911 9 175852248 4532576 9550486 7826539 3893297408 1978614520 137 15300056 1983977380
======================
   8      32 sdc 748911 9 175852248 4532576 9551149 7826539 3893636864 1978757884 146 15301056 1984120256
======================
   8      32 sdc 748912 9 175852256 4532820 9551762 7826539 3893950720 1978883744 145 15302060 1984244652
======================
   8      32 sdc 748912 9 175852256 4532820 9552378 7826539 3894266112 1979023740 137 15303064 1984387912
======================
   8      32 sdc 748912 9 175852256 4532820 9553025 7826539 3894597376 1979168456 130 15304068 1984531304
======================
   8      32 sdc 748912 9 175852256 4532820 9553681 7826539 3894933248 1979311104 146 15305072 1984674728
======================
   8      32 sdc 748912 9 175852256 4532820 9554175 7826539 3895186176 1979425032 132 15306072 1984819172
======================
   8      32 sdc 748912 9 175852256 4532820 9554829 7826539 3895521024 1979599476 150 15307076 1984962556
======================
   8      32 sdc 748912 9 175852256 4532820 9555480 7826539 3895854848 1979742624 139 15308080 1985106056
======================
   8      32 sdc 748912 9 175852256 4532820 9556114 7826539 3896178944 1979885604 145 15309080 1985248928
======================
   8      32 sdc 748912 9 175852256 4532820 9556749 7826539 3896504064 1980028620 150 15310084 1985392392
======================
   8      32 sdc 748912 9 175852256 4532820 9557383 7826539 3896828672 1980171784 156 15311084 1985535108
======================
   8      32 sdc 748912 9 175852256 4532820 9558023 7826539 3897156352 1980314612 156 15312088 1985678296
======================
   8      32 sdc 748912 9 175852256 4532820 9558684 7826539 3897494784 1980458492 135 15313092 1985821784
======================
   8      32 sdc 748912 9 175852256 4532820 9559334 7826539 3897827584 1980601620 36 15314096 1985956008
======================
   8      32 sdc 748913 9 175852264 4533056 9559960 7826539 3898148096 1980724980 149 15315100 1986088652
======================
   8      32 sdc 748913 9 175852264 4533056 9560614 7826539 3898482944 1980868588 135 15316100 1986231684
======================
   8      32 sdc 748913 9 175852264 4533056 9561265 7826539 3898816256 1981011016 156 15317104 1986375304
======================
   8      32 sdc 748913 9 175852264 4533056 9561837 7826539 3899109120 1981148392 128 15318104 1986521256
======================
   8      32 sdc 748913 9 175852264 4533056 9562396 7826539 3899395328 1981296956 145 15319108 1986659968
======================
   8      32 sdc 748913 9 175852264 4533056 9563064 7826539 3899737856 1981439612 149 15320112 1986802812
======================
   8      32 sdc 748913 9 175852264 4533056 9563733 7826539 3900079872 1981582608 152 15321116 1986945872
======================
   8      32 sdc 748913 9 175852264 4533056 9564375 7826539 3900408576 1981724600 150 15322120 1987089064
======================
   8      32 sdc 748913 9 175852264 4533056 9564992 7826539 3900724480 1981868744 141 15323124 1987232980
======================
   8      32 sdc 748913 9 175852264 4533056 9565636 7826539 3901054208 1982013848 137 15324132 1987377388
======================
   8      32 sdc 748913 9 175852264 4533056 9566295 7826539 3901391616 1982157056 150 15325136 1987520320
======================
   8      32 sdc 748913 9 175852264 4533056 9566941 7826539 3901722368 1982300216 109 15326140 1987662940
======================
   8      32 sdc 748914 9 175852272 4533284 9567568 7826539 3902043392 1982430068 129 15327144 1987793356
======================
   8      32 sdc 748914 9 175852272 4533284 9568225 7826539 3902379776 1982573336 144 15328148 1987937020
======================
   8      32 sdc 748914 9 175852272 4533284 9568874 7826539 3902712064 1982716324 135 15329152 1988080632
======================
   8      32 sdc 748914 9 175852272 4533284 9569505 7826539 3903035136 1982858836 144 15330152 1988223440
======================
   8      32 sdc 748914 9 175852272 4533284 9570128 7826539 3903354112 1983002456 129 15331156 1988366224
======================
   8      32 sdc 748914 9 175852272 4533284 9570775 7826539 3903685376 1983146324 154 15332160 1988509868
======================
   8      32 sdc 748914 9 175852272 4533284 9571432 7826539 3904021760 1983289596 137 15333160 1988652836
======================
   8      32 sdc 748914 9 175852272 4533284 9572057 7826539 3904341760 1983427600 152 15334164 1988796744
======================
   8      32 sdc 748914 9 175852272 4533284 9572726 7826539 3904684288 1983579668 155 15335168 1988943388
======================
   8      32 sdc 748914 9 175852272 4533284 9573383 7826539 3905020672 1983723544 138 15336172 1989087224
======================
   8      32 sdc 748914 9 175852272 4533284 9574008 7826539 3905341184 1983863500 153 15337176 1989231160
======================
   8      32 sdc 748914 9 175852272 4533284 9574638 7826539 3905663232 1984010100 92 15338176 1989372224
======================
   8      32 sdc 748915 9 175852280 4533528 9575247 7826539 3905975040 1984139208 131 15339180 1989502520
======================
   8      32 sdc 748915 9 175852280 4533528 9575916 7826539 3906317568 1984282508 134 15340184 1989645932
======================
   8      32 sdc 748915 9 175852280 4533528 9576584 7826539 3906659584 1984425268 138 15341188 1989788864
======================
   8      32 sdc 748915 9 175852280 4533528 9577234 7826539 3906992384 1984565120 128 15342188 1989930856
======================
   8      32 sdc 748915 9 175852280 4533528 9577832 7826539 3907298560 1984707048 138 15343192 1990074976
======================
   8      32 sdc 748915 9 175852280 4533528 9578505 7826539 3907643136 1984853224 137 15344196 1990217164
======================
   8      32 sdc 748915 9 175852280 4533528 9579153 7826539 3907974912 1984996696 129 15345196 1990360308
======================
   8      32 sdc 748915 9 175852280 4533528 9579797 7826539 3908304640 1985140332 157 15346200 1990504108
======================
   8      32 sdc 748915 9 175852280 4533528 9580449 7826539 3908638464 1985283912 145 15347204 1990647936
======================
   8      32 sdc 748915 9 175852280 4533528 9581106 7826539 3908974848 1985427496 128 15348204 1990790892
======================
   8      32 sdc 748915 9 175852280 4533528 9581748 7826539 3909303552 1985570348 158 15349208 1990934292
======================
   8      32 sdc 748915 9 175852280 4533528 9582375 7826539 3909624576 1985711876 35 15350212 1991067380
======================
   8      32 sdc 748916 9 175852288 4533980 9582854 7826539 3909869824 1985817884 140 15351212 1991182432
======================
   8      32 sdc 748916 9 175852288 4533980 9583489 7826539 3910194944 1985961480 145 15352216 1991326220
======================
   8      32 sdc 748916 9 175852288 4533980 9584142 7826539 3910529280 1986105508 132 15353220 1991469812
======================
   8      32 sdc 748916 9 175852288 4533980 9584795 7826539 3910863616 1986246272 221 15354224 1991622368
======================
   8      32 sdc 748916 9 175852288 4533980 9585431 7826539 3911189248 1986391260 225 15355224 1991836580
======================
   8      32 sdc 748916 9 175852288 4533980 9586088 7826539 3911525632 1986548308 208 15356228 1992044280
======================
   8      32 sdc 748916 9 175852288 4533980 9586730 7826539 3911854336 1986803764 174 15357232 1992242628
======================
   8      32 sdc 748916 9 175852288 4533980 9587346 7826539 3912169728 1987026720 134 15358236 1992392108
======================
   8      32 sdc 748916 9 175852288 4533980 9587983 7826539 3912495872 1987170200 137 15359240 1992535148
======================
   8      32 sdc 748916 9 175852288 4533980 9588640 7826539 3912832256 1987311696 152 15360252 1992678612
======================
   8      32 sdc 748916 9 175852288 4533980 9589329 7826539 3913185024 1987458488 135 15361260 1992822424
======================
   8      32 sdc 748916 9 175852288 4533980 9589992 7826539 3913524480 1987601156 98 15362268 1992964544
======================
   8      32 sdc 748916 9 175852288 4533980 9590090 7826539 3913574152 1987623608 1 15363276 1992973208
======================
   8      32 sdc 748917 9 175852296 4535748 9591208 7826965 3914146960 1987650832 159 15364284 1993016920
======================
   8      32 sdc 748917 9 175852296 4535748 9591866 7826965 3914483344 1987794112 141 15365288 1993160508
======================
   8      32 sdc 748917 9 175852296 4535748 9592512 7826965 3914814096 1987937352 135 15366292 1993303768
======================
   8      32 sdc 748917 9 175852296 4535748 9593151 7826965 3915141264 1988081052 136 15367296 1993447308
======================
   8      32 sdc 748917 9 175852296 4535748 9593809 7826965 3915478160 1988224600 150 15368296 1993590200
======================
   8      32 sdc 748917 9 175852296 4535748 9594449 7826965 3915805840 1988367336 150 15369300 1993733676
======================
   8      32 sdc 748917 9 175852296 4535748 9595084 7826965 3916130960 1988510496 155 15370304 1993876852
======================
   8      32 sdc 748917 9 175852296 4535748 9595720 7826965 3916456592 1988657564 128 15371308 1994023716
======================
   8      32 sdc 748917 9 175852296 4535748 9596358 7826965 3916783248 1988800968 129 15372312 1994166884
======================
   8      32 sdc 748917 9 175852296 4535748 9597010 7826965 3917117072 1988943596 149 15373312 1994309300
======================
   8      32 sdc 748917 9 175852296 4535748 9597662 7826965 3917450896 1989086420 116 15374316 1994451900
======================
   8      32 sdc 748917 9 175852296 4535748 9597778 7826965 3917509784 1989111888 1 15375320 1994463180
======================
   8      32 sdc 748918 9 175852304 4537420 9598930 7826984 3918099256 1989145692 145 15376324 1994513064
======================
   8      32 sdc 748918 9 175852304 4537420 9599587 7826984 3918435640 1989288712 142 15377328 1994656532
======================
   8      32 sdc 748918 9 175852304 4537420 9600209 7826984 3918754104 1989431088 128 15378332 1994799656
======================
   8      32 sdc 748918 9 175852304 4537420 9600860 7826984 3919087416 1989575288 149 15379332 1994942772
======================
   8      32 sdc 748918 9 175852304 4537420 9601528 7826984 3919429432 1989718844 153 15380336 1995086336
======================
   8      32 sdc 748918 9 175852304 4537420 9602191 7826984 3919768888 1989862476 130 15381336 1995229224
======================
   8      32 sdc 748918 9 175852304 4537420 9602836 7826984 3920099128 1990004276 157 15382340 1995372292
======================
   8      32 sdc 748918 9 175852304 4537420 9603451 7826984 3920414008 1990147292 150 15383344 1995515724
======================
   8      32 sdc 748918 9 175852304 4537420 9604091 7826984 3920741688 1990291356 150 15384348 1995658756
======================
   8      32 sdc 748918 9 175852304 4537420 9604749 7826984 3921078584 1990434644 132 15385352 1995801968
======================
   8      32 sdc 748918 9 175852304 4537420 9605396 7826984 3921409848 1990577440 64 15386356 1995940284
======================
   8      32 sdc 748919 9 175852312 4537668 9605983 7827435 3921704528 1990678452 32 15387360 1996039852
======================
   8      32 sdc 748919 9 175852312 4537668 9606016 7827435 3921708200 1990687756 0 15387364 1996039868
======================
   8      32 sdc 748919 9 175852312 4537668 9606016 7827435 3921708200 1990687756 0 15387364 1996039868
======================
   8      32 sdc 748919 9 175852312 4537668 9606016 7827435 3921708200 1990687756 0 15387364 1996039868
======================
   8      32 sdc 748919 9 175852312 4537668 9606016 7827435 3921708200 1990687756 0 15387364 1996039868
======================
   8      32 sdc 748919 9 175852312 4537668 9606016 7827435 3921708200 1990687756 0 15387364 1996039868
======================
   8      32 sdc 749137 9 175854050 4544860 9606033 7827435 3921708264 1990687760 17 15387596 1996050464
started
======================
   8      32 sdc 749164 9 175854266 4551832 9606035 7827435 3921708272 1990687760 0 15388064 1996054036
======================
   8      32 sdc 749169 9 175854306 4552048 9606035 7827435 3921708272 1990687760 0 15388280 1996054252
======================
   8      32 sdc 749169 9 175854306 4552048 9606035 7827435 3921708272 1990687760 0 15388280 1996054252
======================
   8      32 sdc 749169 9 175854306 4552048 9606035 7827435 3921708272 1990687760 0 15388280 1996054252
======================
   8      32 sdc 749169 9 175854306 4552048 9606035 7827435 3921708272 1990687760 0 15388280 1996054252
======================
   8      32 sdc 749169 9 175854306 4552048 9606035 7827435 3921708272 1990687760 0 15388280 1996054252
======================
   8      32 sdc 749169 9 175854306 4552048 9606038 7827437 3921708312 1990687760 0 15388280 1996054252
======================
   8      32 sdc 749169 9 175854306 4552048 9607965 7827437 3922691360 1990692720 0 15388424 1996059204
======================
   8      32 sdc 749169 9 175854306 4552048 9608972 7827437 3923205152 1990754656 138 15389120 1996151636
======================
   8      32 sdc 749169 9 175854306 4552048 9609333 7827437 3923389472 1990900788 129 15390128 1996296100
======================
   8      32 sdc 749169 9 175854306 4552048 9609691 7827437 3923572256 1991043488 155 15391136 1996440896
======================
   8      32 sdc 749169 9 175854306 4552048 9610079 7827438 3923770400 1991188328 152 15392144 1996586508
======================
   8      32 sdc 749169 9 175854306 4552048 9610442 7827438 3923954744 1991336216 142 15393152 1996731604
======================
   8      32 sdc 749169 9 175854306 4552048 9610728 7827438 3924100664 1991465600 144 15394156 1996876000
======================
   8      32 sdc 749169 9 175854306 4552048 9611100 7827438 3924290616 1991625840 156 15395168 1997020892
======================
   8      32 sdc 749169 9 175854306 4552048 9611457 7827438 3924472888 1991765800 151 15396172 1997165376
